-0.0026614238782391 -0.0026826492955806 0.002694750898426 -0.0027411911928632 0.002775572430562 -0.0028442061668708 0.0028967483806947 -0.0029850069116123 0.0030262065777432 -0.0031346483715778
-0.0026826492955806 -0.0043618728905826 -0.0021157893257833 0.0025266331216186 -0.0027238330607787 0.002764699524723 -0.0028982467722561 0.0029052939778071 -0.0030809195994404 0.0030039964759282
0.002694750898426 -0.0021157893257833 -0.0041372209070816 -0.0021332735068292 0.0028108207106951 -0.0031333438815923 0.0031633651004353 -0.0033914761760308 0.0033290952746962 -0.0036675310527741
-0.0027411911928632 0.0025266331216186 -0.0021332735068292 -0.003419556386359 -0.0022380128193461 0.0030846530281006 -0.0035149930253492 0.0034942040516685 -0.0038634069556268 0.0036367338982823
0.002775572430562 -0.0027238330607787 0.0028108207106951 -0.0022380128193461 -0.0025673861225174 -0.0024407047009681 0.0033540653150479 -0.0038962574086921 0.0037599095954969 -0.004363272739653
-0.0028442061668708 0.002764699524723 -0.0031333438815923 0.0030846530281006 -0.0024407047009681 -0.0017566520671097 -0.002746062536675 0.0036052878675637 -0.0043114588747897 0.0038449678036205
0.0028967483806947 -0.0028982467722561 0.0031633651004353 -0.0035149930253492 0.0033540653150479 -0.002746062536675 -0.0010737929785516 -0.0031577855662527 0.0037519916157736 -0.0050570345660958
-0.0029850069116123 0.0029052939778071 -0.0033914761760308 0.0034942040516685 -0.0038962574086921 0.0036052878675637 -0.0031577855662527 -0.00065102066575276 -0.0039541329876167 0.0037599678927981
0.0030262065777432 -0.0030809195994404 0.0033290952746962 -0.0038634069556268 0.0037599095954969 -0.0043114588747897 0.0037519916157736 -0.0039541329876167 -0.00055951414984034 -0.0033034872925119
-0.0031346483715778 0.0030039964759282 -0.0036675310527741 0.0036367338982823 -0.004363272739653 0.0038449678036205 -0.0050570345660958 0.0037599678927981 -0.0033034872925119 0.0024728701009623
