0 0.076748170384425
0.196 0.076634121947036
0.392 0.076288693536982
0.588 0.075700757851462
0.784 0.074852567130216
0.98 0.073726317236072
1.176 0.072310779357832
1.372 0.070598913108519
1.568 0.068580176095751
1.764 0.066240481365209
1.96 0.063572054791812
2.156 0.060582858625398
2.352 0.057297744719045
2.548 0.053752994283162
2.744 0.049989464016981
2.94 0.046048961047432
3.136 0.041976421674275
3.332 0.037826240910785
3.528 0.033667382177804
3.724 0.029581437682867
3.92 0.025652000235861
4.116 0.021951604980984
4.312 0.018534929337032
4.508 0.015439348581985
4.704 0.012686512483639
4.9 0.010281928505958
5.096 0.0082154752190917
5.292 0.0064654995932431
5.488 0.0050052284387045
5.684 0.0038070690175768
5.88 0.0028434304347528
6.076 0.0020855124610921
6.272 0.0015028137725394
6.468 0.0010644355264644
6.664 0.00074134087361549
6.86 0.00050800807226043
7.056 0.00034289971059282
7.252 0.00022828180126889
7.448 0.00014997141555925
7.644 9.712099325456e-05
7.84 6.1832509517521e-05
8.036 3.8566195512833e-05
8.232 2.3487148170669e-05
8.428 1.3931601993003e-05
8.624 8.0366007581093e-06
8.82 4.502391186336e-06
9.016 2.4452745361635e-06
9.212 1.2835050360376e-06
9.408 6.4983631449888e-07
9.604 3.1909397536723e-07
