-0.0049160169843882 -0.0015783638184845 0.0011655954816636 -0.0010085270030753 0.00092638701734234 -0.0008798338403968 0.00085321542505163 -0.00083826910724852 0.00083031121231363 -0.00082710810120607
-0.0015783638184845 -0.00533326782702 -0.00060360553117354 0.00060118510429936 -0.00060334949735732 0.00060428559685021 -0.00060782289036778 0.00061372836684063 -0.00062141665697418 0.0006296460730681
0.0011655954816636 -0.00060360553117354 -0.004777259602701 -0.00030685155811051 0.00046816865278928 -0.00054035610354003 0.00057841271822133 -0.00060474437227901 0.00062623052177584 -0.00064535269388029
-0.0010085270030753 0.00060118510429936 -0.00030685155811051 -0.0040470233511491 -0.00015037783953269 0.0004002891968011 -0.00051496213924014 0.00057839161785034 -0.00062108277758525 0.00065420006789014
0.00092638701734234 -0.00060334949735732 0.00046816865278928 -0.00015037783953269 -0.0033218531023867 -8.2463382286248e-05 0.00037243231015837 -0.00051138440546528 0.00059193051274838 -0.00064628550409431
-0.0008798338403968 0.00060428559685021 -0.00054035610354003 0.0004002891968011 -8.2463382286248e-05 -0.0026721808128089 -7.6478145406911e-05 0.0003751879086951 -0.00052506907985866 0.00061635514950191
0.00085321542505163 -0.00060782289036778 0.00057841271822133 -0.00051496213924014 0.00037243231015837 -7.6478145406911e-05 -0.0021158068406416 -0.00011251229814658 0.0004016918180529 -0.00055300802726459
-0.00083826910724852 0.00061372836684063 -0.00060474437227901 0.00057839161785034 -0.00051138440546528 0.0003751879086951 -0.00011251229814658 -0.0016480496738796 -0.00017533557773716 0.00044597235901223
0.00083031121231363 -0.00062141665697418 0.00062623052177584 -0.00062108277758525 0.00059193051274839 -0.00052506907985866 0.0004016918180529 -0.00017533557773716 -0.0012560173241108 -0.00025381535600597
-0.00082710810120607 0.0006296460730681 -0.00064535269388029 0.00065420006789014 -0.00064628550409431 0.00061635514950191 -0.00055300802726459 0.00044597235901223 -0.00025381535600597 -0.00092586846253972
