0.0022917348335198 -0.00043269840400357 0.0009702873240401 -0.0012952814361846 0.0014126546992164 -0.001624413003961 0.0016368883059768 -0.0018338581865773 0.0017835393455908 -0.0019960012701497
-0.00043269840400357 0.006648831256718 -0.0014165073885232 0.0017007283971731 -0.0021653876956018 0.002173709610031 -0.0026021948377449 0.0024752958946676 -0.0029328709861741 0.0026908871963851
0.0009702873240401 -0.0014165073885232 0.0080622545783063 -0.0026388814951707 0.0026515710405467 -0.0031308854059833 0.0030281974953951 -0.0035349178466919 0.0033146612518481 -0.0038771644162219
-0.0012952814361846 0.0017007283971731 -0.0026388814951707 0.0084242353819263 -0.0036050221263271 0.003471292088926 -0.003863222615044 0.0037661144174051 -0.0042053823929939 0.0040439132207099
0.0014126546992164 -0.0021653876956018 0.0026515710405467 -0.0036050221263271 0.0083710806638452 -0.0043970938712035 0.004120578109943 -0.0045057549608542 0.0043387361939345 -0.0048093472357841
-0.001624413003961 0.002173709610031 -0.0031308854059833 0.003471292088926 -0.0043970938712035 0.0082819188706446 -0.0050417356492934 0.0047857207247851 -0.0050499561066703 0.0049708004300128
0.0016368883059768 -0.0026021948377449 0.0030281974953951 -0.003863222615044 0.004120578109943 -0.0050417356492934 0.0081132260420918 -0.0055887455186927 0.0052741822686823 -0.0055639168162845
-0.0018338581865773 0.0024752958946676 -0.0035349178466919 0.0037661144174051 -0.0045057549608542 0.0047857207247851 -0.0055887455186927 0.0081184069511502 -0.0060499681221464 0.0058532626525884
0.0017835393455908 -0.0029328709861741 0.0033146612518481 -0.0042053823929939 0.0043387361939345 -0.0050499561066703 0.0052741822686823 -0.0060499681221464 0.0080510488351016 -0.0064660528320621
-0.0019960012701497 0.0026908871963851 -0.0038771644162219 0.0040439132207099 -0.0048093472357841 0.0049708004300128 -0.0055639168162845 0.0058532626525884 -0.0064660528320621 0.008213182701293
