-0.0022619207450961 -0.0027958500351639 0.0025941933962033 -0.0026049021227322 0.0026629339362288 -0.0027380502073207 0.0028162724999007 -0.0028972603433533 0.0029726293110433 -0.0030491382176274
-0.0027958500351639 -0.0039330456708034 -0.0023618141449967 0.0024492783909003 -0.0025617623379373 0.0026609688428391 -0.0027607831928696 0.0028468408072672 -0.0029398376054731 0.0030134650991533
0.0025941933962033 -0.0023618141449967 -0.0034362725703628 -0.0024970180324893 0.0027491696334363 -0.0029367336887506 0.0030759946078015 -0.0032089131276052 0.0033128762551524 -0.0034301105625849
-0.0026049021227322 0.0024492783909003 -0.0024970180324893 -0.0024597713892776 -0.0026822658200317 0.0030453222296744 -0.0032869057938835 0.0034518572153912 -0.0036100633377124 0.0037241401589279
0.0026629339362288 -0.0025617623379373 0.0027491696334363 -0.0026822658200317 -0.0013628779687763 -0.0029263698072056 0.0033459998476416 -0.0036216466512753 0.0038022154686074 -0.0039791368989171
-0.0027380502073207 0.0026609688428391 -0.0029367336887506 0.0030453222296744 -0.0029263698072056 -0.000303111452675 -0.0032155899442556 0.0036524074074305 -0.0039476112081865 0.0041353237369613
0.0028162724999007 -0.0027607831928696 0.0030759946078015 -0.0032869057938835 0.0033459998476416 -0.0032155899442556 0.00065940436590797 -0.0035370848569229 0.0039651571175439 -0.0042687153898098
-0.0028972603433533 0.0028468408072672 -0.0032089131276052 0.0034518572153912 -0.0036216466512753 0.0036524074074305 -0.0035370848569229 0.0015108399579745 -0.0038790714289863 0.0042820417630784
0.0029726293110433 -0.0029398376054731 0.0033128762551524 -0.0036100633377124 0.0038022154686074 -0.0039476112081865 0.0039651571175439 -0.0038790714289863 0.0022594292537115 -0.0042315506508607
-0.0030491382176274 0.0030134650991533 -0.0034301105625849 0.0037241401589279 -0.0039791368989171 0.0041353237369613 -0.0042687153898098 0.0042820417630784 -0.0042315506508607 0.0029187915407551
