0.0025177967150381 -0.0010017709925994 0.0016976605109441 -0.0021441093085884 0.0023631115176149 -0.0026622304356072 0.0027535517520485 -0.0030208896712634 0.0030365923132707 -0.0033088681597683
-0.0010017709925994 0.0078663108869143 -0.003084103225177 0.003656711895192 -0.0043566179200704 0.004575559649362 -0.0051837548656988 0.0052294184469007 -0.0058348972654215 0.0057428358391501
0.0016976605109441 -0.003084103225177 0.010145477096084 -0.0051698252082359 0.0054950107575657 -0.0062426986854053 0.0063827552026337 -0.0071055842238732 0.007088787829583 -0.0078353458195078
-0.0021441093085884 0.003656711895192 -0.0051698252082359 0.01133002818704 -0.0069409126175319 0.0071301854291701 -0.0078019243780054 0.0079682648868871 -0.0086384094411003 0.0087043068702294
0.0023631115176149 -0.0043566179200704 0.0054950107575657 -0.0069409126175319 0.012062737489015 -0.0085022506022823 0.0085476591710247 -0.0092230602370325 0.0093247627381484 -0.010042664935474
-0.0026622304356072 0.004575559649362 -0.0062426986854053 0.0071301854291701 -0.0085022506022823 0.012737841992943 -0.0098892110283198 0.0099577101351439 -0.010511506613184 0.01071158381562
0.0027535517520485 -0.0051837548656988 0.0063827552026337 -0.0078019243780054 0.0085476591710247 -0.0098892110283198 0.013304345317772 -0.01115799546564 0.011160431493604 -0.011747076904119
-0.0030208896712634 0.0052294184469007 -0.0071055842238732 0.0079682648868871 -0.0092230602370325 0.0099577101351439 -0.01115799546564 0.014033574317816 -0.012323226035235 0.01244572158088
0.0030365923132707 -0.0058348972654215 0.007088787829583 -0.0086384094411003 0.0093247627381484 -0.010511506613184 0.011160431493604 -0.012323226035235 0.014663512596206 -0.01342939990896
-0.0033088681597683 0.0057428358391501 -0.0078353458195078 0.0087043068702294 -0.010042664935474 0.01071158381562 -0.011747076904119 0.01244572158088 -0.01342939990896 0.01552055337504
