0.0074308918084904 -0.0012634398642822 0.0020703944151189 -0.0025890770914622 0.0029936592792246 -0.0033312727033861 0.003623855788668 -0.0038843720329754 0.004121228110112 -0.004339441159894
-0.0012634398642822 0.0079429846017477 -0.0022829428442144 0.0026431701259658 -0.0029469547645863 0.0032185575640036 -0.0034624631784332 0.003684066128492 -0.0038878438277876 0.0040770754580271
0.0020703944151189 -0.0022829428442144 0.0083489545593603 -0.0033624526296055 0.0035601822716213 -0.0037997423144332 0.0040424832957385 -0.004274641832209 0.0044925171133055 -0.0046985915959442
-0.0025890770914622 0.0026431701259658 -0.0033624526296055 0.0084680181849955 -0.0043242996589971 0.0044200174736672 -0.004617716892274 0.0048399085343679 -0.0050639215979861 0.0052787465704952
0.0029936592792246 -0.0029469547645863 0.0035601822716213 -0.0043242996589971 0.0085128491788411 -0.0051798508437085 0.005222138446529 -0.0053939927825418 0.0056010286228481 -0.0058190760301267
-0.0033312727033861 0.0032185575640036 -0.0037997423144332 0.0044200174736672 -0.0051798508437085 0.0085898904733078 -0.0059510835354724 0.0059736530730989 -0.0061324711576585 0.0063287149526958
0.003623855788668 -0.0034624631784332 0.0040424832957385 -0.004617716892274 0.005222138446529 -0.0059510835354724 0.008736446374352 -0.0066586187880611 0.0066824258379011 -0.0068379949664349
-0.0038843720329754 0.003684066128492 -0.004274641832209 0.0048399085343679 -0.0053939927825418 0.0059736530730989 -0.0066586187880611 0.0089578742039643 -0.0073198683669181 0.0073560653743843
0.004121228110112 -0.0038878438277876 0.0044925171133055 -0.0050639215979861 0.0056010286228481 -0.0061324711576585 0.0066824258379011 -0.0073198683669181 0.0092459811014219 -0.0079485884263781
-0.004339441159894 0.0040770754580271 -0.0046985915959442 0.0052787465704952 -0.0058190760301267 0.0063287149526958 -0.0068379949664349 0.0073560653743843 -0.0079485884263781 0.0095882823460583
