-0.0010312135705689 -0.0041381865293893 0.0042198155095619 -0.0044623631397816 0.0047191978034645 -0.0049697596526803 0.0052060970500755 -0.0054316791052006 0.0056409116928344 -0.0058422799631486
-0.0041381865293893 -0.0022930474949911 -0.0042507400197845 0.004608749556359 -0.0049528293374418 0.0052572903932014 -0.0055422548494029 0.0057978976652358 -0.0060477999491615 0.0062682569554676
0.0042198155095619 -0.0042507400197845 -0.0010789666896036 -0.0051081990628013 0.0056410791635409 -0.0060761530234524 0.0064395958267416 -0.006777711440842 0.0070720990745228 -0.0073669183889301
-0.0044623631397816 0.004608749556359 -0.0051081990628013 0.00058934490784898 -0.0059898217264235 0.0066367024397692 -0.0071335683899102 0.0075336339569602 -0.0079094692730052 0.0082273248957944
0.0047191978034645 -0.0049528293374418 0.0056410791635409 -0.0059898217264235 0.0023540745745118 -0.0069070877624237 0.0076109791457778 -0.0081457379489599 0.0085679567166078 -0.0089703178123205
-0.0049697596526803 0.0052572903932014 -0.0060761530234524 0.0066367024397692 -0.0069070877624237 0.0040622684482528 -0.0078503883461424 0.0085706900235011 -0.0091267015412594 0.0095599419966753
0.0052060970500755 -0.0055422548494029 0.0064395958267416 -0.0071335683899102 0.0076109791457778 -0.0078503883461424 0.0056575859507073 -0.00880972905256 0.0095201830756989 -0.010084962992736
-0.0054316791052006 0.0057978976652358 -0.006777711440842 0.0075336339569602 -0.0081457379489599 0.0085706900235011 -0.00880972905256 0.0071287124024339 -0.0097756764917251 0.01045974329693
0.0056409116928344 -0.0060477999491615 0.0070720990745228 -0.0079094692730052 0.0085679567166078 -0.0091267015412594 0.0095201830756989 -0.0097756764917251 0.0084860256371764 -0.010740046832308
-0.0058422799631486 0.0062682569554676 -0.0073669183889301 0.0082273248957944 -0.0089703178123205 0.0095599419966753 -0.010084962992736 0.01045974329693 -0.010740046832308 0.0097443436799826
