-0.0034667590597547 -0.0027235114193224 0.0024432628014579 -0.0024187606400164 0.0024600809866007 -0.0025278503078021 0.0026076457090085 -0.0026923738700042 0.0027783262624416 -0.0028641046225549
-0.0027235114193224 -0.00429010885852 -0.0016802164370656 0.0017882447931662 -0.0018929643986479 0.0019894369904056 -0.0020819171838251 0.0021711926238375 -0.0022575832166936 0.0023403966391174
0.0024432628014579 -0.0016802164370656 -0.0035156388805701 -0.0016266254672088 0.0019014999918523 -0.0020784553468137 0.0022149510329031 -0.00233367829524 0.0024422516296877 -0.0025439156541178
-0.0024187606400164 0.0017882447931662 -0.0016266254672088 -0.0025396074299688 -0.0017311131425931 0.0020967473203012 -0.0023185589850225 0.0024834307003213 -0.002621841059381 0.002745701929629
0.0024600809866007 -0.0018929643986479 0.0019014999918523 -0.0017311131425931 -0.0015632711428046 -0.0019270205783282 0.0023342593544956 -0.0025819140571513 0.002766176168988 -0.0029188526634434
-0.0025278503078021 0.0019894369904056 -0.0020784553468137 0.0020967473203012 -0.0019270205783282 -0.00066107811674109 -0.0021841278924332 0.0026013105550558 -0.002860943047929 0.0030576284526909
0.0026076457090085 -0.0020819171838251 0.0022149510329031 -0.0023185589850225 0.0023342593544956 -0.0021841278924332 0.00014776618477458 -0.0024814131926666 0.0028901186171979 -0.0031518696556296
-0.0026923738700042 0.0021711926238375 -0.00233367829524 0.0024834307003213 -0.0025819140571513 0.0026013105550558 -0.0024814131926666 0.0008674671021581 -0.00280331406169 0.0031944150560856
0.0027783262624416 -0.0022575832166936 0.0024422516296877 -0.002621841059381 0.002766176168988 -0.002860943047929 0.0028901186171979 -0.00280331406169 0.001510629083919 -0.0031387663687076
-0.0028641046225549 0.0023403966391174 -0.0025439156541178 0.002745701929629 -0.0029188526634434 0.0030576284526909 -0.0031518696556296 0.0031944150560856 -0.0031387663687076 0.0020911850843194
