0.0022991097280082 -0.00044633474461365 0.00096825477804705 -0.0012935935006614 0.0013995458182646 -0.0016256428493271 0.0016231118341708 -0.0018391057721628 0.0017672782155572 -0.0020058895528978
-0.00044633474461365 0.0066671433855939 -0.0014472592769634 0.001688762739916 -0.002168097283788 0.0021390997857587 -0.0026108235662664 0.0024388184861943 -0.0029519258605644 0.002647871639581
0.00096825477804705 -0.0014472592769634 0.0080925850233404 -0.0026939828959751 0.0026367956068138 -0.0031347327945962 0.0029808745327829 -0.0035463612128739 0.0032660852382661 -0.0039013684228849
-0.0012935935006614 0.001688762739916 -0.0026939828959751 0.0084795017080261 -0.0036773568714023 0.0034645523160004 -0.0038641803545134 0.0037226897418549 -0.0042111877365881 0.0040025443632004
0.0013995458182646 -0.002168097283788 0.0026367956068138 -0.0036773568714023 0.0084429369043084 -0.0044843871863371 0.0041132215479604 -0.0045061981765151 0.0042871582677609 -0.0048144041370091
-0.0016256428493271 0.0021390997857587 -0.0031347327945962 0.0034645523160004 -0.0044843871863371 0.0083829148200673 -0.0051389859430346 0.0047948088367692 -0.005044849183856 0.0049338039074819
0.0016231118341708 -0.0026108235662664 0.0029808745327829 -0.0038641803545134 0.0041132215479604 -0.0051389859430346 0.0082264701024554 -0.0056937932764534 0.0052811375696831 -0.0055586795888352
-0.0018391057721628 0.0024388184861943 -0.0035463612128739 0.0037226897418549 -0.0045061981765151 0.0047948088367692 -0.0056937932764534 0.0082635085813505 -0.0061581047292204 0.0058823760595359
0.0017672782155572 -0.0029519258605644 0.0032660852382661 -0.0042111877365881 0.0042871582677609 -0.005044849183856 0.0052811375696831 -0.0061581047292204 0.0082013758270718 -0.0065754671388498
-0.0020058895528978 0.002647871639581 -0.0039013684228849 0.0040025443632004 -0.0048144041370091 0.0049338039074819 -0.0055586795888352 0.0058823760595359 -0.0065754671388498 0.008399002204042
