-0.0023032978781261 -0.0027750803499973 0.0025984457381165 -0.0026212932073312 0.0026787886429279 -0.0027514838759326 0.0028280063179241 -0.0029084548645683 0.0029819501233439 -0.0030582337611706
-0.0027750803499973 -0.0039676993106154 -0.0023329517660585 0.0024461889017058 -0.0025788680832976 0.0026797169259069 -0.0027769628776154 0.0028591232871939 -0.0029533788748174 0.003022525462695
0.0025984457381165 -0.0023329517660585 -0.0034975236471175 -0.0024502734889078 0.0027415768634397 -0.0029567983475449 0.0030973087000025 -0.0032281564761873 0.0033260422472954 -0.0034470576169086
-0.0026212932073312 0.0024461889017058 -0.0024502734889078 -0.0025440061907263 -0.0026204934905514 0.0030321332805112 -0.0033084819709592 0.0034743870839043 -0.0036321581616437 0.0037374759770752
0.0026787886429279 -0.0025788680832975 0.0027415768634397 -0.0026204934905514 -0.0014691882433975 -0.0028509401553931 0.003327125352839 -0.0036441246533656 0.0038251839084181 -0.0040031513069802
-0.0027514838759326 0.0026797169259069 -0.0029567983475449 0.0030321332805112 -0.0028509401553931 -0.00042958130164875 -0.0031290669962562 0.0036279571338045 -0.003969728829817 0.0041572524636016
0.0028280063179241 -0.0027769628776154 0.0030973087000025 -0.0033084819709592 0.003327125352839 -0.0031290669962562 0.00051503555155573 -0.0034414880749131 0.0039348680125319 -0.0042906364697372
-0.0029084548645683 0.0028591232871939 -0.0032281564761873 0.0034743870839043 -0.0036441246533656 0.0036279571338045 -0.0034414880749131 0.0013497972410727 -0.0037782037031685 0.0042462813093303
0.0029819501233439 -0.0029533788748174 0.0033260422472954 -0.0036321581616437 0.0038251839084181 -0.003969728829817 0.0039348680125319 -0.0037782037031685 0.0020835070842561 -0.0041276608499952
-0.0030582337611706 0.003022525462695 -0.0034470576169086 0.0037374759770752 -0.0040031513069802 0.0041572524636016 -0.0042906364697372 0.0042462813093303 -0.0041276608499952 0.002727364082201
