-0.0050428784422054 -0.0015612510240583 0.0011899007821238 -0.0010412419106489 0.00095538368257922 -0.00090511951095651 0.00087590372680153 -0.0008585253495058 0.00084824890139876 -0.00084299725909197
-0.0015612510240583 -0.0054120023732413 -0.00055338291809326 0.00060418314566594 -0.00062912810556734 0.00062859049141058 -0.00062761302920251 0.00063136332249639 -0.00063743656371752 0.00064417095705398
0.0011899007821238 -0.00055338291809326 -0.0048750437973609 -0.00024036770627193 0.00046297631427211 -0.00056559330186288 0.00060421616952303 -0.0006254683675586 0.00064493250853878 -0.00066216145536818
-0.0010412419106489 0.00060418314566594 -0.00024036770627193 -0.0041651188321259 -6.863378834053e-05 0.00038847807499429 -0.00053938783379904 0.00060559791418498 -0.000642443989015 0.00067334145965038
0.00095538368257923 -0.00062912810556734 0.00046297631427211 -6.863378834053e-05 -0.0034586869290799 1.2207825349334e-05 0.00035520749688895 -0.00053395225494498 0.00061920456715702 -0.00066831369893701
-0.00090511951095651 0.00062859049141058 -0.00056559330186288 0.00038847807499429 1.2207825349334e-05 -0.0028251218390535 2.8989809297909e-05 0.00035252918535502 -0.00054533441306637 0.00064398655977507
0.00087590372680153 -0.00062761302920252 0.00060421616952303 -0.00053938783379904 0.00035520749688895 2.8989809297908e-05 -0.0022832643083595 7.3142909569432e-07 0.00037522514680036 -0.00056940160838818
-0.0008585253495058 0.00063136332249639 -0.0006254683675586 0.00060559791418498 -0.00053395225494498 0.00035252918535502 7.3142909569417e-07 -0.0018271197057568 -5.6276017403268e-05 0.00041542132580286
0.00084824890139876 -0.00063743656371752 0.00064493250853878 -0.000642443989015 0.00061920456715702 -0.00054533441306637 0.00037522514680036 -5.6276017403268e-05 -0.0014463979895187 -0.00013269605610483
-0.00084299725909197 0.00064417095705398 -0.00066216145536818 0.00067334145965038 -0.00066831369893701 0.00064398655977507 -0.00056940160838818 0.00041542132580286 -0.00013269605610483 -0.001126215411167
