-0.0023034086517501 -0.002775381318009 0.0025986358707768 -0.0026217200564709 0.002679001491203 -0.0027519776336307 0.0028276919555117 -0.0029084881922146 0.0029806768826707 -0.0030586027397893
-0.002775381318009 -0.0039683161280933 -0.0023338321359757 0.0024461811565029 -0.002579714235174 0.0026790492113477 -0.0027779374518346 0.0028574560985585 -0.0029554762498139 0.0030190966637652
0.0025986358707768 -0.0023338321359757 -0.0034990702316798 -0.002451883877614 0.0027407815553821 -0.0029578140346427 0.0030956481766019 -0.0032307995297895 0.0033230805614674 -0.003451477735926
-0.0026217200564709 0.0024461811565029 -0.002451883877614 -0.0025475865934887 -0.0026227901480824 0.0030305209687641 -0.0033109147889682 0.00347187954965 -0.0036366577164111 0.003732345486107
0.002679001491203 -0.002579714235174 0.0027407815553821 -0.0026227901480824 -0.0014754407902223 -0.0028555684650037 0.0033251703072333 -0.0036478608315008 0.0038213574055482 -0.0040096886283677
-0.0027519776336307 0.0026790492113477 -0.0029578140346427 0.0030305209687641 -0.0028555684650037 -0.00043924933685813 -0.0031365774734625 0.0036250766681327 -0.0039750364363386 0.0041515412215369
0.0028276919555117 -0.0027779374518346 0.0030956481766019 -0.0033109147889682 0.0033251703072333 -0.0031365774734625 0.00049998571559557 -0.0034529394438419 0.0039310218327923 -0.004297244273161
-0.0029084881922146 0.0028574560985585 -0.0032307995297895 0.00347187954965 -0.0036478608315008 0.0036250766681327 -0.0034529394438419 0.0013267890229593 -0.0037946436566453 0.0042400733072347
0.0029806768826707 -0.0029554762498139 0.0033230805614674 -0.0036366577164111 0.0038213574055482 -0.0039750364363386 0.0039310218327923 -0.0037946436566453 0.0020485755420033 -0.0041533516861249
-0.0030586027397893 0.0030190966637652 -0.003451477735926 0.003732345486107 -0.0040096886283677 0.0041515412215369 -0.004297244273161 0.0042400733072347 -0.0041533516861249 0.0026752556973475
