-0.0050425912593189 -0.0015620907056529 0.0011908156055465 -0.0010421822629434 0.00095620311223747 -0.00090547606952018 0.00087563185779105 -0.00085783896980685 0.00084768721666367 -0.00084283673160593
-0.0015620907056529 -0.0054123559892695 -0.00055427380617957 0.0006047869388011 -0.00062920236122754 0.00062868786668949 -0.00062793765004567 0.00063196859538443 -0.00063745720969244 0.00064370116506497
0.0011908156055465 -0.00055427380617957 -0.0048764341443233 -0.00024098315709702 0.00046338648775877 -0.00056573578824496 0.00060516627399493 -0.0006260205031543 0.00064568022029575 -0.00066231343286099
-0.0010421822629434 0.0006047869388011 -0.00024098315709702 -0.0041682366332551 -6.9995555703958e-05 0.00039014603816011 -0.00053947541215531 0.00060692145707911 -0.00064297449582609 0.00067427642193947
0.00095620311223747 -0.00062920236122754 0.00046338648775877 -6.9995555703958e-05 -0.0034630424090453 9.8453114072348e-06 0.00035792754273306 -0.00053361335940641 0.00062103358601845 -0.00066841457071628
-0.00090547606952018 0.00062868786668949 -0.00056573578824496 0.00039014603816011 9.8453114072357e-06 -0.0028322959711096 2.5355950521297e-05 0.00035677410281268 -0.0005439472131889 0.00064557557022109
0.00087563185779105 -0.00062793765004567 0.00060516627399492 -0.0005394754121553 0.00035792754273306 2.5355950521297e-05 -0.0022947400414515 -4.4331389804891e-06 0.00038070342482364 -0.00056765012106671
-0.00085783896980685 0.00063196859538443 -0.0006260205031543 0.00060692145707911 -0.00053361335940641 0.00035677410281268 -4.4331389804893e-06 -0.0018458828571447 -6.4894543830241e-05 0.00042406419841775
0.00084768721666368 -0.00063745720969244 0.00064568022029575 -0.0006429744958261 0.00062103358601845 -0.0005439472131889 0.00038070342482364 -6.4894543830241e-05 -0.0014741184566505 -0.00014549353393889
-0.00084283673160593 0.00064370116506497 -0.00066231343286099 0.00067427642193947 -0.00066841457071628 0.00064557557022109 -0.00056765012106671 0.00042406419841775 -0.00014549353393889 -0.0011691059622617
