0.0059939966297035 0.00022220889710902 0.00033266995879551 -0.0006387045926815 0.0008639645218616 -0.0010401076657453 0.0011834430006135 -0.0013056911258201 0.0014128324124961 -0.0015088700411157
0.00022220889710902 0.0066594225086667 -0.00070049101841838 0.00083107265084206 -0.00094013748984131 0.0010546329535313 -0.0011596916874786 0.0012494381429542 -0.0013309449359542 0.0014041339553663
0.00033266995879551 -0.00070049101841838 0.0066358222567981 -0.0013367564755132 0.0012868137474264 -0.0013172259421362 0.0013906381131381 -0.0014755146928192 0.0015507693172072 -0.0016254172631105
-0.00063870459268151 0.00083107265084206 -0.0013367564755132 0.006300666242234 -0.0018458836807628 0.00167915820733 -0.0016576015260326 0.0017011186968496 -0.0017723996051749 0.0018353582174702
0.00086396452186159 -0.00094013748984131 0.0012868137474264 -0.0018458836807628 0.0058905328115491 -0.0022501081504281 0.0020198309704499 -0.0019666977406147 0.001987115931713 -0.0020499084578065
-0.0010401076657453 0.0010546329535313 -0.0013172259421362 0.00167915820733 -0.0022501081504281 0.0055173730524184 -0.0025739819835858 0.0023171263285238 -0.0022491508584315 0.0022499311610635
0.0011834430006135 -0.0011596916874786 0.0013906381131381 -0.0016576015260326 0.0020198309704499 -0.0025739819835858 0.0052204813352174 -0.0028381621103653 0.0025772064382725 -0.0025087993670355
-0.0013056911258201 0.0012494381429542 -0.0014755146928192 0.0017011186968496 -0.0019666977406147 0.0023171263285238 -0.0028381621103653 0.0050051120967228 -0.0030591333715527 0.0028059186511485
0.0014128324124961 -0.0013309449359542 0.0015507693172072 -0.0017723996051749 0.001987115931713 -0.0022491508584315 0.0025772064382725 -0.0030591333715527 0.0048631695155802 -0.0032503232546244
-0.0015088700411157 0.0014041339553663 -0.0016254172631105 0.0018353582174702 -0.0020499084578065 0.0022499311610635 -0.0025087993670355 0.0028059186511485 -0.0032503232546244 0.0047825386780315
