0.0022984884528301 -0.00044884200459726 0.00096369440085783 -0.001299105943839 0.0013917791741281 -0.0016343644512077 0.0016118343433747 -0.0018519700120165 0.0017518809849255 -0.00202398392336
-0.00044884200459726 0.0066579644567079 -0.0014605035711916 0.0016720557638075 -0.0021880490973267 0.0021155571194163 -0.0026387270684153 0.0024069803482247 -0.0029902572929939 0.002604374301203
0.00096369440085783 -0.0014605035711916 0.0080738637562067 -0.0027135353012865 0.0026106161048088 -0.0031614190765482 0.0029474545131453 -0.0035819149749779 0.0032215539073659 -0.0039497058726354
-0.001299105943839 0.0016720557638075 -0.0027135353012865 0.0084619350713654 -0.00369849735706 0.003443733085211 -0.0038892132350159 0.0036972324240442 -0.0042415857877665 0.00396953460917
0.0013917791741281 -0.0021880490973267 0.0026106161048088 -0.00369849735706 0.0084204834743606 -0.0045045654039816 0.0040848285512714 -0.0045308285915367 0.0042533580707552 -0.0048459760413493
-0.0016343644512077 0.0021155571194163 -0.0031614190765482 0.003443733085211 -0.0045045654039816 0.0083734128208727 -0.0051532441552891 0.0047813615211175 -0.0050617297456637 0.0049192873268953
0.0016118343433747 -0.0026387270684153 0.0029474545131453 -0.0038892132350159 0.0040848285512714 -0.0051532441552891 0.0082129523927245 -0.0057021359325136 0.0052579862527604 -0.0055735968071098
-0.0018519700120165 0.0024069803482247 -0.0035819149749779 0.0036972324240442 -0.0045308285915367 0.0047813615211175 -0.0057021359325136 0.0082749463929764 -0.006156210877556 0.0058829476941699
0.0017518809849255 -0.0029902572929939 0.0032215539073659 -0.0042415857877665 0.0042533580707552 -0.0050617297456637 0.0052579862527604 -0.006156210877556 0.0082096296598895 -0.0065647660441322
-0.00202398392336 0.002604374301203 -0.0039497058726354 0.00396953460917 -0.0048459760413493 0.0049192873268953 -0.0055735968071098 0.0058829476941699 -0.0065647660441322 0.008444772307395
