-0.0055670221995477 -0.0017791581830969 0.0013233267053376 -0.0011515956497409 0.0010618524350343 -0.0010117780402628 0.00098370695183669 -0.00096849743189949 0.000960913105653 -0.00095835856918829
-0.0017806439166689 -0.0057921154490757 -0.00061935832505208 0.00065402107193613 -0.00067381754729205 0.00068240049455103 -0.0006922468414383 0.00070257343138947 -0.00071429511704693 0.00072664279135921
0.001325811800663 -0.00062006123746152 -0.0049661445447797 -0.00028494818690784 0.00049951748845841 -0.00060138004502349 0.00065096315394285 -0.00068845445995797 0.00071685617521058 -0.00074126702363171
-0.0011550308210067 0.00065536635269252 -0.00028560545934391 -0.0040298179638573 -0.00013203594751938 0.00042962678960061 -0.0005801390575149 0.00065358587099527 -0.00071033794814139 0.00075196199725305
0.0010661989183108 -0.00067583333545167 0.00050074920697128 -0.00013272028483606 -0.0031647990307748 -8.6473543970991e-05 0.00041004068515208 -0.00058983990031998 0.00067467420922448 -0.00074406693480481
-0.0010170385008734 0.00068496130770312 -0.00060340475813778 0.00043072602678414 -8.7262498886511e-05 -0.0024235799192442 -0.00010748644813936 0.00042505802400126 -0.00062331236933408 0.00071141287030602
0.000989806618922 -0.00069560427604342 0.00065322080621031 -0.00058245288044507 0.00041081115781373 -0.00010855202901445 -0.0018022869861044 -0.0001660459522493 0.00046364366173964 -0.00067302605753047
-0.00097552756816009 0.00070618071978475 -0.00069213480748155 0.00065521094193371 -0.00059297191507267 0.00042491687991361 -0.00016794985078548 -0.0012767809906311 -0.00024053687780026 0.00052125979495728
0.00096864579748353 -0.00071918745079339 0.0007195512870556 -0.00071531077706903 0.00067448197162401 -0.00062899183962417 0.00046021829122366 -0.00024602080297951 -0.00081868058693622 -0.00031254777449285
-0.00096716496091312 0.0007308445838134 -0.00074762809411056 0.00075200380868424 -0.00075334333487075 0.00070448540573449 -0.00068968481925203 0.00050080911905352 -0.00033308226269963 -0.00040140518379749
