0.0059334422045437 0.0014395722780754 -0.00096220335844157 0.00075551794324446 -0.00062970253794732 0.00054439744044729 -0.00048233557496452 0.00043452557647517 -0.00039588829782207 0.00036395918156737
0.0014395027054283 0.005731691099078 0.00025604322876393 -0.0002769318565687 0.00027033183857539 -0.0002512040255634 0.00023349332212993 -0.00021734103408902 0.00020372558540068 -0.00019095379207026
-0.00096208044730815 0.00025600600971864 0.0048925289764444 -0.00013564924050097 -4.8320628134793e-05 0.0001168341844063 -0.00013444681742975 0.00014147830024228 -0.00014062596795448 0.00013897554122672
0.00075533889048362 -0.00027685714581643 -0.0001356879756845 0.0040593092023626 -0.00035062885721602 0.0001002857043398 1.2066830922706e-05 -4.974299222583e-05 7.4212642164161e-05 -8.2442985704005e-05
-0.00062946362573355 0.00027021317258204 -4.8245736740055e-05 -0.00035067643329835 0.0033398439861315 -0.00046584013175899 0.00020096853581878 -6.1454852677489e-05 1.6479086034434e-05 2.2452736619182e-05
0.00054409430154753 -0.0002510482617226 0.00011669695962766 0.00010035028253774 -0.00046591100767563 0.0027504424155383 -0.0005215067944198 0.00026988179932769 -0.00010960117418954 7.0729408982209e-05
-0.00048197069269164 0.00023327303095612 -0.00013431096695678 1.1864254796826e-05 0.00020096178429544 -0.00052166916881084 0.0022730929113289 -0.0005441921539967 0.00032008679857748 -0.00013264232833852
0.00043408746104447 -0.00021711508371471 0.00014117345542121 -4.9736221862657e-05 -6.1925080048037e-05 0.00026946064001567 -0.00054486466182758 0.0018798248256367 -0.00055062120015164 0.00036478980673432
-0.00039539747873896 0.00020335330642598 -0.0001405614141798 7.3491888002589e-05 1.5672925451812e-05 -0.00011160098840102 0.0003169942167846 -0.00055488195367341 0.0015428508728409 -0.00055981586004921
0.00036336372046943 -0.00019075940006577 0.00013811902336155 -8.3528426529068e-05 1.9213123258041e-05 6.4539739979285e-05 -0.00014551306354425 0.00035051682065382 -0.00055617372450771 0.0012378834393512
