0.0059312332759135 0.0014384108794569 -0.00096229084668351 0.00075645596299171 -0.00063060824024799 0.00054544622395432 -0.00048337473875902 0.00043563434087295 -0.0003969885471514 0.00036519389410353
0.0014383385476989 0.005724875857763 0.00025342396805997 -0.00027526428691017 0.00027169151491076 -0.00025172255323547 0.0002346229300037 -0.00021810603486904 0.00020488777693708 -0.00019136958787633
-0.00096216184476504 0.00025338441272566 0.0048802663515146 -0.00013978219582787 -4.3711770260479e-05 0.00011959564908585 -0.00013445507852662 0.00014340780445874 -0.00014083761230084 0.00014198185054175
0.0007562665307398 -0.00027518597450791 -0.00013982581578166 0.0040389139262124 -0.00035693097172827 0.00010971757796917 1.7314208873101e-05 -4.8405580732576e-05 7.8469702828321e-05 -7.7707148655963e-05
-0.00063035575412979 0.00027156007027091 -4.3641245380588e-05 -0.00035699589139671 0.0033072165570592 -0.00047535324019805 0.00021788596575513 -5.1725706620093e-05 2.2716976803631e-05 4.0005380941257e-05
0.00054512217027965 -0.00025156710695134 0.00011941412434222 0.0001097222974719 -0.00047552357528059 0.002699884268195 -0.00053551032809928 0.00029904129864404 -8.7375113716294e-05 8.681438705026e-05
-0.00048299148537871 0.00023435242105951 -0.00013441303272241 1.6833590926824e-05 0.00021738293616639 -0.00053633472084598 0.0021969815649853 -0.00056265340342072 0.0003683229432499 -0.00014772366973955
0.00043515310649004 -0.00021796110658037 0.00014271608716413 -4.931944823825e-05 -5.4133277684577e-05 0.00029477354647183 -0.00056869752867961 0.0017679742762256 -0.0005930698178224 0.00032475438640527
-0.00039650586659605 0.00020415118943784 -0.00014192205695775 7.4750788925392e-05 1.431930516193e-05 -0.00010552204609297 0.00035328696359038 -0.000573867751623 0.0013814144625784 -0.00066254961387342
0.00036440709939491 -0.0001921567524721 0.0001376468026016 -8.9613227745586e-05 1.0082899383324e-05 5.8053586063778e-05 -8.6304943416383e-05 0.00051774968075442 -0.00054173633108192 0.001007275007066
