0.0069033347909268 0.00019784640584782 0.00048158083132445 -0.00084829832693869 0.0011081291814508 -0.0013098253160615 0.0014742928244848 -0.0016151884953257 0.0017382018791694 -0.0018493758078007
0.00019270775546484 0.007428816673565 -0.00090727827217371 0.0010698683535924 -0.0012082384800769 0.0013374217497615 -0.0014520603479952 0.001552173957737 -0.0016449458969057 0.001728278150135
0.00049014948681021 -0.00090971130438202 0.0071598524753148 -0.0016459093043524 0.0016121091335918 -0.001662125410579 0.0017475108647097 -0.0018353732068973 0.001920011184357 -0.0019980461061596
-0.00085996484072605 0.0010747556943299 -0.0016480891439263 0.0066212855753346 -0.0022138840560706 0.00207025030262 -0.0020630270243512 0.0021231033476839 -0.0021872741592571 0.002271942856111
0.0011228899857906 -0.0012149934248169 0.0016168604773424 -0.0022160006602071 0.0060672211584875 -0.0026551432372571 0.0024635213286764 -0.0024160076706231 0.00247029885138 -0.0024984835314098
-0.0013272999072316 0.001346740858835 -0.0016686023178215 0.0020746589480267 -0.0026576284685905 0.0055979428644491 -0.0030095771001165 0.002808416145895 -0.0027224843957387 0.002808623730553
0.001494620038265 -0.0014632215368231 0.001755992464446 -0.0020705989047909 0.0024662463044618 -0.0030136278713862 0.00522939315411 -0.0033084711985723 0.0031252534545158 -0.0029615969559094
-0.0016382772575644 0.0015646118614969 -0.0018481779662819 0.0021281503293178 -0.0024283964325698 0.0028051580907233 -0.0033181286896247 0.0049432502048468 -0.0035693161023886 0.0034500824582048
0.0017631630027862 -0.0016626378622268 0.0019271657365319 -0.002208398646502 0.0024628276852994 -0.0027523554040555 0.0030982415679422 -0.0036049316827601 0.0047090078368575 -0.0038313668487334
-0.0018788276160233 0.001738900796955 -0.002027285111667 0.0022592118038827 -0.0025508047316779 0.0027507266402525 -0.0030726568772771 0.0033349265274254 -0.0038749314517229 0.0044924923240259
