0.0059146737074355 0.00024294230736355 0.00034651073743346 -0.0006633372666354 0.00088617674485442 -0.0010589082444695 0.0012000160660446 -0.0013202142192786 0.0014256347284517 -0.0015203906165543
0.00024294230736355 0.00660878325487 -0.00066103612485323 0.00082986759383817 -0.0009612111706169 0.0010758459214659 -0.0011764278920882 0.0012643805561119 -0.0013443603321999 0.0014158303946549
0.00034651073743345 -0.00066103612485323 0.006560225925805 -0.001281030675072 0.0012795848650197 -0.0013389019134085 0.0014144699796012 -0.0014941783286629 0.0015672062770103 -0.0016402752611352
-0.0006633372666354 0.00082986759383816 -0.001281030675072 0.0062038623994018 -0.0017744852739347 0.00166668985018 -0.0016798743111545 0.0017267386262473 -0.0017924652497398 0.0018528202039328
0.00088617674485442 -0.0009612111706169 0.0012795848650197 -0.0017744852739347 0.0057749460287554 -0.0021653826569425 0.0020023221353965 -0.0019886719119462 0.0020134678797521 -0.0020706976152166
-0.0010589082444695 0.0010758459214659 -0.0013389019134085 0.00166668985018 -0.0021653826569425 0.0053855229197224 -0.0024777370830568 0.0022945614331194 -0.0022698195445591 0.0022763209980909
0.0012000160660446 -0.0011764278920882 0.0014144699796012 -0.0016798743111545 0.0020023221353965 -0.0024777370830568 0.0050749137140641 -0.002732154362772 0.0025499509695272 -0.0025274877822768
-0.0013202142192786 0.0012643805561119 -0.0014941783286629 0.0017267386262473 -0.0019886719119462 0.0022945614331194 -0.002732154362772 0.004848752095789 -0.0029453650684618 0.002774537268882
0.0014256347284517 -0.0013443603321999 0.0015672062770103 -0.0017924652497398 0.0020134678797521 -0.0022698195445591 0.0025499509695272 -0.0029453650684618 0.0046989532846816 -0.0031308848512516
-0.0015203906165543 0.0014158303946549 -0.0016402752611352 0.0018528202039328 -0.0020706976152166 0.0022763209980909 -0.0025274877822768 0.002774537268882 -0.0031308848512516 0.0046127328673948
