-0.0022629441038691 -0.0027957119511811 0.0025941096949645 -0.0026053124126621 0.0026631383486913 -0.002738894636148 0.0028161128311724 -0.0028982471166316 0.0029717375168907 -0.0030505955023727
-0.0027957119511811 -0.0039349476080566 -0.0023623381512794 0.0024488874787373 -0.0025629432313007 0.0026600992741635 -0.0027631702699217 0.0028446503792618 -0.0029437515630961 0.0030088627820209
0.0025941096949645 -0.0023623381512794 -0.0034398604344661 -0.0024984933434643 0.0027478100761664 -0.0029389337095446 0.0030736083874718 -0.0032134505789211 0.0033081170891048 -0.0034377859905829
-0.0026053124126621 0.0024488874787373 -0.0024984933434643 -0.0024663579010322 -0.0026853303954809 0.003042596345445 -0.0032906175654387 0.0034474505591367 -0.0036175007894777 0.0037158540960375
0.0026631383486913 -0.0025629432313007 0.0027478100761664 -0.0026853303954809 -0.0013736729127623 -0.0029320659565125 0.0033418683401978 -0.00362716396719 0.003795534512111 -0.0039895396297688
-0.002738894636148 0.0026600992741635 -0.0029389337095446 0.003042596345445 -0.0029320659565125 -0.00031987280754821 -0.0032253311094863 0.0036464017497256 -0.0039550950580373 0.0041252866586628
0.0028161128311724 -0.0027631702699217 0.0030736083874718 -0.0032906175654387 0.0033418683401978 -0.0032253311094863 0.00063433610139354 -0.0035523479052695 0.0039569500324334 -0.0042787690712523
-0.0028982471166316 0.0028446503792618 -0.0032134505789211 0.0034474505591367 -0.00362716396719 0.0036464017497256 -0.0035523479052695 0.0014734501765163 -0.0039027059972367 0.0042703108148887
0.0029717375168907 -0.0029437515630961 0.0033081170891048 -0.0036175007894777 0.003795534512111 -0.0039550950580373 0.0039569500324334 -0.0039027059972367 0.0022047583185067 -0.0042679269229469
-0.0030505955023727 0.0030088627820209 -0.0034377859905829 0.0037158540960375 -0.0039895396297688 0.0041252866586628 -0.0042787690712523 0.0042703108148887 -0.0042679269229469 0.0028382391675663
