-0.0060938074696145 -0.001550542480561 0.0014205960318433 -0.0012616072378546 0.0011431222152419 -0.0010676910863165 0.0010173807059049 -0.00098375537822638 0.00095995649313899 -0.00094352117224014
-0.001550542480561 -0.006261765596475 -0.00024531323566984 0.00073213296654764 -0.00078347808929674 0.00076062692926933 -0.00074802694018476 0.0007359274960086 -0.00073174657179935 0.00072913654794069
0.0014205960318433 -0.00024531323566984 -0.0058166430094527 0.00020643369212596 0.0005571382018696 -0.00070433723374323 0.00072187533185178 -0.00074133560482532 0.00074560728315439 -0.00075463709291414
-0.0012616072378546 0.00073213296654764 0.00020643369212596 -0.0051966540341614 0.00046617149308327 0.00044936947353179 -0.00065765632743807 0.00070542572513509 -0.0007503518745811 0.00076720712661681
0.0011431222152419 -0.00078347808929674 0.0005571382018696 0.00046617149308327 -0.0045517709644507 0.00060090964448296 0.00038279428807283 -0.00062685376395377 0.00069777570201433 -0.00076510896673397
-0.0010676910863165 0.00076062692926933 -0.00070433723374322 0.00044936947353179 0.00060090964448296 -0.0039482258350552 0.00064744980003988 0.00034731990016989 -0.00061112975387791 0.00070141766374268
0.0010173807059049 -0.00074802694018476 0.00072187533185178 -0.00065765632743807 0.00038279428807283 0.00064744980003988 -0.0034099620936573 0.00063075321223218 0.00034071733303399 -0.00060741219289319
-0.00098375537822638 0.0007359274960086 -0.00074133560482532 0.00070542572513509 -0.00062685376395377 0.00034731990016989 0.00063075321223218 -0.002935485795266 0.00057326485565633 0.00035401142959734
0.00095995649313899 -0.00073174657179935 0.00074560728315439 -0.0007503518745811 0.00069777570201433 -0.00061112975387791 0.00034071733303399 0.00057326485565634 -0.0025226471429774 0.00048638552315734
-0.00094352117224014 0.00072913654794069 -0.00075463709291414 0.00076720712661681 -0.00076510896673397 0.00070141766374268 -0.00060741219289319 0.00035401142959734 0.00048638552315734 -0.002160368325199
