0.0066553637269037 0.00014598419074126 0.00018019335797926 -0.00047337070984637 0.00072151372088635 -0.00091543217379989 0.0010752553028846 -0.001209285987078 0.0013269807257856 -0.0014320257326698
0.00014598419074126 0.0072136871204218 -0.00097864244782356 0.00073743121021924 -0.00080154735845513 0.00093970296152695 -0.0010513428107266 0.0011579172071458 -0.0012479046868358 0.0013292110834473
0.00018019335797926 -0.00097864244782356 0.0073450952275466 -0.0017385912182367 0.0012160156679653 -0.0011783739227144 0.0012833021774913 -0.0013649631866849 0.0014575752715839 -0.0015392185334127
-0.00047337070984637 0.00073743121021924 -0.0017385912182367 0.0071454742372213 -0.0023343036452748 0.0016350607661919 -0.0015290635364583 0.0016063945348295 -0.0016648094750421 0.0017448783715909
0.00072151372088635 -0.00080154735845513 0.0012160156679653 -0.0023343036452748 0.0068361092396496 -0.0027992710284532 0.0020030111508569 -0.0018561927116 0.0019094964827792 -0.0019501946832833
-0.00091543217379989 0.00093970296152695 -0.0011783739227144 0.0016350607661919 -0.0027992710284532 0.0065242738127415 -0.0031624427768597 0.0023282570690061 -0.0021617775946701 0.0021910185190798
0.0010752553028846 -0.0010513428107266 0.0012833021774913 -0.0015290635364583 0.0020030111508569 -0.0031624427768597 0.0062545716315568 -0.0034495714386984 0.0026149645260733 -0.0024441445923417
-0.001209285987078 0.0011579172071458 -0.0013649631866849 0.0016063945348295 -0.0018561927116 0.0023282570690061 -0.0034495714386984 0.0060371916803187 -0.0036786089422115 0.0028723440022989
0.0013269807257856 -0.0012479046868358 0.0014575752715839 -0.0016648094750421 0.0019094964827792 -0.0021617775946701 0.0026149645260733 -0.0036786089422115 0.0058741477588897 -0.0038691169270953
-0.0014320257326698 0.0013292110834473 -0.0015392185334127 0.0017448783715909 -0.0019501946832833 0.0021910185190798 -0.0024441445923417 0.0028723440022989 -0.0038691169270953 0.0057546169539335
