0.0059602282087952 0.00028759095191446 0.00032351862451057 -0.00065505960620217 0.0008768809095596 -0.0010595847873835 0.0011868579417384 -0.001342960776742 0.0013318398308767 -0.0016944317545081
0.00028759095191446 0.0067579412305931 -0.00060178859256854 0.00078688286962155 -0.00096849489231117 0.001041440206484 -0.0012288016609329 0.0010990435590558 -0.0017441872370889 0.0014072008426452
0.00032351862451057 -0.00060178859256854 0.0068081285800383 -0.0011996419272826 0.0011806087202207 -0.0014100077762707 0.0012204709291059 -0.0019285339120613 0.0012999093496445 0.00051028828978088
-0.00065505960620217 0.00078688286962155 -0.0011996419272826 0.0065741242992495 -0.0016915049591121 0.0013784572416634 -0.0021152166500415 0.0013468094136547 -0.00030952294801031 0.0060470301436577
0.0008768809095596 -0.00096849489231117 0.0011806087202207 -0.0016915049591121 0.0062350239482596 -0.0023070989335409 0.0014427466013873 -0.00096926839214646 0.0052753275896624 -0.00062360071058324
-0.0010595847873835 0.001041440206484 -0.0014100077762707 0.0013784572416634 -0.0023070989335409 0.0060009205047859 -0.0011758087107446 0.0047466618603519 -0.0011529006666039 -0.00013743326097589
0.0011868579417384 -0.0012288016609329 0.0012204709291059 -0.0021152166500415 0.0014427466013873 -0.0011758087107446 0.0092112489779358 -0.00093379036463084 3.0538932052145e-05 -0.0034593728957414
-0.001342960776742 0.0010990435590558 -0.0019285339120613 0.0013468094136547 -0.00096926839214646 0.0047466618603519 -0.00093379036463084 0.0054019166675089 -0.0024544379145087 0.0022420991101193
0.0013318398308767 -0.0017441872370889 0.0012999093496445 -0.00030952294801031 0.0052753275896624 -0.0011529006666039 3.0538932052146e-05 -0.0024544379145087 0.0088821218010133 -0.0030688192491476
-0.0016944317545081 0.0014072008426452 0.00051028828978088 0.0060470301436577 -0.00062360071058324 -0.00013743326097589 -0.0034593728957414 0.0022420991101193 -0.0030688192491476 0.010318728787202
