-0.0057344590511298 -0.0028966125516734 0.0038941983796653 -0.0042430593952006 0.0015231783978521 0.0023526326333799 0.012473761815118 -0.018997998227139 0.00010490314990055 0.010244603494141
-0.0028966125516734 -0.00953471803931 -0.0020743035816478 0.00048716986170685 -0.0017623386642516 0.022038363751581 0.0017692214227759 -0.015833001602155 -0.0134968886327 0.0036867009584693
0.0038941983796653 -0.0020743035816478 -0.01663096167503 0.00011020923797912 0.021530525306656 -0.0016398812178652 -0.0027674185852587 0.0068696167604814 -0.016114476812631 -0.024802161583065
-0.0042430593952006 0.00048716986170685 0.00011020923797912 -0.001149536432069 0.00084316042091272 0.00091532517980127 0.0048379782987836 -0.0061671840026932 -0.0041914826311523 0.010444473260904
0.0015231783978521 -0.0017623386642516 0.021530525306656 0.00084316042091272 -0.028509202380412 0.0059980581092817 -0.0019422871404279 -0.0059464563817232 0.026043918604295 0.013167422153663
0.0023526326333799 0.022038363751581 -0.0016398812178652 0.00091532517980127 0.0059980581092817 -0.042621979256989 -0.0055102852997054 0.036322884034796 0.015103843520325 0.0022397938409839
0.012473761815118 0.0017692214227759 -0.0027674185852587 0.0048379782987836 -0.0019422871404279 -0.0055102852997054 -0.018185376452644 0.026943663226155 0.0079209625813689 -0.026216966851742
-0.018997998227139 -0.015833001602155 0.0068696167604814 -0.0061671840026932 -0.0059464563817232 0.036322884034796 0.026943663226155 -0.059278035934422 -0.018455816180275 0.038072663412892
0.00010490314990055 -0.0134968886327 -0.016114476812631 -0.0041914826311523 0.026043918604295 0.015103843520325 0.0079209625813689 -0.018455816180275 -0.027009529666994 -0.020823404734099
0.010244603494141 0.0036867009584693 -0.024802161583065 0.010444473260904 0.013167422153663 0.0022397938409839 -0.026216966851742 0.038072663412892 -0.020823404734099 -0.034935915339144
