0.012149321811937 0.001070389089055 -0.0019640070019625 0.0001290565142389 0.004265424421092 0.0011212944485078 -0.015462104553031 0.0090665465703964 0.011532023156442 -0.02149407056428
0.001070389089055 0.014471472087413 -0.0032976859682183 0.0026880945197278 0.011777791004216 -0.012101371338326 -0.02123204203625 0.013259916967082 0.0097684713267648 -0.0019403548676022
-0.0019640070019625 -0.0032976859682183 0.02196947190458 0.0091383852054391 -0.0094495477393574 -0.013423766784277 0.0030145423401131 -0.018098580185884 0.0098110657759757 0.034874273248027
0.0001290565142389 0.0026880945197278 0.0091383852054391 0.016029284034886 -0.015746799202199 0.00089178085508458 -0.014196069202361 -0.0027513375663268 0.0089257364060054 0.017702841304811
0.004265424421092 0.011777791004216 -0.0094495477393574 -0.015746799202199 0.032863830412579 -0.018892857789714 -0.0083378075696652 0.015404809846021 0.0058272500673727 -0.021677934784712
0.0011212944485078 -0.012101371338326 -0.013423766784277 0.00089178085508457 -0.018892857789714 0.032644392410361 0.0099913019746757 0.0022691806671566 -0.016122459802797 -0.022123148836704
-0.015462104553031 -0.02123204203625 0.0030145423401131 -0.014196069202361 -0.0083378075696652 0.0099913019746757 0.054756468399165 -0.027679471605381 -0.029291379016038 0.01830284433311
0.0090665465703964 0.013259916967082 -0.018098580185884 -0.0027513375663268 0.015404809846021 0.0022691806671566 -0.027679471605381 0.027683440033088 0.0062518928571183 -0.035181878409088
0.011532023156442 0.0097684713267648 0.0098110657759757 0.0089257364060054 0.0058272500673727 -0.016122459802797 -0.029291379016038 0.0062518928571183 0.02660332649643 -0.0017652758686374
-0.02149407056428 -0.0019403548676022 0.034874273248027 0.017702841304811 -0.021677934784712 -0.022123148836704 0.01830284433311 -0.035181878409088 -0.0017652758686373 0.088541378938199
