0.0044265685438918 0.0008745096892441 -0.0005846252979543 0.00045489534040425 -0.00037417336712483 0.00031795862165537 -0.00027919137942768 0.0002492346665582 -0.00022554786414872 0.00020656240726993
0.00087442165172128 0.0043062969612613 0.00029844328704193 -0.0002370745617642 0.00020228888527946 -0.00018164463525376 0.00016061881690056 -0.00014836121697057 0.00013802044739564 -0.00012909450010434
-0.0005845488770717 0.00029845783286077 0.0040591012040161 9.0196391846964e-05 -0.00012332787288892 0.0001237747179166 -0.00012376803580376 0.00011475359177854 -0.00011162300633395 0.0001079921995221
0.00045483470547595 -0.00023710787501799 9.0215271333272e-05 0.0036950036570562 -4.8648584839989e-05 -3.8958533800069e-05 6.604907169539e-05 -8.0875743934653e-05 8.0700307647208e-05 -8.421916465972e-05
-0.00037412981149863 0.00020234179391801 -0.00012336662329273 -4.8628561938516e-05 0.0032987065245835 -0.00014513331727307 2.4670629772521e-05 2.0693016411618e-05 -4.6393389775285e-05 5.321143057123e-05
0.00031793286067836 -0.00018171744683511 0.00012383384043013 -3.8998876356204e-05 -0.00014511280575943 0.0029097698235707 -0.00021059033638876 7.195881335788e-05 -1.4681208508392e-05 -1.8551522175635e-05
-0.00027918362523404 0.0001607117088007 -0.00012384707877175 6.6109801097555e-05 2.4629186819374e-05 -0.00021056962229412 0.0025500831772829 -0.00025187263494538 0.00010588175983247 -4.1722872742083e-05
0.0002492453402809 -0.00014847375370795 0.00011485252290776 -8.0957645815032e-05 2.0754963898969e-05 7.1917196247196e-05 -0.00025185155364382 0.0022291039223085 -0.00027484413868606 0.00012902099769277
-0.00022557721530416 0.00013815186259567 -0.00011174318981592 8.0802237546296e-05 -4.6476047115698e-05 -1.4618277099866e-05 0.00010583971946845 -0.00027482289848551 0.0019489810923396 -0.00028433348191669
0.00020661004199294 -0.00012924629656269 0.00010813208765533 -8.4341161262279e-05 5.3315497130103e-05 -1.8634991671758e-05 -4.1659427108687e-05 0.00012897815518073 -0.00028431199960918 0.0017075980523983
