-0.0026530811978183 -0.0026735441779428 0.0026851068049523 -0.0027340923860211 0.0027721612304614 -0.0028379141615679 0.0028955732847489 -0.0029747142243433 0.0030288882790873 -0.0031158528976868
-0.0026735441779428 -0.0043366912968755 -0.0021068687616897 0.0025146784786968 -0.0027100078708708 0.0027655506074711 -0.0028797528027682 0.0029184794940092 -0.0030440998358619 0.0030456123341565
0.0026851068049523 -0.0021068687616897 -0.0040901367876949 -0.0021170600787834 0.0027952958609268 -0.0031064697589699 0.0031741339284772 -0.0033515164602294 0.0033714248214073 -0.0035759819019611
-0.0027340923860211 0.0025146784786968 -0.0021170600787834 -0.003342001869345 -0.0022076880489867 0.003069499004752 -0.0034667844528727 0.003527814419999 -0.0037798071257363 0.0037473033699749
0.0027721612304614 -0.0027100078708708 0.0027952958609268 -0.0022076880489867 -0.0024439694769983 -0.0023869275353083 0.0033464411795169 -0.0038099272677887 0.0038398847394317 -0.0041893813727355
-0.0028379141615679 0.0027655506074711 -0.0031064697589699 0.003069499004752 -0.0023869275353083 -0.0015621429205852 -0.0026486556707989 0.0036222391816158 -0.0041566238270502 0.0040987538265817
0.0028955732847489 -0.0028797528027682 0.0031741339284772 -0.0034667844528727 0.0033464411795169 -0.0026486556707989 -0.0007705045142102 -0.0029877140278892 0.0038865850977741 -0.0045192185326269
-0.0029747142243433 0.0029184794940092 -0.0033515164602294 0.003527814419999 -0.0038099272677887 0.0036222391816158 -0.0029877140278892 -0.00011548607804813 -0.0033967778441628 0.0040986142104124
0.0030288882790873 -0.0030440998358619 0.0033714248214073 -0.0037798071257363 0.0038398847394317 -0.0041566238270502 0.0038865850977741 -0.0033967778441628 0.00036463595939304 -0.0040422622506163
-0.0031158528976868 0.0030456123341565 -0.0035759819019611 0.0037473033699749 -0.0041893813727355 0.0040987538265817 -0.0045192185326269 0.0040986142104124 -0.0040422622506163 0.00046346804269847
