0.0070770954658612 0.0013908891774614 -0.0012176668199526 0.0009854976344387 -0.00081999079189722 0.00070364147706295 -0.00061636124349953 0.00054846889037036 -0.00049378359920868 0.0004488398008574
0.0013908891774614 0.0067727214912561 -7.9672381672615e-05 -0.00046526968890489 0.00045259970236534 -0.00040245271217189 0.00036233643382837 -0.00032740333153022 0.00029856741210701 -0.00027593826138345
-0.0012176668199526 -7.9672381672615e-05 0.0062069731674264 -0.00061420093778435 -0.00021955875926163 0.00028493506919351 -0.0002809050803684 0.00026905829717321 -0.00025516193029724 0.00023455377459529
0.0009854976344387 -0.00046526968890489 -0.00061420093778435 0.0056125423265566 -0.00093127732228293 -5.3442776018709e-05 0.00015191304541868 -0.00018771645792707 0.00019064152151877 -0.00019567179751546
-0.00081999079189722 0.00045259970236534 -0.00021955875926162 -0.00093127732228293 0.0050651024303344 -0.0011169044644063 5.5272727166791e-05 3.5440672768811e-05 -0.00010619744595205 9.6325316807551e-05
0.00070364147706295 -0.00040245271217189 0.00028493506919351 -5.3442776018708e-05 -0.0011169044644063 0.004598893312252 -0.0012163808013165 0.00011970937193474 -8.64652483658e-05 -9.4278798423131e-05
-0.00061636124349953 0.00036233643382837 -0.0002809050803684 0.00015191304541868 5.5272727166791e-05 -0.0012163808013165 0.0042331596306819 -0.0012751770261877 8.2690205924579e-05 -0.00015620660193802
0.00054846889037036 -0.00032740333153022 0.00026905829717321 -0.00018771645792707 3.544067276881e-05 0.00011970937193474 -0.0012751770261877 0.0039100140510865 -0.0012636213891548 0.00053201751437055
-0.00049378359920868 0.00029856741210701 -0.00025516193029724 0.00019064152151877 -0.00010619744595205 -8.64652483658e-05 8.2690205924579e-05 -0.0012636213891548 0.0042018134477359 -0.00042245918060473
0.0004488398008574 -0.00027593826138345 0.00023455377459529 -0.00019567179751546 9.6325316807552e-05 -9.4278798423131e-05 -0.00015620660193802 0.00053201751437055 -0.00042245918060473 0.0036010949466857
