-0.010970372241012 -0.0020623026058327 0.0023491279172652 -0.0019483071780693 0.001713626428201 -0.0015310500515396 0.0014050791773353 -0.0013092715222667 0.0012378882166311 -0.0011821140586559
-0.0020623026058327 -0.010913781512234 0.00044552924755229 0.0012510974282783 -0.001110510457268 0.001089132949754 -0.0010097340873562 0.0009681305251131 -0.00092478306437472 0.00089484819232541
0.0023491279172652 0.00044552924755229 -0.010437937191973 0.0013871383846234 0.00088578028257254 -0.00087175358133785 0.00096124180648629 -0.00092272745410821 0.00091933925979597 -0.00089588292685391
-0.0019483071780693 0.0012510974282783 0.0013871383846234 -0.0096704542308553 0.0019007678919789 0.00059734994288649 -0.00068769086006819 0.00085634498178399 -0.00085530294253304 0.00088249380591428
0.001713626428201 -0.001110510457268 0.00088578028257254 0.0019007678919789 -0.0087918946256749 0.0021583273303453 0.00036564879848464 -0.0005371533427975 0.00076125494708437 -0.00079732755876208
-0.0015310500515396 0.001089132949754 -0.00087175358133785 0.00059734994288649 0.0021583273303453 -0.0079216411990158 0.002250502303472 0.00019090703354064 -0.0004190746365968 0.00068221159355149
0.0014050791773353 -0.0010097340873562 0.00096124180648629 -0.00068769086006819 0.00036564879848464 0.002250502303472 -0.0071154586657998 0.0022326771486065 7.4444511522855e-05 -0.00033137035846552
-0.0013092715222667 0.0009681305251131 -0.00092272745410821 0.00085634498178399 -0.0005371533427975 0.00019090703354064 0.0022326771486065 -0.0063908808657242 0.0021433422961983 1.1755422541155e-05
0.0012378882166311 -0.00092478306437472 0.00091933925979596 -0.00085530294253304 0.00076125494708437 -0.0004190746365968 7.4444511522856e-05 0.0021433422961983 -0.0057512378701442 0.0020097460556333
-0.0011821140586559 0.00089484819232541 -0.00089588292685391 0.00088249380591428 -0.00079732755876209 0.00068221159355149 -0.00033137035846552 1.1755422541155e-05 0.0020097460556333 -0.0051981220738652
