-0.0042088533710791 -0.0024295054595179 0.0031812916063066 -0.0031607410998021 0.0031206892855855 -0.0031387352993318 0.0031563500961448 -0.0031966018325411 0.0032342551270231 -0.0032860580143787
-0.0024295054595179 -0.0060955469651112 -0.0012222892028532 0.0029777502847521 -0.0031173397358741 0.0031007844792283 -0.0031728934720788 0.0031918081168668 -0.003257983146372 0.003284798705889
0.0031812916063066 -0.0012222892028532 -0.0066042682909305 -0.0008562298267967 0.0032010412157237 -0.0034488732620578 0.0034966158508509 -0.0036270152788112 0.0036590315985865 -0.0037661146572032
-0.0031607410998021 0.0029777502847521 -0.0008562298267967 -0.0063243045313389 -0.0007017253910877 0.003370916948264 -0.0036978334740225 0.0038174930368121 -0.0039995182636333 0.004040685171033
0.0031206892855855 -0.0031173397358741 0.0032010412157237 -0.0007017253910877 -0.0056192559304294 -0.0007451646292467 0.0035229468965035 -0.003908626276515 0.0040922396689104 -0.0043183003370972
-0.0031387352993318 0.0031007844792283 -0.0034488732620578 0.003370916948264 -0.0007451646292467 -0.0047227947363408 -0.00093761849495736 0.0036773923820212 -0.0041065037628131 0.004339996680749
0.0031563500961448 -0.0031728934720788 0.0034966158508509 -0.0036978334740225 0.0035229468965035 -0.00093761849495736 -0.0037721191250525 -0.0012331667438654 0.0038501291164374 -0.0043087898359238
-0.0031966018325411 0.0031918081168668 -0.0036270152788112 0.0038174930368121 -0.003908626276515 0.0036773923820212 -0.0012331667438654 -0.0028405625908261 -0.0015999530756169 0.0040483185721051
0.0032342551270231 -0.003257983146372 0.0036590315985865 -0.0039995182636333 0.0040922396689104 -0.0041065037628131 0.0038501291164374 -0.0015999530756169 -0.0019604585080285 -0.0020123173014393
-0.0032860580143787 0.003284798705889 -0.0037661146572032 0.004040685171033 -0.0043183003370972 0.004339996680749 -0.0043087898359238 0.0040483185721051 -0.0020123173014393 -0.0011475595386561
