0.0096361067121884 0.00023605265816453 -0.00060881291785477 0.00015201353976952 0.00018464290776795 -0.00044954077617251 0.00066579410172884 -0.0008427928218047 0.00099399320246661 -0.0011246442955054
0.00023605265816453 0.01016180605366 -0.0018214189252115 0.00014223868077529 -0.00036634333920498 0.00053540561721042 -0.00068903236751371 0.00082964759220217 -0.00094668440643669 0.0010532176156885
-0.00060881291785477 -0.0018214189252115 0.010689251017747 -0.0029837391349764 0.00073149877763797 -0.00083976174050296 0.00091980205118729 -0.0010311640012113 0.0011457380168559 -0.0012461501611274
0.00015201353976952 0.00014223868077529 -0.0029837391349764 0.010707576332079 -0.003783345250867 0.001283835181179 -0.0012964081292065 0.0012956875804034 -0.0013728667908755 0.001460833886298
0.00018464290776795 -0.00036634333920498 0.00073149877763797 -0.003783345250867 0.010424481924196 -0.0043322362161326 0.001786548208251 -0.0017271766111551 0.0016575820347278 -0.0017062570172729
-0.00044954077617251 0.00053540561721042 -0.00083976174050296 0.001283835181179 -0.0043322362161326 0.010014825451704 -0.0047082811765199 0.0022325030342306 -0.0021252803102647 0.0019974704044539
0.00066579410172884 -0.00068903236751371 0.00091980205118729 -0.0012964081292065 0.001786548208251 -0.0047082811765199 0.009580861879688 -0.0049649263155528 0.0026171798245249 -0.0024862734110046
-0.0008427928218047 0.00082964759220217 -0.0010311640012113 0.0012956875804034 -0.0017271766111551 0.0022325030342306 -0.0049649263155528 0.0091721546279037 -0.0051379675952573 0.0029435688928053
0.00099399320246661 -0.00094668440643669 0.0011457380168559 -0.0013728667908755 0.0016575820347278 -0.0021252803102647 0.0026171798245249 -0.0051379675952573 0.0088127007059027 -0.0052530422455919
-0.0011246442955054 0.0010532176156885 -0.0012461501611274 0.001460833886298 -0.0017062570172729 0.0019974704044539 -0.0024862734110046 0.0029435688928053 -0.0052530422455919 0.0085151957622593
