0.0026880075814546 -0.00078827270867866 0.00075321540184147 -0.0010479042146776 0.0012012513469603 -0.0014595891870359 0.0014659363727258 -0.0017225831688856 0.0016392975056649 -0.0019217758149237
-0.00078827270867866 0.0078885441611655 -0.0023038910818667 0.0012520853592895 -0.0016562744775302 0.0017347885634089 -0.0022693033691549 0.0021026219750541 -0.00270879362785 0.0023614700736047
0.00075321540184147 -0.0023038910818667 0.010546391053096 -0.0040847818327244 0.0021699213679215 -0.0026158664233067 0.0025438916083637 -0.003169454062516 0.0028823797120386 -0.003626124332252
-0.0010479042146776 0.0012520853592895 -0.0040847818327244 0.01178762895826 -0.0054632634569041 0.0030755350262592 -0.0034169800192619 0.003325455091577 -0.0038399976693401 0.0036363319968969
0.0012012513469603 -0.0016562744775302 0.0021699213679215 -0.0054632634569041 0.012279505684076 -0.0065142045473324 0.0038329011206937 -0.004173503921295 0.0039390655891628 -0.0044868899213143
-0.0014595891870359 0.0017347885634089 -0.0026158664233067 0.0030755350262592 -0.0065142045473324 0.012497971793039 -0.0072937371117155 0.0046593764689915 -0.0048345271791603 0.0046755396232884
0.0014659363727258 -0.0022693033691549 0.0025438916083637 -0.0034169800192619 0.0038329011206937 -0.0072937371117155 0.01240891106879 -0.0078940705945897 0.0052626720327648 -0.0054738706629668
-0.0017225831688856 0.0021026219750541 -0.003169454062516 0.003325455091577 -0.004173503921295 0.0046593764689915 -0.0078940705945897 0.012417173825762 -0.0083448603137269 0.0059988364224975
0.0016392975056649 -0.00270879362785 0.0028823797120386 -0.0038399976693401 0.0039390655891628 -0.0048345271791603 0.0052626720327648 -0.0083448603137269 0.012222988692519 -0.0087115732390963
-0.0019217758149237 0.0023614700736047 -0.003626124332252 0.0036363319968969 -0.0044868899213143 0.0046755396232884 -0.0054738706629668 0.0059988364224975 -0.0087115732390963 0.012291707101704
