-0.0023132101569456 -0.0027837534152864 0.002602054785921 -0.0026249916929796 0.0026765803862088 -0.0027551730168103 0.0028210458041085 -0.0029177804059852 0.0029663185309713 -0.0030806132790033
-0.0027837534152864 -0.004003340184623 -0.0023498271065788 0.002446274074343 -0.0025915067035251 0.0026662888809449 -0.002799584000296 0.0028234496697429 -0.003006803792333 0.0029390590297254
0.002602054785921 -0.0023498271065788 -0.0035673407705636 -0.0024845963321351 0.0027367138620499 -0.0029851593886478 0.0030638734468038 -0.0032825399637145 0.0032413441223639 -0.003582090996988
-0.0026249916929796 0.002446274074343 -0.0024845963321351 -0.0026627333177875 -0.0026836089020581 0.0030156729692277 -0.0033637159153187 0.0034045999994332 -0.0037483419954419 0.0035427350259006
0.0026765803862088 -0.0025915067035251 0.0027367138620499 -0.0026836089020581 -0.0016603205437681 -0.0029596267373109 0.0032908248066727 -0.0037463427352012 0.0036795387726612 -0.0042835149975532
-0.0027551730168103 0.0026662888809449 -0.0029851593886478 0.0030156729692277 -0.0029596267373109 -0.00073010860390858 -0.0033149392798557 0.0035367132582525 -0.0042049744455539 0.003726213355979
0.0028210458041085 -0.002799584000296 0.0030638734468038 -0.0033637159153187 0.0032908248066727 -0.0033149392798557 3.767274121074e-05 -0.0037993109272204 0.0036208001859137 -0.0049160864148219
-0.0029177804059852 0.0028234496697429 -0.0032825399637145 0.0034045999994332 -0.0037463427352012 0.0035367132582525 -0.0037993109272204 0.00047506410067678 -0.0045748287122852 0.003878121489404
0.0029663185309713 -0.003006803792333 0.0032413441223639 -0.0037483419954419 0.0036795387726612 -0.0042049744455539 0.0036208001859137 -0.0045748287122852 0.00089059168858281 -0.0038906405474469
-0.0030806132790033 0.0029390590297254 -0.003582090996988 0.0035427350259006 -0.0042835149975532 0.003726213355979 -0.0049160864148219 0.003878121489404 -0.0038906405474469 0.0033469048349918
