0.0022957159091382 -0.00046749019959453 0.00092334288512103 -0.0013467637713573 0.001324514807355 -0.0017146193402996 0.0015082012392575 -0.0019758472181377 0.0015931226133821 -0.0022174992298459
-0.00046749019959453 0.0066011190149623 -0.0015652559676899 0.0015296024022547 -0.0023595663000318 0.0019110225227448 -0.0028917808868404 0.0021045494500743 -0.0033701697746977 0.0021338396418563
0.00092334288512103 -0.0015652559676899 0.0079599944846781 -0.0028645802283731 0.0023849619387611 -0.0033869078495806 0.0026469500939336 -0.0039156053827495 0.0027823920401992 -0.00447604868998
-0.0013467637713573 0.0015296024022547 -0.0028645802283731 0.008387598033327 -0.0038463191200741 0.0032593920832643 -0.0040964571692431 0.0034673828119539 -0.0045451391823967 0.0036008395484887
0.001324514807355 -0.0023595663000318 0.0023849619387611 -0.0038463191200741 0.0083342339012775 -0.0046291900540623 0.0038277358257552 -0.0047499625748261 0.0039134149744432 -0.0052436374678529
-0.0017146193402996 0.0019110225227448 -0.0033869078495806 0.0032593920832643 -0.0046291900540623 0.0084562179971182 -0.0052123910350911 0.0046436680233421 -0.0052442520097132 0.0046458891084178
0.0015082012392575 -0.0028917808868404 0.0026469500939336 -0.0040964571692431 0.0038277358257552 -0.0052123910350911 0.0083100864892555 -0.005715266694991 0.0049219287544181 -0.0059951724490989
-0.0019758472181377 0.0021045494500743 -0.0039156053827495 0.0034673828119539 -0.0047499625748261 0.0046436680233421 -0.005715266694991 0.0086170614017116 -0.0062355181380511 0.0054046484683293
0.0015931226133821 -0.0033701697746977 0.0027823920401992 -0.0045451391823967 0.0039134149744432 -0.0052442520097132 0.0049219287544181 -0.0062355181380511 0.008296487311102 -0.0065541792382982
-0.0022174992298459 0.0021338396418563 -0.00447604868998 0.0036008395484887 -0.0052436374678529 0.0046458891084178 -0.0059951724490989 0.0054046484683293 -0.0065541792382982 0.01038364712345
