-0.0050586051678722 -0.0015770476101087 0.0011997347056671 -0.0010457215375609 0.00095836553883603 -0.0009071396767446 0.00087817921439487 -0.00086089472443129 0.00085020799302945 -0.00084729059881516
-0.0015770476101087 -0.0054598111393935 -0.00057013253352887 0.00061961508356443 -0.0006335929021902 0.00063340367826836 -0.00062850811610029 0.00063302141903367 -0.00064282016965366 0.00063800199975562
0.0011997347056671 -0.00057013253352887 -0.0049523550400204 -0.00026465715143368 0.00049023777637318 -0.00056842029171712 0.00061285797781122 -0.00062834083831926 0.00063878042335558 -0.00069843922056184
-0.0010457215375609 0.00061961508356443 -0.00026465715143368 -0.0042835414488552 -0.00010310115405062 0.00043374372138339 -0.00054103686423097 0.00061272318069387 -0.0006710231123907 0.00059302936109948
0.00095836553883603 -0.0006335929021902 0.00049023777637318 -0.00010310115405062 -0.003635071780056 -4.0121263931325e-05 0.00041968102993415 -0.00055246781840118 0.00057074258216265 -0.00076282060612936
-0.00090713967674459 0.00063340367826836 -0.00056842029171712 0.00043374372138339 -4.0121263931325e-05 -0.0030901001524301 -6.9002139669704e-05 0.00039726531387511 -0.00061424223839358 0.00086346062489506
0.00087817921439487 -0.00062850811610029 0.00061285797781122 -0.00054103686423097 0.00041968102993415 -6.9002139669703e-05 -0.0027184181910656 -0.00019250548488452 0.00068264131904872 0.00036837708803903
-0.00086089472443129 0.00063302141903367 -0.00062834083831926 0.00061272318069387 -0.00055246781840118 0.00039726531387511 -0.00019250548488452 -0.002231920333352 0.00059155390545667 0.0017558713858429
0.00085020799302945 -0.00064282016965366 0.00063878042335558 -0.0006710231123907 0.00057074258216265 -0.00061424223839358 0.00068264131904872 0.00059155390545667 -0.001158143328233 -0.00066321262434271
-0.00084729059881516 0.00063800199975562 -0.00069843922056184 0.00059302936109948 -0.00076282060612936 0.00086346062489505 0.00036837708803903 0.0017558713858429 -0.00066321262434271 -0.0037094583156826
