0.081107565413343 0.11934679052642 0.067596111642857 0.046239123985089 0.034672109684631
0.045034732457163 0.057794261779294 0.044779023045575 0.036449351958274 0.030652598001331
0.031176262813236 0.036833912281466 0.031141439410939 0.026951512621488 0.023733917900151
0.023840415366821 0.027016866719197 0.023831797201284 0.021311765905033 0.019266018975315
0.019299321093159 0.021330131545422 0.019296401864303 0.017614066948801 0.016198236161998
0.016211409570194 0.017620828638008 0.016210206116769 0.015007478048153 0.013969277413742
0.013975345317795 0.015010435279382 0.013974777340035 0.013072187112951 0.012278247581081
0.012281360657978 0.013073645839069 0.012281064683161 0.011578747067245 0.010951912880852
0.010953644337687 0.011579533743419 0.010953477962025 0.010391444251805 0.0098839696617842
0.0098849952414774 0.010391898760099 0.0098848959444925 0.0094249382277687 0.0090056895549725
