6.773049024 241 1400.296453
6.771240886 240 1416.652116
7.547914045 210 1440.895233
7.367121236 223 1431.088666
7.696173224 244 1422.819067
5.869896987 261 1420.696182
6.54413901 232 1414.658234
6.745454674 238 1434.357362
6.035012941 246 1423.728521
6.814715698 242 1391.393953
7.308630338 196 1425.199957
6.871605994 251 1408.383726
5.905326554 261 1434.848701
7.081923568 223 1403.465178
6.140522348 231 1436.6049
7.279462398 224 1395.903072
6.558621484 263 1427.011352
6.207882224 251 1397.981905
6.943175209 233 1441.474952
7.031691257 228 1417.183598
7.129508116 220 1398.021968
6.271210942 247 1394.458416
6.8505682 258 1406.201879
7.328119806 211 1441.517487
6.224175565 265 1431.702679
7.355500846 224 1437.777048
7.027407419 227 1388.39001
6.160306927 245 1437.19432
6.858677537 224 1408.60732
6.814743405 239 1394.300293
7.679304985 234 1397.269623
7.041851905 240 1409.823572
6.918785652 238 1413.115331
7.072622185 233 1401.464001
6.630165806 235 1437.41648
7.054174791 226 1417.619339
6.903732429 230 1425.055315
6.351194808 241 1422.706496
6.976734016 236 1416.140398
7.039717782 213 1418.785532
5.993419003 270 1441.841652
7.060551552 233 1389.008351
6.100544107 267 1441.99881
6.369188938 258 1411.800976
8.013394343 197 1431.114526
7.2180524 234 1392.917927
6.450169577 244 1441.852722
6.544394541 243 1423.394866
6.682342898 243 1430.188633
6.542391895 252 1391.809057
6.753000981 254 1417.043298
6.972833865 234 1405.715167
6.973363745 234 1418.445271
7.687425371 226 1428.921925
6.013676646 270 1406.292788
6.587258889 234 1408.821199
7.35800401 237 1412.584723
6.464329718 241 1423.853043
6.623791617 244 1421.065776
7.112548467 230 1421.318606
6.349124891 251 1427.75776
7.199162293 233 1406.145062
7.011763775 235 1396.731494
6.482176594 247 1407.67181
6.81842495 233 1389.715835
6.867531225 254 1406.195402
6.734116699 252 1438.311315
6.641250121 246 1428.465593
6.273966282 251 1392.911773
7.152425248 222 1422.693736
6.351513393 244 1408.476374
7.710309082 235 1422.645815
6.991625458 276 1411.66456
6.581304629 249 1421.816855
6.774956574 231 1406.716342
6.998504056 211 1406.087073
6.256224032 265 1417.280198
7.670301084 214 1398.217758
6.506621955 237 1409.57401
7.026161751 223 1442.458999
6.649263959 229 1393.961962
6.213305974 248 1418.702376
7.385007269 232 1390.09064
7.6339619 219 1411.5218
6.480512093 241 1430.61614
6.928348452 247 1439.810431
6.568890185 256 1396.650984
6.637002069 259 1418.812462
6.801832808 226 1410.259441
6.606238312 225 1422.557221
6.393250778 255 1434.452782
6.859162123 228 1408.831722
6.750389011 251 1422.202483
6.279009358 260 1402.728509
7.276382571 224 1391.111828
6.645457386 251 1414.54454
6.312110428 240 1413.523144
7.094755374 214 1399.186229
6.298366546 244 1409.124589
6.953063132 244 1425.972093
7.392267951 225 1429.8764
6.349252551 239 1413.363637
6.74833575 226 1396.124754
6.973812779 226 1431.430212
7.768723336 210 1395.212207
6.537645174 232 1409.709267
7.226139056 225 1413.87628
6.939039538 233 1433.174952
7.052792644 235 1437.779907
7.03971266 247 1436.735982
7.157848276 245 1419.774156
6.174474338 245 1438.028087
7.550017315 237 1394.180344
7.098068065 231 1398.337489
7.152411842 235 1389.334252
7.176295149 252 1416.719143
6.227631712 260 1393.821722
7.048851638 226 1428.699139
6.367589266 243 1406.23269
6.814429737 236 1390.14709
7.902664926 208 1415.298767
6.921045596 221 1399.00227
8.060795992 203 1400.582498
6.555206028 243 1423.239608
7.245274195 244 1412.773215
6.221199591 268 1400.225056
6.561639021 250 1436.233102
7.343391282 227 1401.362706
7.118211879 228 1442.907336
6.698865906 231 1429.996533
6.170609662 265 1416.127472
7.749574743 227 1395.467172
7.210417911 225 1424.482134
6.332425717 261 1388.59083
7.280876288 211 1414.406614
6.321456192 259 1390.336134
6.661168886 253 1405.128239
6.514536243 252 1430.07925
7.501124334 211 1413.71672
5.849420638 248 1428.180593
7.596876786 213 1396.906462
7.009184589 235 1405.422648
6.202151558 268 1402.726959
7.075181121 229 1397.896607
7.278870233 226 1440.117845
6.9262398 255 1410.079896
6.532571489 242 1408.884525
7.24294824 218 1412.89704
6.709135217 237 1393.489049
6.619739973 242 1425.475889
6.65091944 241 1433.891399
6.611981747 234 1422.541827
6.554161796 238 1407.153038
6.699830757 255 1400.823354
6.78612481 239 1407.848929
6.392857439 235 1431.323207
7.136417507 237 1409.261069
6.89028959 215 1441.190213
6.642524624 241 1391.106295
6.875830286 214 1419.375718
6.997120042 215 1423.703007
6.785494267 234 1389.482677
6.980565274 226 1422.806586
7.082574494 257 1422.718628
7.533294828 212 1418.652484
7.237626573 207 1401.379361
6.725927114 252 1391.963239
7.068123202 241 1442.094782
7.615259064 242 1390.04277
6.872281356 235 1399.224074
7.027874945 228 1424.839359
6.144888881 267 1441.12809
6.694781665 212 1408.697905
6.641312393 239 1426.42419
6.813412975 232 1401.179106
7.187370105 232 1427.564772
6.492044471 239 1439.235429
6.828632765 230 1433.296158
6.856373935 234 1407.302414
6.491572853 240 1441.473889
6.398295689 262 1432.698236
6.078917419 230 1433.064465
6.933751898 213 1430.968322
6.432510074 235 1389.788017
7.160281249 227 1425.213916
6.945972854 219 1414.627728
6.50147981 229 1414.007257
7.561599228 231 1424.528928
7.62946332 201 1412.606723
6.432179012 235 1441.100478
6.365051408 245 1409.218119
6.272583369 248 1426.563374
6.699000918 240 1427.121604
6.668675851 232 1408.438719
6.994636019 250 1417.777824
6.869135225 244 1396.179826
7.042114271 235 1442.096091
7.036743018 230 1441.279256
7.040074659 217 1437.103946
7.017398612 228 1441.418969
6.348243331 250 1412.841436
8.083790958 214 1436.391645
6.889581407 235 1394.052217
7.297134527 208 1392.378789
7.730898262 208 1429.798341
6.692790584 235 1403.52539
6.979018769 242 1402.634926
7.314450322 219 1412.900785
7.142842729 206 1396.670255
6.985174275 218 1434.634205
7.426435013 217 1390.291219
7.055871425 264 1434.592596
6.484877636 251 1414.785961
7.203506976 245 1423.637557
6.756806333 229 1408.923338
6.672821591 228 1435.638377
6.86818459 230 1416.1561
7.50967918 229 1394.980441
6.044537905 247 1393.026434
7.214591155 237 1436.500973
7.394942841 202 1395.069078
7.636625252 209 1426.687245
7.299119463 225 1408.126583
6.491431769 238 1405.927477
6.023482665 255 1430.876067
7.55586676 212 1416.483241
7.626545661 221 1399.156935
6.352135712 243 1410.092633
6.485350148 237 1424.455784
6.953513966 235 1390.11526
7.062789852 226 1423.015468
6.505606973 253 1428.042622
6.525869897 234 1421.785696
6.578199149 228 1437.13682
7.175060562 245 1402.816716
7.354061605 206 1411.61957
6.198510123 255 1421.331432
6.293339872 252 1426.648313
6.531806804 239 1425.90328
6.196885139 243 1424.694377
7.43240292 224 1433.020868
6.657891981 218 1415.578983
6.645727123 240 1438.333507
6.911035463 238 1433.534514
7.016232386 243 1432.340299
6.696186079 232 1415.090234
7.290544903 244 1428.1731
7.158781692 235 1414.174609
6.008974462 257 1392.942817
6.728276302 243 1427.636192
7.248099544 242 1405.950476
7.302821421 211 1412.57986
6.2079613 240 1427.030174
6.774153277 242 1392.899713
7.436592283 222 1411.065173
6.800171461 233 1431.494819
7.141383623 223 1390.088711
6.94967879 239 1411.623437
6.563537053 230 1439.89105
6.914644942 225 1402.412451
6.053242581 242 1416.449764
6.509980819 235 1441.888064
6.09885567 257 1433.947384
6.902470399 231 1437.722092
7.143353085 246 1436.294525
6.773971311 236 1390.342343
6.510551787 235 1409.985102
6.654499889 232 1414.694752
6.107418751 244 1405.601807
6.006352163 282 1413.156122
7.104193514 229 1392.044339
6.712588336 226 1426.173178
6.758256502 228 1408.771448
6.976559304 227 1418.331612
6.977983281 210 1435.584614
6.265153265 233 1393.665981
5.50721379 253 1414.533286
6.920094885 224 1404.885179
6.261739201 243 1416.722928
6.106052942 241 1414.794409
7.171079459 217 1408.765391
6.823643084 235 1427.725924
7.173511076 225 1408.776377
6.954466715 239 1428.170821
6.526290211 231 1425.368549
6.666730998 247 1395.717019
6.255798451 227 1399.158846
6.791072887 250 1410.069161
6.276261443 239 1425.172475
6.955255356 229 1439.803906
6.632484329 236 1393.658046
6.78692331 243 1435.724243
6.518126849 234 1399.209994
7.364484291 234 1424.315081
6.337019029 235 1390.676069
6.503356671 249 1394.693068
7.028334761 217 1441.225383
7.794406981 225 1414.316702
6.80317354 211 1415.915322
6.443334477 220 1429.062022
7.375750253 208 1419.461095
6.688580036 246 1442.738361
6.20589444 242 1394.481182
7.240453954 229 1394.09384
7.287698501 230 1429.084264
6.534352308 247 1398.7895
6.99678953 243 1430.310285
6.806227697 255 1396.027049
7.014763242 234 1428.510633
6.276202117 259 1430.372316
6.816544881 218 1414.669074
7.065597167 266 1429.395012
6.017393183 248 1407.945753
6.646220571 260 1407.285549
6.879978012 238 1407.857904
6.173529169 258 1416.387081
6.615071025 241 1390.383015
7.248527404 239 1432.451761
6.623554948 215 1422.679165
6.56502615 259 1427.212206
7.456635476 215 1425.849333
6.952942218 222 1428.44277
7.458103139 211 1395.429891
7.528012042 226 1429.391956
7.103670841 227 1391.820489
6.931532342 232 1425.405693
6.892745668 236 1440.701585
5.981220733 259 1434.963468
6.645606648 238 1405.727702
6.758553511 238 1410.545987
7.515891669 216 1391.429217
6.836197884 234 1388.609905
6.835948831 236 1437.019157
6.398549576 251 1409.144762
6.870791471 242 1416.972203
7.241932136 224 1425.974092
6.726616927 251 1428.77293
7.225215368 222 1388.281186
5.915677316 280 1416.421464
7.19859497 248 1422.968928
6.976379064 241 1415.514801
7.425902602 222 1391.929202
6.802405923 214 1401.46707
7.465968149 205 1436.573729
7.37214856 237 1409.547804
6.272559636 271 1422.591928
7.40371757 244 1410.812126
6.637210208 225 1431.138799
7.239228309 236 1417.443033
6.880021266 229 1397.002138
6.503647765 244 1428.691225
6.497918956 250 1415.532748
6.967071856 230 1441.19293
6.879304707 248 1408.816559
6.291563657 258 1410.882702
7.203261336 230 1440.368308
6.709887966 239 1431.584966
7.05654954 239 1399.034658
6.309654511 254 1429.241672
6.702682852 229 1389.375463
7.075028867 232 1406.310484
7.200643252 223 1402.261252
6.881646775 229 1429.399043
6.266105639 247 1419.342221
6.415426599 230 1424.964163
7.065675735 230 1394.370777
6.822899674 226 1407.742114
6.454469456 228 1434.226739
6.251490178 255 1390.804087
7.606727256 235 1390.758563
6.614853568 225 1416.093476
6.680836303 231 1404.383088
6.922882119 242 1393.849037
6.778505346 236 1403.799411
6.746959684 248 1406.678256
7.348326174 218 1422.26922
6.212955341 239 1403.602331
7.056176239 227 1406.197545
6.533929165 233 1413.166786
6.966448098 242 1398.685761
6.402254802 237 1414.642976
6.682494204 225 1437.351893
6.582879041 239 1429.94617
7.02124248 215 1403.686995
6.186496702 224 1419.158272
7.644617849 233 1398.999631
6.190823861 249 1423.92353
6.985463895 237 1388.298448
6.254309689 238 1442.373025
6.870409896 241 1413.943121
7.090308035 234 1441.537385
6.218939458 248 1437.527071
6.851374258 245 1402.770662
6.48126318 251 1423.82673
5.534201814 252 1395.906687
6.595828004 243 1428.671529
6.988397648 235 1399.878481
6.849499711 239 1434.580824
6.017850834 245 1436.234708
5.800311043 259 1429.944112
7.166283122 230 1393.570657
6.962803171 234 1408.910621
7.011464579 209 1388.360154
5.975972583 243 1404.742507
6.11676777 265 1414.518579
6.309020519 242 1412.595068
6.829124657 246 1421.677788
6.825036582 232 1407.741839
6.609705356 220 1393.18649
6.541151917 235 1416.315774
7.030327832 249 1427.909192
6.514748481 251 1443.469187
6.761565924 226 1416.578396
6.436170296 260 1425.479584
7.620428244 219 1422.66094
6.935487164 217 1405.909447
6.245501397 239 1439.865591
7.018834091 222 1430.333768
7.068136188 223 1409.045583
6.928294828 223 1403.909853
7.252348649 236 1430.264931
7.17773257 221 1396.443251
7.664289519 215 1391.999572
6.311026082 261 1438.979194
6.033187597 256 1400.414466
7.020071037 228 1406.710028
5.9085912 253 1391.931278
7.367348806 222 1401.757191
7.175282494 235 1411.187543
7.032852238 232 1388.210376
6.642418544 259 1404.314707
6.954971125 223 1431.680479
6.864464455 231 1406.582436
6.415550835 237 1390.454363
6.920353931 233 1433.698547
6.238507468 250 1421.904822
6.562521666 225 1439.749944
6.826476937 249 1420.74915
6.730498868 237 1424.551953
6.47430444 232 1393.514125
6.39683974 252 1424.739921
6.426956668 245 1389.631478
6.58931514 227 1409.807083
7.233259848 238 1437.326341
6.527892723 233 1427.433038
6.431645171 227 1404.584042
6.649057162 214 1426.463342
7.149398605 228 1399.717675
7.120670849 221 1395.398038
8.090036797 215 1403.639237
6.373538538 251 1442.741821
7.321285447 225 1389.793439
6.84168213 228 1426.605163
6.735138088 249 1430.990847
6.872995411 252 1430.350874
6.674775701 240 1424.101019
7.027886572 240 1410.608636
6.874647999 229 1392.541483
6.87286406 256 1405.19802
6.595560527 257 1404.812536
7.314685117 220 1431.115116
6.741656515 254 1438.746257
6.85758437 240 1412.350464
6.806731665 233 1391.384429
6.781123248 233 1435.745301
7.178983759 232 1391.781049
7.27771485 210 1420.599405
7.43567253 228 1407.210768
6.643382832 250 1437.87571
6.554381384 247 1411.482119
7.062802207 232 1390.54382
5.996254517 264 1429.785297
6.5974829 251 1438.007978
6.275004178 237 1412.207117
6.690022346 219 1402.922301
6.748080347 243 1408.324493
8.096486444 215 1396.408086
6.699196123 245 1430.894716
6.942847555 230 1392.274963
7.212546384 225 1432.822987
6.612116827 244 1405.16916
6.619481776 232 1390.217663
6.764403822 220 1435.964396
7.502469598 223 1414.676091
6.837099513 241 1419.996641
6.523838611 271 1437.298188
6.723602907 232 1412.828491
6.684494588 222 1433.805845
7.024657792 209 1427.422623
7.177717369 237 1400.266193
7.023270596 198 1398.688865
6.777436207 244 1434.268723
6.369777862 236 1430.841576
7.072096017 235 1415.677104
7.55466111 227 1428.879471
6.308708656 241 1427.63652
5.453221388 276 1428.549474
7.112374526 236 1430.605651
6.94210053 233 1389.753631
6.727523292 221 1413.887065
6.452557771 259 1403.539709
6.439579309 231 1428.588991
7.130939798 227 1391.542584
6.885948091 213 1388.34919
6.434927887 249 1416.756385
6.433756247 256 1435.911233
7.201855057 236 1394.469539
5.917817259 254 1396.372767
6.375392624 252 1426.167629
6.064066201 255 1422.341223
7.581926142 225 1406.823001
7.079268682 229 1408.100434
6.804441418 235 1391.251323
7.24252067 229 1393.883447
6.407126949 246 1433.059209
7.184082241 235 1440.175676
6.33749494 244 1443.156331
7.078995392 237 1407.061331
7.141243883 225 1393.596411
7.192157489 240 1433.11834
5.786684446 243 1434.537765
7.037338537 252 1439.114187
6.712863815 254 1435.433956
7.728326502 223 1414.501902
6.80695873 237 1391.396987
5.676985218 244 1441.832919
7.497430524 224 1404.409655
7.652263928 206 1425.432953
7.844240807 216 1441.239037
6.819915409 250 1397.725419
6.328814406 229 1393.148044
6.195331989 240 1402.674071
5.992431138 285 1406.975852
6.116094411 238 1391.311617
6.575980441 248 1443.34395
6.971154427 215 1403.853648
6.506883801 242 1419.92944
6.986114783 230 1395.215591
6.486746173 252 1393.796735
6.612949621 236 1414.702032
7.28426431 213 1411.267917
6.929031055 245 1424.99949
7.196232764 227 1441.083879
7.010175354 221 1443.701121
6.333202833 263 1399.462221
6.607397314 243 1433.153452
6.482826906 229 1410.642303
7.029180558 239 1419.506422
6.102146606 247 1443.241212
6.616234845 246 1393.153675
6.968323631 221 1434.938296
6.274166198 261 1430.118094
6.656625829 247 1413.991617
7.092923919 226 1391.286161
7.243026156 218 1440.934374
6.872381313 251 1402.416038
6.826389024 234 1417.670077
7.540034291 224 1424.158789
6.767919445 235 1417.791886
6.39629755 253 1399.481872
7.839876713 230 1441.849496
6.456865095 233 1399.859172
6.440898017 220 1407.230646
7.431095814 238 1415.088766
6.642638802 230 1432.098436
6.388984171 261 1441.995523
6.770346239 251 1397.877829
6.976011777 214 1409.530401
6.968644569 227 1438.589846
6.491248945 261 1440.015171
7.145292809 226 1421.747355
7.205976357 233 1434.383666
6.737990579 229 1440.215786
6.496401462 248 1390.888382
6.044729798 252 1429.157819
6.653286096 216 1404.095686
6.412898585 235 1427.952052
6.021249047 253 1426.655012
7.252849643 233 1433.223574
7.335247356 210 1426.836169
6.651019752 251 1443.688844
7.410668462 207 1395.460558
5.768575386 251 1436.560665
7.925224789 204 1440.385813
6.548561057 240 1396.182947
6.703700751 230 1407.191713
7.385908294 222 1424.594039
6.412649804 218 1402.044728
7.336366544 228 1393.17094
6.169109266 262 1441.073984
6.273497466 247 1426.070162
6.694903921 225 1432.581927
6.949038337 245 1388.445564
8.19915938 201 1417.918081
6.459115891 222 1438.690549
6.923371582 258 1427.274079
7.253707559 222 1434.679979
7.019782262 219 1393.858502
6.395717226 260 1426.74637
7.249939821 228 1403.942899
6.766502852 233 1428.588768
6.697554612 217 1414.003801
7.494672555 226 1429.542659
6.677133389 244 1440.122698
7.157872944 237 1440.220952
7.568672896 216 1400.238466
6.852672661 238 1412.233267
5.912056225 263 1426.464614
6.563314636 250 1414.026693
7.084425183 226 1435.573901
6.602934671 234 1395.872219
7.022182009 245 1434.736369
6.764058815 254 1419.089618
6.645209952 224 1396.877002
7.066214618 227 1425.00007
7.695790046 208 1414.593408
6.467368824 242 1425.046133
6.601399684 232 1401.923961
7.041733673 232 1423.945921
7.0939805 229 1408.757818
6.869918205 238 1410.317846
6.355484728 243 1417.96458
6.838583693 234 1397.055384
6.885259273 243 1412.891259
7.44443472 227 1439.125475
6.427482557 243 1441.710652
6.042833072 257 1417.217317
6.514205513 240 1443.570823
6.986537162 222 1397.676584
6.390742029 249 1436.527069
7.68012173 219 1391.076419
6.943053133 256 1432.715729
6.964287582 233 1397.209813
7.125086599 224 1420.085082
6.949989729 244 1430.143679
6.839508066 252 1430.665316
7.393101974 236 1425.985323
7.041616661 232 1434.000344
6.176381811 251 1407.965696
6.74635685 248 1400.741765
6.654777521 245 1416.16889
7.409518054 225 1437.472182
6.047933096 280 1391.303362
6.020000296 251 1441.544542
6.518466741 244 1439.5704
6.598489003 229 1418.580667
7.095821088 237 1411.717368
6.553032931 243 1418.588989
6.391477178 245 1435.158254
6.97945543 258 1436.62405
6.381191286 234 1432.312845
6.037906384 264 1410.514057
5.742327844 265 1416.727897
7.128407863 226 1404.243958
6.877032068 244 1416.281786
5.8358867 252 1435.028748
6.828165577 225 1421.114039
6.723932472 231 1439.038413
6.433495087 235 1434.52947
7.134843574 213 1435.765889
6.648096464 250 1438.702276
6.454465581 225 1403.418679
7.497221246 214 1424.636101
7.52318436 255 1421.351505
7.29297684 220 1416.469632
7.604767382 225 1434.976556
7.123050653 227 1391.082173
7.103721982 241 1403.711314
6.827330455 222 1421.429099
7.178429025 244 1413.816738
6.984921974 250 1431.282641
6.711345751 224 1395.481529
7.333977681 234 1414.269313
7.500280898 243 1409.839154
7.029954944 240 1401.485377
6.351619839 232 1424.350056
6.853942098 240 1428.315106
6.518896876 246 1429.071056
7.562340282 233 1423.426145
6.550940874 237 1393.130995
7.238092989 227 1434.447735
6.190957211 246 1420.794078
7.535592477 205 1407.250942
6.178203479 248 1406.276523
7.228114224 243 1396.097517
6.844854615 241 1402.466858
7.116395849 223 1425.460669
6.369472528 250 1402.387137
6.774243576 252 1413.348955
6.999230142 212 1423.834134
6.502925012 246 1430.518674
7.428134589 222 1406.855786
7.657568527 224 1406.432432
6.86946888 215 1434.44233
7.053401782 209 1412.443116
6.660947698 253 1404.077283
6.644248762 254 1421.559523
6.561541179 245 1442.293498
6.860589147 244 1418.763166
6.895724918 234 1389.901121
6.65851552 242 1427.17953
6.940314001 227 1391.617409
6.900487513 238 1424.482471
7.023768128 245 1415.066299
6.07889002 255 1437.419654
6.955352884 236 1435.684424
6.950383758 239 1397.55969
7.26369396 254 1402.787464
7.394352157 244 1420.321381
7.035893626 229 1393.046679
7.633291748 202 1405.891451
6.703424059 245 1410.415011
7.33199587 231 1442.396138
6.637749951 246 1424.235317
6.491560043 257 1441.504438
6.002031897 253 1413.410376
6.724108542 242 1432.902794
7.540423182 239 1397.8
7.225624554 220 1403.240843
7.609073518 210 1420.931284
6.606949501 231 1422.931326
6.943788086 257 1436.597244
6.875902816 233 1389.416812
6.830527273 238 1421.06012
6.079614138 247 1418.437038
6.761196897 236 1388.534322
7.270357134 213 1406.088337
7.065340935 230 1441.316213
7.591578623 209 1407.111096
7.062822723 237 1413.739632
5.814242812 254 1433.165935
6.885546332 227 1420.124441
6.644184331 232 1405.32867
6.773569672 234 1436.788682
7.127488294 219 1418.852329
6.79433538 243 1417.854673
5.712054019 263 1432.54847
6.898431097 243 1426.349417
6.448295758 236 1431.533767
7.289883056 222 1392.424509
6.891920453 222 1440.39789
7.645309112 235 1417.263757
6.789656537 223 1427.627073
6.73409103 241 1396.470557
6.427816384 265 1443.684717
6.728404697 243 1426.513049
6.391775854 267 1422.104294
6.989253727 224 1410.621327
6.549745388 213 1388.836008
6.246794143 236 1415.230114
7.160500933 237 1393.072415
6.817860819 217 1401.05611
6.598557521 240 1393.237371
7.263051935 234 1420.086325
6.719339154 236 1400.733183
7.28183211 233 1395.253159
7.019549266 202 1397.487089
6.347428484 233 1411.007447
6.524285566 250 1395.350734
7.175396639 215 1420.070607
6.580200076 245 1442.595496
6.866054094 224 1422.322416
6.603534206 234 1436.76396
6.747783971 249 1429.781279
6.9695301 204 1442.042603
6.496911194 248 1406.589114
6.633647305 237 1414.061111
6.177990629 245 1431.841037
7.015921001 226 1397.854972
6.83383194 240 1406.255186
6.46262109 252 1439.690003
6.878642483 243 1399.396866
6.986821983 250 1433.422016
6.313775696 225 1425.61856
6.501353279 226 1391.398386
7.135575136 246 1389.708536
6.471581447 248 1410.924228
6.246424345 272 1436.496988
6.703220037 221 1440.795204
6.829483188 240 1442.384561
7.005256816 239 1394.29399
7.431967045 214 1437.730369
6.381603537 233 1398.834485
6.820744233 224 1435.280464
6.845802772 237 1429.089121
6.247233682 256 1415.564402
7.55514254 219 1414.203578
6.761636508 242 1436.867063
6.685675611 241 1416.183033
7.070408959 246 1410.585763
7.334426927 214 1409.645931
6.783651897 242 1400.740965
6.772422184 230 1394.80599
7.613286111 226 1425.430438
5.72259715 259 1431.846573
7.435703661 222 1395.388669
7.62868336 205 1391.927265
7.598774524 211 1417.731543
7.474964154 211 1416.85389
6.815114275 230 1418.230767
6.89768967 261 1426.967177
6.726083952 247 1394.201583
6.885971135 236 1423.279266
6.536684048 240 1423.473633
7.31083203 216 1405.57936
7.080672671 229 1410.226278
7.104760005 230 1415.579207
7.159449498 229 1440.574329
7.573181977 223 1397.735344
6.961617959 239 1407.011843
6.931172763 241 1424.885428
6.633122286 232 1423.290221
6.325580027 239 1391.320876
6.67349357 230 1422.217943
6.383859141 253 1441.210318
7.919596051 211 1389.465553
6.738338653 229 1405.663355
6.560455868 231 1438.283668
6.362127448 232 1426.245627
6.733732811 244 1388.835419
7.477138126 210 1411.395143
6.23297527 254 1433.063311
6.249360374 237 1414.534689
6.966707993 226 1391.639218
6.439350738 246 1409.881362
6.678069028 219 1391.014181
6.156890155 228 1394.569829
6.123927215 252 1430.385356
7.260949159 227 1424.91188
6.351558566 245 1390.653696
7.533356721 221 1429.679087
7.169957799 256 1435.01137
7.376945051 229 1413.291782
6.922372718 230 1410.191176
6.408287575 227 1393.219042
6.381230482 249 1418.511451
6.922667211 222 1416.102074
5.536786749 247 1416.151779
7.41664635 226 1395.606937
7.188317002 255 1425.155007
6.893728068 242 1389.258807
7.143234501 221 1424.305617
7.015226618 228 1443.600483
6.522048847 232 1412.483988
6.615226223 234 1442.385342
6.904190565 243 1392.025633
6.332184468 235 1427.471171
6.8630489 231 1430.089989
5.624170987 260 1422.961748
6.740011762 241 1438.612809
7.03415107 249 1408.733346
7.569154962 214 1392.739143
7.442065942 233 1423.677354
7.263938065 216 1410.486312
7.663645879 215 1438.385797
6.617594094 231 1397.340802
6.796811145 254 1427.858427
7.278860115 245 1391.045143
7.643702428 214 1404.771491
7.061077526 231 1390.802057
6.655703217 218 1401.231719
6.358998476 247 1438.782732
6.526931993 232 1395.564222
6.81693555 236 1435.429151
6.163919728 229 1428.556943
6.80167151 234 1437.456005
7.178649639 238 1418.991072
6.09492045 257 1398.959217
6.882198014 206 1391.147599
6.935167488 239 1392.733993
6.494786028 227 1434.421107
6.884461977 230 1397.193624
5.957551257 234 1398.278885
6.579921062 243 1408.857515
6.009313716 230 1433.013558
6.989431271 241 1424.037608
6.384311163 249 1404.365039
6.983497652 240 1429.913008
6.599777363 237 1391.526146
6.468398616 247 1390.087288
7.065139175 230 1394.518561
6.358244821 237 1414.138326
6.560940829 238 1416.432711
6.666270031 263 1408.582732
6.92491207 232 1422.67367
7.235923841 255 1422.792755
7.80318328 218 1405.260609
6.327872893 247 1438.305332
7.071064674 252 1438.84371
7.400664083 248 1409.1216
7.93878949 207 1432.511464
6.038733921 243 1428.899508
6.567017417 252 1391.015789
6.806402139 234 1401.952629
6.810834294 228 1395.589701
7.575863678 220 1389.592035
5.905350441 239 1422.713061
6.633939872 228 1388.683413
6.501785407 254 1435.604736
7.671266218 215 1401.297194
6.968081587 238 1434.656377
6.593776791 245 1429.687816
6.4019284 253 1431.190023
6.714352072 242 1436.343733
6.353617671 241 1418.317063
7.439586318 245 1443.099843
6.560617983 240 1398.005775
5.894164407 263 1438.827751
6.181329717 248 1430.56262
6.947819904 229 1443.564232
7.084833161 250 1424.607154
6.469013046 229 1405.393857
6.704204561 246 1418.593375
6.532914221 226 1391.627345
6.369224421 255 1401.463422
7.868871735 222 1401.146995
7.131179081 216 1396.226744
7.782581584 213 1433.988665
6.80488812 230 1397.062223
6.935902978 227 1422.848302
6.78154628 231 1443.1232
6.928504009 223 1402.991571
7.207265902 207 1433.878956
7.436259882 230 1439.002938
6.316562917 232 1421.283204
6.497460629 239 1410.038938
6.799032073 230 1432.755046
7.626063174 224 1411.683987
7.085865667 227 1406.714763
7.265785224 241 1393.458431
6.311166104 240 1411.286936
6.294179392 246 1440.808317
7.584613106 231 1388.719443
6.425188037 253 1435.042257
6.574654783 263 1425.685056
6.620117809 239 1413.430341
7.230441963 231 1412.731397
5.934093046 241 1427.907896
6.406228195 247 1442.793198
7.040191407 231 1389.419577
6.129180939 255 1442.124811
6.011000979 243 1415.21442
6.802265463 238 1415.562115
6.700647534 254 1436.941089
6.261288762 250 1430.399938
6.75354549 249 1393.230428
6.614195663 228 1411.16286
6.954149255 223 1416.719309
6.314071378 260 1407.133479
6.708117632 244 1409.225443
6.305153392 252 1436.197872
6.76551201 249 1443.442665
7.229157791 240 1402.044134
6.893410029 231 1442.150932
6.783304456 232 1443.585914
7.190770843 223 1420.555551
6.631468583 235 1410.422776
7.038746689 227 1409.496473
7.333963555 227 1428.108652
7.169436504 230 1425.853592
7.509819104 243 1424.860847
7.84459284 221 1423.857383
7.232626297 211 1393.79842
6.002995349 243 1433.77872
6.862101887 248 1389.290587
7.486448626 213 1416.763362
6.653308143 228 1393.730775
6.589417887 243 1403.021456
7.36288296 240 1430.673503
6.36578259 247 1433.752179
6.558415564 256 1433.373555
6.913545973 227 1430.989259
7.25731096 231 1417.672945
7.287164272 215 1432.353904
6.73720933 222 1388.364574
7.083749674 229 1388.768316
6.486291849 250 1398.828689
7.656244064 212 1437.685144
6.536379297 249 1402.181527
7.345133342 222 1391.374221
7.358587423 227 1431.550015
6.318025322 231 1426.155313
6.832617962 217 1416.249033
7.012249116 244 1411.03469
7.4182876 220 1443.241637
7.679397908 237 1410.19898
6.921305672 253 1392.438329
7.10607162 238 1441.315734
7.091722067 226 1425.468342
6.640966853 239 1434.364596
6.854592587 218 1395.331993
6.498483726 257 1391.525147
7.250139076 232 1428.046723
7.190492505 241 1397.342693
7.026471662 226 1424.727764
7.004787972 229 1396.343453
7.272311139 221 1425.139766
6.997181142 214 1409.147115
6.714580956 245 1397.892425
6.645221017 243 1417.402384
