5.021053126 330 1933.959573
5.209700337 289 1924.270285
5.121161776 301 1929.787888
5.603847635 278 1970.61485
4.568102675 309 1930.967925
5.420579557 313 1948.567478
5.236079651 294 1910.133845
4.760482183 314 1896.444057
4.758952857 320 1951.007166
5.266192895 312 1965.905484
5.406480744 293 1912.634633
5.608449874 314 1902.09701
5.042535118 290 1956.683134
5.714571587 310 1946.354536
5.073891968 323 1928.523234
5.478100114 299 1937.152536
5.475693034 290 1948.04676
5.460952243 304 1958.569202
4.962263238 301 1943.692631
5.602238183 306 1910.968333
5.141233244 304 1912.691981
5.490174444 293 1897.510088
5.142305762 310 1901.464818
4.911340166 315 1951.441676
5.033143555 320 1955.395224
4.672100672 317 1954.053925
4.811291452 330 1952.701205
5.243944163 293 1940.607165
5.566639475 297 1944.504406
5.423284495 289 1966.591382
5.627630189 300 1948.215953
4.887411755 331 1906.687121
4.801374619 311 1959.05986
5.447154813 304 1920.197544
5.108713835 301 1950.375255
5.232732603 334 1948.896786
5.309785365 299 1930.676592
4.763838498 304 1931.632596
5.214573364 313 1928.233892
4.985315363 326 1947.929519
5.526400192 269 1942.465863
5.37481315 305 1966.643436
5.315741817 313 1969.047397
3.327845365 345 1931.320152
5.348865715 321 1953.616774
5.332412417 311 1897.450338
5.238897374 311 1924.901277
4.722638223 296 1908.014735
4.811579788 310 1904.138451
5.061777597 307 1948.12972
5.126208794 303 1973.387875
5.295752166 303 1949.822964
4.405328113 341 1930.118559
5.101929222 306 1968.839477
5.067187571 315 1918.287503
4.967920398 297 1935.472492
5.059037994 295 1962.28389
5.411698563 312 1902.891128
4.906513313 310 1933.389797
5.304517626 312 1974.056842
5.540619864 295 1969.609791
5.449062311 296 1929.018652
4.349027277 314 1957.201695
4.770792274 319 1960.446726
4.526305359 335 1956.819869
5.361417519 320 1943.340282
5.387554572 299 1936.94518
4.628151986 298 1905.192488
4.228263959 302 1907.354948
6.006584218 287 1907.702826
4.59589381 315 1918.96241
5.655392665 293 1935.409068
5.011235534 306 1960.609361
5.814729004 287 1903.680026
5.768524683 284 1951.655165
5.835733444 295 1927.521655
5.245198623 305 1964.830268
5.093797931 310 1902.975192
3.773696382 320 1973.881547
5.15740424 311 1927.737782
4.403131661 322 1928.098543
4.960893801 322 1950.529705
5.499592762 300 1947.474825
5.624199347 305 1899.373298
5.097962784 296 1936.06686
4.784407686 315 1945.445057
5.437036489 298 1915.201921
5.163745444 294 1941.143034
5.146960804 312 1960.832143
5.952162965 297 1950.607056
4.414957454 314 1952.765492
5.481352909 300 1910.931865
5.432341471 297 1921.109082
5.228377945 313 1958.305962
5.611923323 279 1948.723079
5.006940126 302 1956.248241
4.91056107 300 1935.658224
5.526398943 284 1897.07232
5.081460192 310 1925.53713
4.487264022 327 1960.620635
4.926263197 302 1953.487959
5.52329589 306 1950.130082
5.940860205 288 1929.553269
5.174685244 287 1907.421574
4.242356493 334 1911.115661
5.77730179 285 1938.332791
5.301256177 304 1945.505331
5.106903517 303 1947.61918
5.176741049 301 1968.96164
6.122273326 299 1946.000178
5.520254996 295 1927.73853
6.075480148 294 1919.619295
5.425787041 297 1921.676493
5.763696439 290 1922.829101
4.47500893 314 1972.332686
4.951453097 307 1925.548008
5.400104913 294 1911.462604
4.908685909 316 1972.108771
5.53500265 290 1917.093729
5.243271189 286 1939.18397
5.382367146 300 1933.997947
4.031232609 334 1956.072784
3.968119617 323 1911.750844
5.507006426 299 1921.526203
5.277635421 289 1912.196355
5.321350591 288 1933.808942
6.23145585 296 1929.192122
5.05098151 302 1901.512543
4.822222109 320 1942.028873
4.302139175 299 1911.888955
4.439304197 309 1946.820963
4.411437531 325 1947.253598
5.323249084 290 1958.899825
6.097515739 278 1926.509762
5.415082299 296 1955.452341
5.09983414 311 1961.529284
4.9777196 312 1956.584243
4.450140176 334 1929.892926
5.745421487 279 1945.381115
5.252442739 303 1931.694289
5.289774139 289 1941.767689
4.989287256 321 1937.700499
4.730527916 319 1970.678706
5.517461124 301 1944.171597
5.415348062 308 1924.288752
5.195398748 305 1972.068041
4.791242004 288 1935.390433
5.230033366 310 1926.725419
5.251641175 306 1958.371429
4.973144342 307 1895.935959
6.341705834 280 1899.71157
5.186023508 308 1904.727171
5.205965983 319 1964.292204
4.930738449 309 1910.304234
5.13476873 313 1969.419088
4.953442056 316 1957.598082
4.598025879 313 1963.064919
5.456183103 302 1925.960636
5.526429872 289 1906.438544
5.20985737 324 1931.527659
5.999512538 293 1933.940359
4.830916926 304 1972.454572
5.044779227 300 1913.87829
5.865828319 306 1903.694008
5.466307809 308 1933.634085
4.723834456 311 1967.776429
5.688364178 289 1899.36664
5.390228662 295 1927.040029
4.756978165 321 1922.232026
5.023411184 300 1927.05832
5.610842369 301 1959.598101
5.538578359 292 1967.364014
4.314026364 323 1898.180541
5.411941401 305 1926.109745
5.830275958 291 1931.258626
5.049269507 296 1968.956289
5.108936286 302 1943.458146
4.497830552 321 1936.491562
4.679893031 318 1926.681792
5.615878429 302 1903.974772
5.142559232 296 1968.887986
5.386958844 328 1916.978581
5.119965935 316 1905.365388
4.721580517 326 1962.00683
5.350233804 317 1898.607152
4.869378114 311 1947.978445
6.112679501 276 1946.812639
4.760455588 325 1904.695749
5.098670471 316 1925.770487
5.309389527 301 1902.395026
5.190866582 280 1905.825992
5.572403451 281 1912.932304
4.658500641 309 1911.975913
5.614819723 298 1921.208065
5.014993252 311 1957.783067
4.725225398 322 1938.337202
4.606283802 319 1904.7922
5.226099675 298 1950.855948
5.857237899 275 1927.80455
5.486183102 283 1926.078558
5.276275519 295 1915.20055
5.246740326 294 1935.41745
5.672820555 295 1925.901835
5.380950931 303 1912.091714
4.538965014 331 1903.660111
5.184089862 286 1918.588636
6.071610787 286 1954.238794
5.143706693 287 1901.516365
5.130806523 318 1933.254936
5.446277586 316 1956.622911
5.114474272 325 1927.155155
5.037139632 306 1942.376682
4.880606438 313 1916.686215
4.255405619 329 1917.615192
4.318142473 321 1962.761241
5.2725647 305 1910.593682
4.678013642 324 1927.834517
4.901150539 285 1907.130837
4.339955226 323 1919.20105
6.081401258 279 1917.974546
4.303387562 334 1914.849108
5.835416248 294 1965.503951
5.575062491 298 1912.957999
4.867343807 293 1906.463254
4.507151588 312 1965.510566
5.564948844 294 1948.836318
5.073135363 302 1903.00099
5.631902537 283 1913.249621
5.398951605 294 1896.344146
4.378459367 322 1969.26877
4.906326323 313 1934.613258
4.550529577 300 1931.826207
4.841551275 312 1926.220089
5.221314461 304 1907.358643
5.527686814 287 1896.415432
4.609732338 303 1912.094305
5.388215652 286 1952.254748
4.76112052 310 1922.665989
4.897172782 295 1952.919606
4.371515462 336 1923.22638
5.28644356 301 1923.407265
5.329238431 302 1946.011886
5.425468161 293 1900.350589
5.425387976 290 1931.299782
4.938918729 298 1952.850898
5.695980383 267 1918.332986
6.27863272 267 1897.897167
5.373524946 304 1945.506153
4.599028282 322 1969.384422
5.214944897 307 1929.240491
5.241165294 291 1918.740763
4.328587066 322 1896.194038
4.879255431 307 1931.638358
5.937343561 298 1917.282728
4.897840092 288 1948.183339
5.090513501 326 1917.040571
4.946864375 300 1925.753167
6.050789233 294 1964.130902
4.971829271 301 1935.487258
4.857063072 310 1944.843083
5.693374635 295 1973.828355
5.151217421 300 1949.528282
5.408813822 288 1945.401968
5.865682278 289 1967.450028
4.941879796 315 1896.208339
4.867102063 317 1906.417357
5.44970132 302 1964.2042
5.860490767 284 1959.862371
5.172766689 311 1919.341656
5.55789329 291 1925.095168
5.37902279 307 1910.992222
5.03561772 308 1933.857705
5.42139849 298 1903.751706
6.329390024 277 1914.557113
4.178251679 340 1944.51802
5.680780475 286 1973.780498
5.107272953 313 1951.033445
5.386178176 303 1943.279824
5.437005364 293 1957.367097
4.707548827 313 1951.014086
5.454977269 305 1954.757083
4.927073592 312 1954.056853
5.859287473 272 1928.631806
4.619658709 311 1969.724491
4.77958348 305 1932.500661
5.182581442 299 1902.32493
5.701275152 276 1897.183493
4.533913172 304 1957.749635
6.242232897 280 1920.773231
5.65109563 279 1905.871265
4.411684412 298 1941.393846
5.719941644 303 1957.748562
5.469389585 294 1931.963941
5.592724549 301 1965.457302
5.159439876 317 1902.359571
5.061627456 299 1940.974611
4.585013436 298 1896.060234
5.328604343 291 1954.493754
5.036712632 318 1934.232844
5.28264899 325 1969.770502
5.354128766 298 1970.302566
5.62564258 283 1921.847788
5.021828641 314 1947.705908
4.729725303 306 1954.25946
5.197828716 295 1896.529006
5.713762914 317 1952.619968
4.361446404 337 1952.549644
5.250582427 305 1907.918609
5.064072568 297 1947.47087
5.22880317 313 1972.59699
4.639968473 299 1905.623825
5.161162058 301 1917.529604
4.638659969 305 1969.731482
5.514984845 286 1967.989189
4.176649833 330 1949.094638
5.976008861 283 1901.496122
5.2045068 307 1914.663653
5.260913566 305 1944.55512
4.898537353 327 1935.449191
4.983260976 309 1940.415306
4.734531902 319 1907.551664
5.93902473 268 1944.065759
5.392649941 310 1946.693662
5.025653772 313 1924.806984
5.548280331 304 1942.703517
5.03102276 297 1941.117068
5.24782812 291 1902.443681
4.874143474 298 1901.414935
4.35969174 303 1938.898561
5.582171928 308 1935.846874
4.493401828 334 1911.868509
4.554802876 302 1963.297276
4.88974655 319 1970.730967
5.186616042 303 1913.364021
5.238960895 312 1943.102079
5.595759483 291 1956.292884
5.330264184 299 1904.365897
5.595547728 275 1907.183772
5.297360649 309 1969.22898
3.995125579 326 1929.817182
5.2168479 302 1925.605695
5.279228294 286 1900.567917
5.458998162 305 1925.764149
4.678015424 309 1904.864883
5.147052504 282 1949.579427
5.034296213 309 1957.050597
5.128061958 316 1911.877061
4.71412326 322 1911.184327
6.069776968 286 1897.725195
6.402134439 262 1927.405007
5.455114673 289 1958.91523
4.933000535 321 1973.987027
5.9146672 298 1942.716558
5.557271378 289 1971.087029
5.455101474 293 1937.604218
4.287655026 326 1927.844675
4.945024827 303 1948.098279
5.062237425 307 1931.392163
6.113905372 302 1897.736453
4.910322463 305 1959.755557
4.391802264 328 1957.585162
5.789304338 276 1924.120359
5.622882185 288 1939.421184
4.351402705 331 1929.586567
4.349607973 319 1908.024459
5.173716909 296 1901.48367
4.648685891 331 1932.475162
4.527406815 338 1912.284392
5.442601446 301 1901.174543
4.317287188 345 1969.314462
5.046361435 307 1965.301991
5.199497348 287 1941.456141
4.386235346 343 1972.585383
4.96260707 310 1937.874309
5.564657323 305 1936.647975
4.785270266 314 1917.327789
5.762508058 291 1940.416476
5.26270059 308 1943.293113
5.040759576 334 1899.803885
5.05278622 321 1950.212218
5.188634986 282 1929.745382
5.502664514 298 1914.833371
4.507605472 317 1897.509687
4.726721041 316 1959.428385
5.007520295 295 1948.28171
4.45091756 314 1956.951222
4.978421108 280 1929.113733
5.497526238 298 1963.509494
3.898776729 328 1938.405429
5.026011132 310 1905.986659
5.006064024 319 1915.545557
5.080000498 313 1971.939053
4.858389718 320 1958.984349
4.900468481 307 1920.784694
3.784114667 338 1928.750238
4.531811009 329 1932.357145
5.243856771 312 1948.752528
5.143773809 312 1971.799482
4.90510332 309 1965.027151
4.381045243 334 1939.856983
5.147543933 306 1937.687139
5.574487079 293 1920.675925
4.857684524 311 1964.79781
5.920124627 273 1914.872689
4.85540503 300 1921.614641
4.686298312 320 1938.973874
6.196765092 285 1920.045945
5.623840807 280 1939.694609
5.662988146 298 1945.965385
5.811335218 288 1933.041324
5.920135997 304 1930.769911
5.546865382 300 1938.584837
4.532087056 316 1933.359424
4.762139392 316 1935.786196
4.498443514 320 1907.937796
5.2400162 304 1908.210902
4.333497058 326 1916.209615
5.558692735 304 1968.473505
5.326675212 291 1964.937776
5.119897326 289 1897.471177
5.239912681 313 1947.131626
5.945994012 302 1909.993893
5.536723264 286 1945.944953
5.260585272 294 1900.902478
5.184078988 303 1926.177765
4.933890454 300 1958.875709
6.027240764 302 1927.864606
5.839210012 282 1942.782156
5.154849935 314 1935.0598
4.977670809 305 1916.682475
5.425515307 278 1959.202884
5.257539134 297 1925.290874
4.764702831 313 1898.951981
5.403925899 299 1919.170118
5.27379352 307 1945.582807
5.74624731 293 1897.570939
5.340955803 303 1943.067825
4.897378653 310 1969.078257
5.512490474 294 1955.648171
4.903214695 294 1945.255563
5.493396881 306 1938.555903
5.731896833 301 1955.51508
5.172678346 305 1901.386414
5.650510957 295 1969.85271
5.617843468 299 1942.454792
5.418917524 307 1971.699934
4.938990122 299 1954.590126
5.447901684 300 1934.083653
5.323353763 313 1949.74639
4.975481489 320 1922.144653
5.141832535 299 1910.995486
5.40417058 317 1964.56484
5.53055246 290 1948.822284
5.559547273 289 1915.321743
5.017820369 306 1947.064058
5.634771133 309 1932.984899
5.846015053 292 1969.216873
4.846412556 311 1954.248765
5.205757421 299 1930.365024
4.981303218 315 1931.324499
4.126198592 325 1919.101829
5.492309363 298 1936.12229
5.456423745 287 1938.12974
5.431343961 310 1920.53171
4.566437034 320 1972.595233
4.642702239 303 1971.535576
5.311407179 310 1918.392287
5.092644736 326 1934.941863
5.213243652 294 1928.46344
4.910973441 316 1943.77265
5.170429924 291 1936.619382
5.402319426 309 1955.284432
4.863134626 298 1971.039927
5.033280081 318 1921.891245
4.716796839 319 1950.532341
6.429265507 286 1940.104277
5.24360495 287 1920.375336
4.666725659 311 1966.508606
5.526994575 298 1918.864909
5.581793797 304 1923.82642
4.907539402 322 1955.618757
5.432786118 306 1951.111717
4.995140627 294 1896.997416
4.153664304 336 1923.494222
5.958459801 285 1922.550265
5.246465787 309 1969.71344
5.454948137 297 1954.242763
4.428617661 314 1973.387166
4.298542894 321 1954.498166
5.476333466 303 1945.612029
5.852360959 298 1957.472958
5.662022502 289 1914.85113
4.784415782 306 1900.135525
5.267916619 310 1902.492462
5.327372244 300 1942.916479
4.803736796 330 1943.507456
5.169545621 327 1954.131067
5.065701502 304 1973.588421
4.818843212 317 1950.006351
5.329164403 299 1908.937985
5.86780106 289 1923.351646
5.41786335 291 1909.466108
5.39551958 304 1896.129629
4.942044618 315 1940.776457
5.269442994 279 1930.874158
5.298489434 306 1944.058555
5.124111693 314 1948.469106
4.506308366 320 1950.663278
5.850827672 286 1973.285434
4.371757389 325 1963.377586
4.684116329 302 1912.952039
5.038394825 320 1970.625427
6.085753855 288 1929.325057
4.882447859 309 1957.939644
5.757463656 277 1920.457192
4.546712877 313 1929.050925
5.262904913 320 1970.7795
4.931964413 316 1909.569578
4.789113194 300 1926.036985
5.058991307 316 1912.881083
5.613055683 278 1924.173588
5.178790439 314 1907.811779
5.086355394 299 1922.321612
5.197232241 295 1968.203411
4.765516729 310 1946.890037
5.20401924 293 1921.223108
5.157738142 303 1963.218481
4.601809223 315 1971.656698
5.246740941 296 1920.953546
5.557557986 299 1911.858386
4.705029902 326 1966.860559
5.606491411 300 1913.056259
4.321894991 344 1919.235763
5.229136522 299 1906.544649
5.953027403 278 1906.056758
4.190175934 313 1933.394366
5.409575611 309 1954.294329
5.160952019 292 1919.479821
4.433023431 316 1963.994907
5.352522962 285 1898.144778
5.064905409 306 1920.213367
5.295339592 290 1937.80933
4.662398582 320 1963.201097
4.865425833 301 1935.030423
4.181760423 333 1926.438484
4.385585248 314 1970.211426
4.165322393 342 1936.216624
4.494121234 338 1964.980899
5.836751775 289 1907.822072
5.563598684 299 1971.402828
6.03520547 292 1972.509762
5.555234077 276 1924.103824
5.704119138 299 1970.50539
5.07739192 310 1932.279283
5.996195319 286 1914.761091
5.457845434 294 1961.030958
4.678657021 321 1968.165783
5.978152893 276 1935.854757
6.147532763 304 1948.931715
4.393008187 339 1914.032106
4.872028191 309 1931.441973
5.595564619 304 1952.674648
4.473029733 327 1955.069704
5.361900719 299 1916.578334
4.418491593 331 1945.07957
4.76999444 330 1927.198546
6.080896923 293 1947.874996
5.818195663 299 1935.701739
5.438539024 305 1933.841811
4.992788075 303 1907.548639
5.92403187 286 1909.96599
5.319261514 312 1963.1499
4.908151559 294 1940.279159
4.932112245 294 1897.280347
4.945313509 306 1957.811693
4.949841081 309 1943.570239
4.769881274 299 1949.069482
4.02737178 333 1942.750303
5.381368879 301 1929.680408
4.94540884 305 1948.614098
4.839396611 301 1901.836555
4.86248531 338 1957.344072
4.760019337 297 1908.755458
5.666303828 289 1906.981215
4.467217072 310 1952.441455
5.009899512 308 1906.533333
5.259075344 287 1912.027739
5.754021054 295 1923.434461
5.073238378 316 1953.460434
4.957696135 303 1973.452917
6.316389372 284 1957.421875
5.069372675 303 1910.740281
4.952280047 320 1897.570807
5.209301162 302 1924.963372
4.922641562 307 1962.691099
5.543252913 299 1929.163491
4.575406013 308 1940.151105
5.133272339 291 1938.065957
4.977772709 304 1959.15173
5.299385585 291 1964.11475
4.759375598 299 1929.837486
4.603467471 319 1951.88579
5.723149396 285 1907.857448
5.716788406 273 1898.669483
6.497270369 258 1907.945933
5.177451175 308 1907.564695
5.869866446 276 1911.173926
6.373271893 308 1960.669991
5.069691892 317 1968.658936
4.854330199 304 1962.443927
5.050298798 306 1928.492505
5.271062314 290 1943.865519
5.701701747 297 1969.502547
5.709171778 291 1934.961618
5.371819339 297 1898.379827
4.90115974 307 1950.53226
5.167724707 300 1948.807613
4.92549764 316 1962.249684
4.81577419 310 1919.894751
5.394967383 294 1936.250977
4.948991432 301 1936.136623
5.077811766 300 1952.03633
5.36314765 312 1908.771132
5.006644763 313 1899.039165
5.037892475 309 1924.292587
4.942663087 323 1933.342735
5.351846591 300 1917.94028
4.990442366 311 1961.972511
5.628642735 278 1948.383556
5.423051803 319 1902.657233
5.474898239 285 1938.532859
5.243587935 289 1932.501945
5.172957746 309 1964.960467
5.309207948 292 1943.773662
5.604218196 310 1902.321967
4.347380166 316 1937.908473
5.918583033 284 1957.868858
5.508728666 330 1969.218396
4.061197872 334 1939.768107
4.582454892 297 1897.361533
5.0436408 298 1896.85928
5.346918655 292 1935.701742
4.899201156 304 1968.722018
5.817489575 295 1907.14459
5.859193346 299 1941.4173
5.45693848 290 1918.948813
5.103968771 328 1965.877275
4.613247315 321 1935.71603
5.466334716 322 1953.209293
4.507276394 319 1969.323264
4.698993448 323 1967.1797
5.709889212 273 1900.14121
5.380168009 300 1900.041473
5.184819251 312 1905.535626
4.440872979 318 1944.961291
5.036313823 307 1932.574724
5.143270029 280 1919.855343
4.935134687 309 1908.803115
5.496021421 300 1917.249602
4.491423227 314 1926.74589
4.208451843 319 1927.008828
5.174227371 294 1914.184034
4.311447242 303 1954.95368
4.979538314 327 1967.761921
4.718360595 304 1899.142697
5.379764704 299 1944.463333
5.197683655 288 1959.255825
5.706754722 294 1938.430308
5.481953117 311 1973.250277
5.313418393 294 1945.420639
5.081198346 304 1955.653597
5.8335848 305 1954.177515
5.883891136 278 1932.6864
5.370417266 304 1955.88688
4.262904678 320 1925.90744
4.895759976 301 1971.569558
5.012637092 304 1958.359173
4.949003646 312 1903.715576
5.126436474 301 1926.900301
4.20513437 330 1936.153197
5.660215592 296 1923.35815
5.7279296 296 1912.940019
5.326055445 298 1950.879601
5.898564652 296 1920.816955
4.979754914 307 1970.100951
5.346105229 286 1951.737576
4.369116028 328 1919.391501
4.999460546 316 1919.588775
4.183678688 314 1941.243825
4.792033071 301 1937.132721
5.180531251 297 1901.838853
3.94244918 339 1973.581051
5.35880346 301 1908.450982
4.564478682 312 1936.810794
4.753028572 300 1952.709324
4.725036512 313 1937.221489
5.360301344 305 1899.736931
5.851150393 302 1952.076044
5.004028686 318 1968.51689
5.323687322 314 1973.75062
5.847218937 292 1953.812889
4.886424627 319 1969.048409
4.781514865 322 1951.496148
5.559120832 297 1957.632917
5.111598131 285 1901.148555
5.18127086 314 1966.737449
5.547647062 303 1948.422778
5.735911239 297 1974.028126
4.12950476 328 1916.569681
5.186782232 309 1933.728711
5.419324211 309 1970.43035
5.318271424 312 1942.193204
5.504664769 279 1910.895545
5.218300931 301 1951.169831
4.149838935 331 1962.079912
4.48736396 324 1922.353239
4.943845582 307 1927.667632
5.668450023 284 1903.168873
5.643757698 315 1963.906221
5.042155137 319 1952.749054
6.213964247 257 1908.959399
5.855500521 270 1968.933561
4.912145487 300 1950.29669
5.462065726 309 1960.401947
4.882051716 319 1955.05238
5.461826188 289 1953.193157
4.940991905 281 1912.089679
5.008152502 307 1930.064724
5.956995152 287 1916.167865
6.280972819 265 1900.152118
4.872281693 303 1961.842806
4.624790638 310 1960.402061
5.102248865 301 1934.540804
5.798596218 268 1939.465595
5.124321059 330 1904.812665
5.578040069 312 1926.092802
5.719601057 301 1914.129375
5.592560847 285 1922.503071
5.06986576 325 1905.035437
4.920912926 310 1926.026198
5.422069106 299 1973.960879
4.756305931 325 1939.940527
5.242208422 312 1932.734164
4.935506872 303 1915.006935
4.711016606 307 1968.05286
5.823245173 264 1930.270839
5.390717964 287 1926.827826
4.439782833 321 1913.283159
5.703046582 275 1912.192203
5.005451813 291 1901.636457
4.671324045 307 1964.862248
4.771757734 329 1937.157208
5.651578708 284 1926.543525
5.813794383 288 1933.467734
5.846704132 289 1944.989786
5.725212174 284 1957.961936
4.870747194 316 1934.371172
5.569374542 282 1937.428558
5.493465313 309 1908.143098
6.332078402 298 1932.695648
5.351134248 324 1963.740859
5.412839974 307 1903.995284
5.497864382 290 1958.069532
5.711830207 293 1919.300358
5.26193297 316 1950.611071
4.515887029 308 1961.609357
5.257120341 309 1915.747507
4.601412698 314 1923.773041
5.117595033 303 1967.082517
4.826405974 317 1928.285664
5.85802366 276 1925.070815
4.850152703 296 1914.454434
5.054761951 302 1921.849947
4.896973764 318 1918.637229
5.584993546 291 1956.733318
5.377894133 303 1916.093568
5.292170167 312 1955.12052
5.693494648 290 1937.879861
4.860158961 314 1908.907595
5.336269469 283 1937.162195
4.687695026 324 1933.972001
4.826572093 313 1921.320985
5.18941488 308 1945.855526
5.556694871 300 1946.431668
4.923246447 313 1926.740889
5.852440514 280 1928.16901
5.104095642 317 1922.106843
5.476680311 294 1933.193683
4.996699727 309 1957.8549
5.811247351 293 1956.27207
5.072021161 310 1898.698969
5.296815154 281 1972.457671
5.033744132 338 1948.821208
5.265008921 292 1944.201802
4.105342485 329 1949.472204
5.533792367 298 1944.082141
4.955354765 297 1925.641511
5.650639512 291 1930.114739
4.133541017 334 1921.95442
4.422003264 346 1907.711549
5.148090927 297 1929.9024
5.394711747 313 1936.275516
5.013180436 307 1946.619759
5.311164642 296 1967.800699
5.278182825 308 1946.828437
4.910621035 320 1942.945256
5.06488148 319 1950.387408
4.938633066 317 1932.879195
4.850836159 293 1899.500308
4.378231928 339 1921.679425
5.277075495 312 1921.212681
4.575807452 321 1972.746965
5.120163846 328 1959.362648
5.209829494 302 1902.641321
5.23513536 331 1942.590805
5.84495911 291 1903.647206
5.311258648 294 1924.872678
4.562573101 331 1921.847718
6.066986139 279 1952.905169
5.009366108 320 1904.11211
3.899130646 336 1937.064866
5.344449461 302 1899.18971
4.492131814 321 1947.558528
5.001582175 304 1916.526759
4.767018477 320 1944.214344
4.707579987 331 1914.925774
5.251832432 300 1939.713937
5.610906178 290 1949.506318
5.081792656 293 1940.700533
5.399250283 326 1951.552251
5.067493553 311 1941.440722
4.709320835 301 1956.967209
4.999483199 313 1954.430972
5.225450171 313 1972.952835
5.632826686 298 1900.353055
5.531027212 297 1916.949564
3.934779362 339 1963.671324
5.448753375 309 1962.61395
4.719931435 316 1961.402758
5.219241721 272 1908.415025
4.473162894 318 1922.713162
5.275141429 306 1911.770471
5.22337025 322 1967.207806
5.740682886 303 1940.138931
5.276882027 314 1929.57864
5.108010509 294 1909.311402
5.298001778 297 1966.761881
4.79912004 291 1910.786578
4.181850963 304 1963.711641
5.122751975 305 1936.738654
4.723672009 323 1947.451244
5.869002843 275 1933.326059
5.320779609 294 1937.183553
4.658704623 321 1966.610886
5.861754182 276 1904.899088
4.374907105 313 1968.364904
5.300402908 299 1935.877993
5.422450111 284 1957.828072
4.27780746 328 1967.801371
4.857386901 301 1956.344762
4.946057309 290 1960.81904
5.572979742 309 1918.692764
5.13547171 316 1932.316065
5.421799968 279 1959.716245
5.283163215 307 1913.90758
5.110636071 326 1897.18329
5.177660317 306 1941.893856
5.6613673 293 1959.836841
4.518619912 297 1924.841789
5.47341959 294 1906.79184
5.222563605 302 1959.778278
5.060667813 328 1967.392041
5.328126127 303 1958.386108
4.542749862 317 1940.749648
5.345687198 296 1973.802418
5.641831254 286 1902.266681
5.05893259 321 1896.612911
6.406897875 282 1900.574548
4.153438725 339 1949.165838
5.104649132 308 1935.926226
5.073531971 312 1938.302453
5.206278941 283 1915.927296
5.115320607 332 1937.447136
4.935887825 307 1927.272552
4.656695011 327 1946.409422
4.948674317 314 1963.706109
4.6535144 320 1962.598318
5.906768059 292 1934.966486
5.170360529 309 1944.582898
4.274949941 327 1966.561686
5.646480356 297 1968.053793
6.347539837 277 1947.169322
4.86667444 313 1962.303591
4.973934734 299 1933.520902
5.041886547 299 1897.383799
4.342592644 326 1943.153823
4.917679806 296 1924.06858
5.721251237 302 1905.06066
4.039723441 331 1972.212641
4.634502722 308 1959.587256
4.32752624 314 1961.967471
4.777032866 308 1907.536033
5.975366847 285 1920.973353
5.147282851 293 1955.160465
4.686575986 325 1905.952741
4.544994519 303 1922.81891
5.497158491 278 1901.185346
6.043789085 280 1950.771487
4.374423405 320 1930.451071
5.583039508 303 1930.738449
4.910785395 300 1944.713091
4.771635266 320 1901.469585
5.408363691 289 1920.072719
4.797564149 307 1904.650695
5.390719018 290 1948.65355
5.357718861 293 1930.150278
5.272996751 295 1924.458535
5.980645137 293 1911.004885
5.584557686 293 1908.937012
5.280915525 331 1907.775089
4.711620672 323 1924.895635
4.626050195 314 1944.291526
5.031667301 281 1916.519828
5.540176497 310 1915.656417
6.057475772 282 1903.411387
5.402646432 310 1940.236231
4.879310963 334 1942.407265
4.827780978 317 1966.295523
4.590247956 314 1913.934313
5.804469514 291 1908.471824
5.444501313 282 1942.379628
5.668859551 295 1930.198927
5.545316739 296 1914.103171
4.937873677 301 1971.482235
5.202412823 294 1967.323035
4.860308118 290 1919.80273
4.631847981 332 1955.102894
5.463224464 305 1913.515254
4.780278503 309 1948.166012
6.123857458 285 1907.257039
4.62005578 319 1942.976256
5.440475594 309 1958.631393
4.865477872 311 1895.925718
5.03735036 296 1962.054361
5.362149127 296 1965.509851
5.504446924 305 1967.506867
4.911454451 310 1956.03075
5.46321123 296 1971.354473
5.233866822 282 1955.968132
6.155888458 275 1954.625117
4.996567077 300 1963.280448
5.069997117 315 1956.909515
5.157863334 302 1901.219333
4.936319598 312 1942.333999
5.415319706 311 1941.75732
5.665644639 281 1931.924123
5.062455993 313 1970.301719
5.419811146 298 1942.352665
4.509837604 309 1902.303064
5.437267224 325 1944.774253
6.163919121 289 1949.025736
5.077511267 304 1921.929449
4.850092095 291 1915.051144
5.015859638 312 1957.435373
5.966296889 298 1906.70461
5.463851339 307 1924.872713
5.393645293 296 1951.975953
5.410475982 294 1913.834204
5.224716408 300 1970.140323
4.997012297 306 1927.385682
4.926671062 310 1908.007114
5.298790949 310 1957.849362
5.31034516 312 1909.103903
5.481160087 291 1943.393331
5.498220079 299 1927.188351
5.00771679 327 1920.697972
4.606864202 325 1950.129119
5.754413046 290 1965.325854
4.305838242 316 1909.205153
4.45270523 285 1912.173592
5.915260391 274 1897.65853
5.369659965 294 1960.826784
5.409088596 286 1937.639021
5.339889189 300 1948.684468
5.820454354 300 1951.538457
6.021294273 291 1910.097433
5.021728461 315 1926.132426
5.592896717 277 1901.419888
5.642354017 288 1907.266167
4.626480106 324 1936.370805
5.318173303 312 1947.981442
4.556579591 320 1939.310304
5.542070174 303 1938.501102
5.424043396 319 1942.772765
4.30928001 306 1966.466992
3.891985137 330 1973.113101
4.968054842 312 1949.697315
5.778123324 284 1954.487923
4.820550503 309 1949.790242
4.615049384 303 1939.641531
