3.435707864 367 2540.186413
3.39313059 365 2584.337682
2.136654124 391 2572.50993
2.524708845 389 2615.637331
2.071164294 397 2606.949228
2.537990155 374 2622.795471
3.910210331 357 2565.116627
3.27769438 371 2594.20741
3.151908937 356 2552.847306
3.921659198 357 2599.746047
3.328128958 367 2533.690981
1.90374671 394 2622.166678
3.719081686 376 2538.896022
3.46905118 369 2582.971518
2.970019922 369 2556.727119
3.134680998 355 2622.078103
2.264848302 391 2627.570848
2.72003127 382 2552.203394
3.669641121 345 2600.745873
2.56461808 391 2597.983666
3.120041534 377 2540.668138
3.406439922 371 2528.886014
3.441034485 373 2616.627853
3.855607371 346 2525.581749
2.855113719 385 2523.430402
2.065473155 390 2589.319166
3.513187773 362 2593.990803
3.426965797 357 2542.597524
3.507645888 354 2516.614077
2.698074314 391 2612.70122
2.197830391 400 2566.071522
2.904321488 382 2577.497008
3.331761804 379 2617.433389
2.642163203 383 2621.955297
2.598753575 385 2599.991055
2.745349058 383 2616.301784
2.68169057 392 2601.363998
3.52836589 367 2532.982677
0.8804818562 398 2614.56237
2.66988528 375 2612.096115
3.413270425 368 2575.254631
3.250554524 381 2593.762025
2.208114575 384 2614.278882
4.334792864 338 2521.763589
2.383843228 375 2541.855467
3.503591606 354 2603.403007
3.176639968 377 2583.630415
2.422551268 392 2627.660176
3.007883593 372 2542.790761
3.07327426 373 2595.904013
2.43715879 389 2607.695099
3.057123411 377 2592.819843
2.642910918 384 2539.193838
2.283860768 397 2580.424188
2.929048681 380 2592.651206
3.073290579 367 2623.494272
3.016778818 369 2615.372787
2.688762831 379 2598.171467
3.295751233 362 2564.475753
3.796573522 371 2537.150947
3.171976815 363 2544.119665
2.823727885 386 2526.874573
2.954665032 372 2612.134241
3.344538773 378 2537.519529
3.460852338 352 2532.097015
2.887133819 377 2547.90305
2.592333174 384 2572.176338
2.559752788 378 2585.296731
3.480570235 375 2605.339473
2.192585953 393 2628.114171
3.400817515 353 2589.907864
2.303031304 385 2609.829069
3.321576586 377 2558.226333
3.64163026 374 2595.430133
3.674008937 372 2558.650112
3.214614928 379 2624.708258
2.771822812 382 2579.352545
2.965164596 362 2578.488594
3.288834368 366 2605.02348
2.66084785 385 2625.232367
3.135814154 373 2607.155105
3.249738837 382 2616.436538
3.036078672 367 2525.391148
3.113535822 365 2568.80621
3.601885816 356 2570.547422
2.613882589 384 2606.577698
3.011428043 357 2542.855618
2.707527275 382 2568.478623
3.332168175 379 2626.689897
2.711902334 366 2575.265197
3.860754093 362 2596.225873
2.447390833 395 2569.935267
2.685976218 387 2591.28512
3.180908171 375 2600.586306
3.612332036 367 2561.554462
2.904010156 384 2624.017079
2.827965415 378 2561.977649
2.318765715 391 2611.757805
2.903101974 382 2562.700621
3.005140794 369 2578.145616
2.833684086 374 2627.800732
2.356816045 387 2606.120911
3.059108666 374 2534.459337
3.774932913 365 2519.746288
3.262318693 348 2545.351848
2.913637225 375 2526.969571
1.448716779 405 2603.399413
2.459261521 374 2619.909526
1.788047023 394 2599.185665
3.936221143 349 2522.503995
3.146898631 372 2561.232787
4.064672992 360 2550.200544
3.950305604 341 2553.59718
2.259169543 388 2579.387197
2.589731197 385 2566.512105
2.56600328 390 2569.819528
2.881518136 367 2544.353415
2.433074511 394 2603.896085
3.440902455 381 2573.472843
2.839449491 380 2598.172205
3.173812043 355 2614.81127
3.610917729 352 2572.462082
2.321931999 383 2627.88781
2.431105866 386 2604.736754
2.9460672 367 2533.271553
3.268387903 368 2589.490055
2.495000243 383 2583.351064
3.025753258 373 2585.674705
2.806347071 370 2618.209992
3.635371486 359 2554.931983
3.164857255 368 2533.042609
2.462239052 400 2611.102995
3.609850892 357 2533.726126
3.184784768 382 2596.012847
3.145763264 380 2542.627678
2.341218998 383 2618.996833
2.368971144 387 2520.378725
2.868057036 375 2629.201833
3.139065866 381 2534.429382
2.908998669 375 2524.45392
2.501740888 388 2561.924192
3.107180091 382 2551.342871
2.785169913 364 2559.105683
2.15660803 376 2518.342219
3.785996905 362 2615.971699
2.521246495 375 2556.570966
3.164554932 375 2567.447695
2.629888246 387 2517.222541
2.964996323 368 2536.8647
3.107738811 382 2547.294274
3.309879816 368 2520.305877
2.657558983 374 2560.040627
4.008843293 363 2572.806286
2.82981256 385 2555.912645
3.887714046 352 2566.248404
3.531823454 368 2604.750177
1.735559485 397 2589.164734
3.377504046 363 2540.041403
2.666707873 383 2602.877099
3.3584782 365 2616.478776
2.419531802 375 2613.293178
2.655117089 385 2566.455106
3.630636244 354 2546.750394
3.585029703 357 2536.057455
2.228017423 392 2560.711073
2.729930068 380 2617.578901
3.237351581 359 2613.924691
3.776996594 361 2533.329504
4.241525147 343 2543.119308
4.027181057 361 2609.032368
2.548388921 382 2605.474586
2.770637917 376 2628.863044
4.114594698 365 2536.371948
3.540012046 378 2528.798307
2.79777196 368 2583.364
3.428964245 356 2530.215036
2.324203535 387 2624.573653
0.8383433762 406 2628.911129
2.828761067 386 2593.357496
4.128758247 353 2547.296577
3.42834163 360 2562.978639
2.246552936 388 2558.982551
3.792315257 367 2576.300151
3.689209875 358 2578.740613
3.380603237 362 2569.104646
3.447668291 359 2623.408408
3.355090237 369 2533.047738
2.541773617 386 2528.073556
4.297499333 339 2549.421013
2.275636401 393 2540.300241
3.451424167 371 2535.68395
2.714017413 372 2543.843658
2.862429216 377 2583.405304
3.268118707 365 2589.00637
2.867273536 370 2558.694361
2.478094369 380 2621.815968
3.080378882 371 2605.014697
2.411793557 381 2544.878074
3.965184292 350 2531.429374
2.993797224 386 2539.842013
3.116590377 380 2613.143391
2.551717891 387 2519.063232
3.330475632 354 2533.721059
2.841138625 375 2581.478027
2.094048006 394 2555.040545
2.551973014 388 2588.940337
2.334896586 386 2587.002218
2.241558439 392 2605.991157
3.440842654 360 2526.172124
2.376477039 388 2618.749808
3.303292855 376 2568.921977
2.602129948 387 2596.166425
2.496589767 382 2607.552532
3.287681613 367 2619.205895
2.558729403 385 2600.222092
3.924468336 338 2596.239669
3.672147295 371 2629.192789
3.004122316 391 2532.872945
3.735175402 350 2551.27584
2.458960126 370 2564.40943
3.456476505 378 2569.016375
2.361870811 391 2605.913735
3.638490919 360 2531.178861
3.677064855 358 2583.745563
1.989036823 390 2593.777345
3.444801309 381 2593.92883
3.61667957 359 2566.05965
2.602320511 376 2551.099035
2.940238661 369 2594.086339
2.054540081 393 2526.671999
2.207735809 389 2537.772003
3.201008382 387 2601.247727
2.765943074 381 2613.085737
2.149972285 379 2624.576305
2.295816347 395 2533.277973
3.810442499 354 2569.548681
2.308332386 384 2532.118413
3.323649699 373 2529.466767
2.717526523 391 2591.247086
3.410180879 373 2619.395408
3.522508896 365 2517.231583
2.378906116 393 2579.554345
2.035145399 395 2627.177855
3.601913648 366 2548.671358
2.398105174 387 2539.423762
4.133932644 353 2544.261679
3.110268855 360 2578.794182
3.05290937 381 2593.175763
3.70888272 366 2568.375851
3.480556128 368 2618.867416
3.25151091 360 2539.9946
3.00048438 378 2588.425603
3.193521222 369 2573.309845
2.983048222 386 2615.061538
3.142580633 385 2536.766784
3.22593582 370 2603.048078
3.165411895 369 2540.877965
2.401410205 397 2621.613817
2.689383158 383 2537.749117
3.942318255 369 2576.596213
2.183670228 384 2618.262182
3.180975451 374 2552.715945
2.461019363 380 2536.042005
3.012689343 377 2517.688015
1.877091777 396 2612.112742
2.581367114 384 2607.292582
3.502130405 367 2544.5112
2.125275406 387 2628.771761
2.512415323 373 2628.188231
1.927797963 398 2625.569749
3.761402455 369 2539.685191
2.877800254 379 2563.362295
2.190954114 393 2527.927664
2.706331154 384 2610.342012
2.927152139 380 2573.278856
2.713278476 380 2582.179736
2.213595739 394 2617.00022
2.540174823 372 2567.006666
2.396390119 393 2587.20416
2.260397973 388 2610.535163
3.062601579 383 2599.753266
2.323501464 387 2526.748852
3.443917114 363 2617.87249
3.144740888 367 2573.115444
2.768701796 385 2617.569882
3.166126435 368 2554.850789
2.013116271 395 2587.952133
3.325005677 370 2554.630224
1.201458262 400 2553.631897
3.243794756 374 2550.747629
2.919805957 377 2617.274994
1.969622063 397 2585.846516
2.041337766 390 2531.982768
3.27682833 379 2569.773103
3.598480473 370 2539.20498
3.225250332 381 2549.867228
2.917589874 382 2529.707315
3.382787648 370 2588.964747
3.04327572 372 2571.315567
3.465728401 365 2519.834194
4.085991263 357 2579.122505
2.754247786 374 2530.469691
3.436841438 370 2563.021126
3.531263684 372 2582.214576
3.580579895 369 2604.891931
2.857358204 385 2580.968596
3.376551258 379 2529.04263
2.04238051 385 2616.819485
3.001647874 370 2554.290612
3.051567038 377 2538.296258
2.566985237 384 2563.101526
1.413127734 399 2627.765269
3.135426129 376 2522.278947
1.908764199 396 2565.179129
2.942326977 373 2540.766852
2.659115941 379 2573.72516
3.127832796 387 2611.736056
2.348971254 384 2536.193271
3.245502239 370 2606.668063
2.122602136 391 2629.278981
2.709750713 377 2572.267851
3.38035385 356 2629.391939
2.89900513 380 2580.220596
2.01028463 395 2571.687022
3.053434117 369 2547.619318
3.348879152 365 2553.743815
3.381499245 368 2577.703149
3.213080105 365 2572.828001
3.722087088 371 2574.193878
2.440455824 385 2541.626382
2.807973219 381 2526.741315
3.349735177 362 2530.566811
2.753011848 376 2626.925853
3.555980555 369 2535.993832
1.855537953 390 2616.837661
3.612886772 370 2521.21926
3.364462333 377 2616.061797
3.811130443 375 2588.264669
2.641400748 366 2571.462094
3.18773195 369 2517.218114
2.189607971 390 2617.995283
3.516743733 375 2537.091081
3.688647431 357 2563.33318
3.132317104 381 2537.216533
2.773500186 377 2625.49434
2.780086814 387 2522.396247
2.206083507 397 2557.874177
2.986559309 378 2538.297259
3.248366516 377 2608.73595
2.568661364 375 2566.253194
3.394182136 359 2517.699781
2.091282611 385 2627.065798
3.303078498 374 2623.802284
3.66483103 349 2542.281189
2.136189815 387 2625.375474
2.797010143 384 2594.978972
3.03987383 371 2560.043975
3.792053765 367 2615.654975
3.582508914 367 2562.056863
2.443148082 380 2554.76812
1.658996399 405 2603.682355
3.455745028 364 2538.709632
2.204992449 382 2518.699585
2.602632645 383 2599.888918
3.66125623 364 2529.190551
1.973735683 391 2528.013622
2.366345487 393 2622.023724
3.187347314 368 2562.861153
3.456193885 368 2604.318412
2.402575217 388 2585.937688
2.580915184 383 2565.726903
3.498569844 371 2526.815353
3.618223815 366 2582.227122
2.236903894 391 2623.533039
3.103113305 373 2597.730475
2.920071488 375 2583.602766
3.042654564 368 2543.987002
2.598813262 386 2517.259333
1.621921342 398 2545.506293
3.407330921 359 2569.182655
3.155126756 368 2536.075515
2.209282175 387 2622.167436
2.97437612 379 2596.334364
2.774813402 363 2613.782632
2.66177638 383 2593.498945
3.241058512 364 2591.463882
2.58665938 376 2594.315915
4.112001986 367 2551.331954
3.616428832 381 2528.480381
3.52795899 361 2535.242596
2.954206416 357 2559.068608
2.163434227 376 2531.719404
1.736586481 391 2534.841811
3.391348659 373 2558.916366
2.615452361 388 2519.40967
3.52808855 351 2561.328967
2.040270658 387 2608.523659
2.865605325 374 2565.757638
2.297054782 397 2613.646509
4.253305457 343 2591.727011
3.627379566 369 2565.523554
2.266675284 386 2618.029007
2.698592193 374 2614.650543
3.399172141 365 2556.688756
2.765390634 378 2571.275287
3.332684065 379 2602.388192
3.879988661 367 2536.624057
2.190111818 384 2536.40354
3.112779867 360 2563.8342
3.614915596 369 2543.126818
2.342866784 391 2529.345936
3.473836413 365 2555.85753
2.843416678 374 2558.866393
1.953842648 398 2625.689055
4.081579421 352 2595.586742
3.154138708 368 2541.629772
3.309761135 364 2572.039649
2.796004243 382 2523.617991
2.347015534 393 2534.873365
3.211126899 358 2587.588841
3.654847531 372 2535.411081
3.078709194 367 2530.158785
2.326643311 386 2569.957642
3.28300609 386 2625.958513
3.5372478 370 2600.10195
2.578936865 382 2611.245768
2.74145149 365 2623.935736
3.800253036 373 2601.022889
2.532393109 386 2552.326594
4.124564551 346 2576.914816
3.065342588 364 2551.733304
3.101745907 360 2550.589066
2.689049317 389 2593.519073
2.983882053 370 2547.721185
3.17373905 374 2527.571834
3.172727745 379 2599.343961
2.310845667 380 2521.209042
3.455330593 374 2602.176535
2.977037382 371 2581.263982
2.888360277 371 2554.416466
3.571712855 381 2584.175803
2.523428682 382 2553.035635
2.938307985 369 2574.974351
3.280321729 369 2526.579845
3.214284029 369 2575.703701
2.765487589 381 2571.680322
2.701195786 373 2563.572717
3.337257396 372 2556.070958
3.873400988 361 2579.033022
2.28492333 385 2575.028916
1.772889544 395 2524.696323
2.310410506 389 2549.724047
3.364271279 370 2601.558609
3.050693441 355 2578.263801
2.69975946 370 2528.261651
3.584176043 372 2531.039622
3.702180241 353 2522.352133
3.162899806 364 2560.98729
2.141318571 368 2579.157417
3.688278442 355 2553.472261
3.397812731 372 2577.654282
3.463228288 365 2526.953651
1.748934372 388 2543.425295
3.039625532 377 2548.172629
3.242698787 372 2549.909979
3.727789728 369 2584.133704
2.819201868 371 2615.033615
3.052524213 369 2530.36112
2.982916074 380 2589.796431
3.073054501 378 2600.36253
2.26990884 379 2551.470204
2.965803618 378 2524.923495
2.796344366 378 2544.525585
4.276900788 349 2520.460094
3.775678469 365 2572.257282
3.640538771 362 2527.267625
3.063674445 372 2570.842873
3.676460726 349 2541.779162
3.652356776 357 2519.818097
2.266472578 375 2544.335707
3.605512702 362 2517.45775
3.271510184 367 2625.82198
2.761378872 367 2540.512498
3.474465205 364 2522.034331
2.611067798 386 2589.466549
2.898589172 382 2609.520941
2.761763174 388 2602.442992
2.818659514 381 2570.71675
3.302142645 364 2604.830597
2.534319314 383 2565.756987
3.493167733 368 2543.401576
3.365478011 369 2624.927551
3.819651129 356 2533.344481
3.415841635 360 2602.13077
3.052791129 390 2525.788426
3.836604401 367 2563.217725
3.050416664 383 2615.541511
2.498873002 375 2604.5382
3.505407226 367 2626.072052
2.762408463 382 2549.502947
3.502267803 367 2535.673051
2.366972514 387 2599.961164
4.023397218 339 2518.094037
2.069251563 385 2516.531429
1.918189977 391 2556.717494
3.393391297 363 2580.701596
2.532786024 377 2602.409345
1.872176325 399 2597.064747
3.938023697 374 2541.767978
3.155558137 384 2547.656631
3.161284899 365 2540.286225
2.923268692 383 2557.508795
3.780579225 362 2611.435443
2.567170865 384 2574.069335
3.099575073 375 2525.537059
2.673114169 382 2623.710887
3.194126307 370 2606.166207
2.668406395 387 2577.39394
3.25489198 371 2518.93066
2.359394068 368 2538.213869
3.541059903 373 2520.088716
3.695400832 364 2544.297654
3.098533492 374 2628.426019
2.346829638 376 2573.162826
2.797735629 396 2592.543366
4.027164326 351 2524.703311
3.120747988 372 2626.848548
3.122608886 384 2628.684864
4.250487774 344 2539.503441
2.745071353 385 2567.164549
2.722693334 376 2587.195349
3.077902631 375 2601.583103
3.065968946 368 2539.107297
1.984051846 378 2550.983659
3.90528904 363 2564.930038
3.513687598 370 2592.229771
4.137251472 360 2538.649661
3.338684234 373 2534.565021
1.976158226 389 2550.502456
3.070296256 366 2565.311004
2.266303844 383 2582.985682
2.521222332 367 2542.936097
2.832637432 378 2617.984046
2.47498282 380 2557.117674
1.806260014 397 2560.746766
2.723909518 365 2528.69101
1.896083188 400 2628.883901
2.867225382 375 2554.790178
3.270990497 367 2570.27148
2.480943044 385 2581.612181
3.343493448 364 2588.883721
3.006849316 358 2580.602905
3.165189314 360 2581.442939
2.296004055 392 2522.296153
2.438086843 376 2552.450338
2.45657906 384 2600.171075
2.609553825 379 2576.854853
2.01449027 381 2609.688519
2.860889656 382 2571.472249
3.311516724 361 2550.875615
3.803369746 353 2521.434991
2.760756445 377 2583.327692
3.143388879 367 2581.91398
3.369533062 359 2541.254608
3.45756766 365 2549.945838
3.283330069 348 2531.460317
3.28455466 371 2544.031637
2.524689594 390 2560.48811
3.008473568 387 2584.667663
2.544912387 369 2551.549469
3.324114199 368 2567.785125
2.450540163 381 2528.051556
3.403501094 375 2570.416085
3.093540185 368 2532.720878
2.940779071 370 2530.095957
4.545889349 349 2592.043492
1.62266268 403 2602.751416
3.490788851 356 2576.991274
2.354731759 385 2560.744097
2.854086487 369 2521.733633
2.926236163 364 2604.477161
2.731547444 389 2574.495371
3.325717968 367 2577.531393
2.494747823 395 2553.575324
2.80403491 387 2597.430639
2.898117879 389 2590.195189
3.445143103 365 2565.402552
3.895529943 364 2611.855153
2.59699961 380 2628.972617
2.745700989 375 2598.741428
3.36065689 368 2594.580415
2.990613552 374 2535.370254
2.914495388 366 2536.084691
3.4166911 366 2560.863045
3.338569793 369 2592.267863
3.312745179 378 2628.186091
3.370892434 367 2587.095741
2.370849614 389 2617.049139
2.514490299 389 2611.448949
3.612956563 381 2518.906958
3.916598645 353 2579.549353
2.617322659 378 2612.384885
2.356852541 393 2568.069245
1.664716578 404 2546.947078
3.64113183 363 2554.899814
2.464507053 371 2629.333091
2.860205596 374 2563.549191
3.673067849 371 2605.621434
3.314020532 373 2582.160833
3.459499946 358 2563.674671
2.50113554 370 2533.423571
1.952258534 403 2614.445339
2.835430439 379 2560.814041
2.929299216 370 2545.428966
2.681804532 374 2531.253441
3.604703584 367 2578.451175
2.443030363 388 2604.040493
3.7451841 366 2561.28989
3.241229399 368 2555.696788
2.608521875 386 2605.083526
3.979419527 349 2535.355268
2.707530703 391 2584.288358
2.420320216 395 2625.472017
2.654938872 382 2593.543528
3.479861132 364 2520.635566
3.164281683 376 2578.730054
1.957849523 393 2578.941223
2.972638971 381 2551.393767
3.335279918 373 2602.448665
2.256762252 395 2519.910015
3.535370929 353 2615.958125
3.706636934 362 2552.537478
3.319942755 374 2521.145262
2.499457631 374 2627.278742
3.41404691 370 2523.963953
2.739458429 381 2524.544664
2.843065226 389 2589.706148
3.962102327 335 2554.251313
3.321255027 374 2524.935371
3.288440939 373 2583.540612
3.408974996 379 2516.496516
2.379700464 386 2620.20657
3.672207285 356 2541.197531
2.952730321 368 2530.721352
2.947813408 364 2537.077998
3.860917545 354 2601.086259
3.279114724 376 2542.449379
2.520777546 376 2615.491004
3.450249817 381 2526.087425
2.432211307 390 2625.352416
4.359714496 350 2557.98487
3.080087754 373 2605.809794
3.058086695 362 2535.912682
3.400719637 368 2594.331298
3.24944829 366 2577.126813
3.467509339 357 2618.002254
3.953178008 364 2517.909771
3.664083992 361 2559.439001
3.535845298 355 2601.912839
2.356263532 374 2597.424539
3.151754379 382 2584.011483
2.467509489 391 2571.048211
3.156468817 367 2540.057857
3.849372227 364 2532.722711
2.897818477 373 2522.882505
2.750558054 378 2612.669651
2.942085096 380 2593.573328
3.180807461 365 2533.445097
2.726471127 383 2524.007743
3.086835048 374 2573.631115
2.34530621 383 2577.877388
3.224245219 370 2596.017321
3.218931449 369 2527.855688
3.615942533 367 2536.696317
3.462084139 366 2519.208552
2.081289404 385 2569.697462
1.639327546 407 2620.521941
3.20692147 376 2599.138449
3.891119437 356 2549.902313
2.512003663 385 2577.775025
3.161639367 370 2605.162233
3.108035249 375 2583.515386
1.072953324 394 2539.288075
2.538747743 380 2592.714264
2.150909461 394 2607.670754
3.148625122 370 2544.918194
3.1298504 383 2568.955387
2.54502739 377 2615.752518
2.993622323 372 2517.310828
2.397595782 393 2517.223931
3.49000188 366 2575.47297
4.500097166 331 2537.729253
2.910236952 380 2526.609206
3.095385708 377 2554.718798
3.948546276 362 2569.167447
2.341046785 381 2547.722923
2.406183413 383 2608.56331
2.637228536 372 2582.725116
2.970593046 378 2558.732472
3.535683498 363 2546.690945
2.997287727 371 2591.335367
2.121889947 388 2555.952462
3.034102713 375 2609.468635
2.952392948 381 2626.219187
3.866423939 359 2533.002347
2.820606614 370 2603.066533
3.863029573 352 2616.80285
2.954156733 379 2595.326945
2.303216949 393 2586.845907
3.035325775 374 2570.356064
3.885606815 353 2529.138233
3.331326329 367 2535.476135
3.253703369 388 2594.387068
2.620188268 392 2537.828356
3.49692252 364 2552.545912
3.060599496 370 2572.600891
2.522000032 386 2586.152643
3.757232186 346 2539.272577
3.01812427 365 2618.400047
3.201386043 383 2591.813121
3.012512601 373 2584.131744
3.766555038 370 2601.81327
2.599089685 391 2589.87757
1.597254689 397 2617.292661
2.226153166 377 2606.708406
2.317170579 395 2618.623715
3.339764388 376 2554.947823
3.160511866 380 2616.296083
3.291683284 361 2559.250427
3.97936774 340 2591.702101
2.361936324 383 2608.709158
3.508412446 364 2605.252038
3.15410078 384 2523.684309
3.492987914 371 2580.122203
2.85965474 382 2589.248536
3.899154379 358 2533.936823
3.16888282 372 2530.487069
2.108838009 390 2596.196096
2.81587044 376 2578.309535
4.115883751 352 2552.513464
3.002624545 365 2524.438487
3.559877057 362 2527.376081
4.079587152 363 2521.863398
2.575302618 382 2566.090987
2.649333486 382 2598.839404
3.668192614 370 2627.798035
3.13030248 378 2554.180279
2.993680625 382 2564.075272
3.110437539 385 2526.182419
3.584399324 373 2535.412129
1.770509221 396 2578.989117
2.75364368 367 2611.340226
1.638290245 401 2552.133217
3.872076448 367 2562.726529
2.285649639 393 2625.172316
3.175678285 371 2552.141593
1.546853792 395 2601.175639
3.692728781 363 2565.594302
2.408516768 382 2557.962848
3.160167495 374 2544.182405
3.484138599 390 2614.420951
1.977026493 392 2545.867326
2.449079794 376 2599.143103
2.794782595 394 2539.159477
3.539813746 363 2538.514588
2.432861134 385 2583.030591
3.272633893 373 2558.542188
3.157147679 369 2521.436544
2.289296854 385 2609.734379
3.268292694 367 2540.635874
3.059024573 372 2621.545493
1.909202935 390 2572.521541
3.420038407 371 2607.700334
3.337279093 372 2521.757872
2.519341188 388 2590.53545
3.273024416 369 2541.786914
3.123863224 379 2595.72925
2.889925522 387 2547.670876
2.839601301 382 2559.146432
3.289869997 375 2532.86972
3.188660555 366 2579.25927
2.37603217 383 2613.459275
3.306092957 376 2619.542424
3.379382896 375 2591.943522
3.498395253 371 2519.290155
2.300064768 381 2584.703953
3.149251215 373 2581.258664
3.366539318 370 2546.913473
4.309085623 352 2570.751958
3.584127067 356 2561.30583
3.106524699 374 2578.015781
3.054223571 374 2521.941387
2.778842042 396 2626.364337
3.134094444 374 2568.965516
3.482936924 362 2606.669449
3.887070088 373 2582.001163
2.856181895 365 2619.191437
2.889081527 375 2577.350882
3.1597869 364 2537.188708
2.87466115 373 2549.454851
3.438224112 373 2586.927433
1.88348952 393 2622.721563
2.836009369 362 2550.343664
3.101425481 372 2546.036001
2.5551291 388 2557.815835
3.332517914 357 2605.100093
2.717078578 387 2577.040436
3.593729271 355 2520.888642
2.384880733 394 2578.124326
3.813377754 357 2613.419391
2.283084087 398 2540.146856
2.923753042 383 2582.443385
4.050124671 358 2547.637381
2.922753125 367 2623.740267
3.346055241 355 2610.203133
2.96223983 381 2576.89743
3.184017967 384 2516.514217
2.660917372 376 2593.93601
4.0776084 356 2577.996806
3.783095257 349 2576.759706
3.942192089 340 2542.948461
1.498353721 397 2627.555819
3.077941727 368 2624.719216
2.326852597 395 2628.540277
2.400783067 387 2617.220722
3.100175786 368 2625.59752
2.810019112 374 2601.399797
3.116246176 357 2563.399467
3.719835151 356 2541.550268
2.815056643 384 2561.935562
3.066697801 376 2533.082307
2.546820511 380 2628.408002
2.837061888 375 2585.096542
2.050572868 390 2578.579015
2.735902046 376 2569.15514
3.122695284 363 2615.612939
3.02966215 374 2574.065637
3.636310012 366 2597.071896
2.615593144 386 2621.694347
2.378729527 375 2564.689388
3.451257929 380 2586.635477
3.721362361 358 2565.805206
3.375995581 378 2538.869507
2.924634071 387 2581.583613
2.833926125 370 2522.475306
3.327652364 372 2587.496268
3.729634314 356 2548.547659
2.822215379 376 2530.844468
3.236989001 365 2600.426868
3.790657013 345 2605.98497
3.393856847 375 2567.031069
3.63717904 379 2525.430732
3.042887736 370 2576.731217
3.567245398 373 2539.699189
3.373980362 362 2554.979363
3.956703418 363 2577.22242
2.560762578 370 2593.443514
1.22120223 398 2590.661914
3.12293847 370 2563.066204
1.855322146 387 2619.787943
3.302309974 361 2567.865697
2.691674176 372 2592.347292
2.492608632 381 2567.659425
1.52966969 401 2607.384582
3.320636663 379 2528.355021
3.42359762 370 2556.178562
2.536623189 387 2574.994535
3.445169924 364 2611.501106
1.785686501 396 2627.102904
2.809552004 388 2603.664205
3.73422882 360 2552.054943
2.889192075 378 2595.430624
3.263725483 376 2594.967047
4.366542771 360 2621.310856
3.090484096 383 2580.203878
3.459788326 359 2627.364369
3.509166746 359 2518.476997
2.106273635 380 2586.652857
3.080145615 374 2531.193005
2.282662463 375 2559.617044
2.960652438 378 2553.595167
3.002122061 379 2555.536834
1.803857374 399 2603.074706
3.457484909 363 2613.065656
3.672455845 371 2538.235792
3.245699138 376 2553.354398
4.166595252 341 2571.722624
3.091651245 371 2557.368809
3.149873536 376 2527.673493
2.820027463 383 2540.567244
2.477049406 388 2533.202332
1.57258312 394 2527.720124
2.804798636 372 2532.898182
3.50770228 365 2526.844096
2.644513044 388 2613.922291
3.39057304 357 2556.032119
2.577328568 386 2573.879446
3.023745831 376 2617.796587
3.277665802 373 2556.637228
3.711695124 364 2588.990029
3.425561739 372 2546.486034
3.079229887 381 2601.865518
2.180707081 391 2595.399444
2.830854063 382 2569.582275
3.022192804 370 2615.325002
2.598674322 389 2626.921988
2.519083761 387 2575.803646
2.733054797 370 2539.865383
2.987079687 379 2533.042221
2.258618494 394 2589.720976
3.094961139 378 2587.047065
2.971830902 380 2579.961885
3.389726026 357 2545.17651
3.237672176 369 2560.149455
2.637379399 383 2585.294166
3.151576487 376 2531.946771
3.486995632 356 2556.877455
3.48683429 361 2536.518378
3.873381174 371 2561.92689
3.41970324 369 2569.067129
2.709540049 385 2596.515233
3.538141274 370 2517.363503
3.426958263 364 2534.184883
3.976527863 370 2579.407514
1.952457824 384 2587.883597
1.740343282 395 2532.586189
2.564189581 395 2620.834503
3.518505031 356 2519.925379
3.136947739 367 2608.161315
1.815583872 397 2594.940449
3.176601158 368 2592.997009
2.581048877 385 2617.757945
2.7882835 381 2599.138699
2.548309618 380 2624.868845
2.449589535 391 2624.947904
2.791455268 371 2619.828977
3.211215243 373 2601.427738
3.480306011 362 2547.084689
2.583804696 371 2549.463811
3.13550626 374 2539.440877
2.551157455 371 2614.648628
2.593122714 373 2578.505312
3.274181954 358 2614.467025
3.605787759 353 2527.962822
2.296776839 393 2612.387911
2.994512789 363 2591.678198
2.70282301 380 2594.119514
2.70910324 385 2584.757549
3.968795479 359 2549.817795
2.822315909 370 2622.384881
2.885820197 379 2519.597539
2.654393029 377 2561.489154
2.138107685 388 2601.985039
2.72841667 375 2572.943532
2.670243323 371 2524.950616
3.328552366 375 2594.70891
2.736740128 373 2623.749643
1.67503373 396 2555.256784
3.147298199 357 2524.873533
2.592878082 385 2582.001583
4.081293031 344 2519.502146
1.978419824 394 2615.140646
2.654535056 388 2555.860231
1.78739149 393 2562.266024
2.588003058 379 2582.328913
3.083457308 368 2549.747136
2.711484312 382 2530.896044
2.984327586 365 2571.311919
1.505748029 393 2592.061124
2.904942744 378 2576.64894
2.999592124 372 2545.025282
4.069428558 363 2520.684209
2.898619022 378 2598.902731
3.201611846 372 2581.10124
3.590053808 373 2536.890543
2.85809045 369 2542.58419
1.972255283 397 2606.770131
3.04190945 363 2538.837008
3.539556998 362 2611.980983
2.596638845 399 2521.25571
1.933837155 392 2558.780049
3.261780236 348 2609.382557
3.551983604 381 2523.696462
3.167501015 372 2593.524994
2.224541624 385 2583.846668
2.102430909 399 2627.709468
3.247094888 371 2585.770991
2.72273888 376 2611.314031
3.125402307 375 2609.361419
3.349294103 367 2614.15656
3.444143586 358 2621.611922
3.500570453 363 2622.207638
2.496767234 386 2534.569725
3.214688588 366 2567.340062
2.265349497 388 2576.494686
3.787156399 377 2624.042879
2.898489081 380 2617.293471
2.984765025 367 2553.38521
3.152813679 373 2587.106889
3.165844564 361 2543.997587
