2.033848369 397 2789.714249
2.757584731 379 2825.532045
2.219800701 396 2787.156233
2.07979161 398 2876.428012
1.897178151 396 2805.852527
1.9525794 391 2881.910674
1.949580753 387 2752.213736
1.373644969 407 2867.149857
1.083071791 404 2804.434075
1.887365718 391 2827.624879
2.178432529 384 2818.525973
2.443101794 392 2825.611572
2.657405353 388 2855.641513
2.213464985 391 2767.526132
2.60456619 396 2882.757091
1.59573854 402 2819.648457
2.266147282 396 2828.509669
1.684709053 400 2862.40008
2.306259601 393 2881.297326
1.414477924 407 2790.795915
1.41163059 401 2776.380043
2.178862216 391 2769.609346
1.439022569 404 2871.643105
2.031758021 395 2858.936328
1.625501289 401 2751.008698
2.279854263 400 2791.994427
1.684274986 396 2845.392097
2.733042522 376 2835.108242
2.461902872 376 2775.863972
1.398046993 412 2832.961514
0.8518084968 409 2829.505189
2.392498995 402 2864.435828
1.748694606 407 2786.525316
1.909754043 400 2828.964219
1.013218124 405 2873.298278
1.925448716 394 2879.900919
1.439082435 407 2757.16131
2.318719163 382 2767.139609
2.014390434 390 2820.196017
1.138539914 397 2772.696829
3.015488503 380 2772.961117
2.010654381 405 2852.580625
2.079817281 400 2865.760814
2.435670869 393 2757.520046
2.704286353 374 2816.279812
2.752687141 384 2829.88816
1.07266514 405 2874.611585
1.777553518 401 2770.287271
1.883052695 386 2849.817421
1.849248478 396 2878.769947
2.793205022 381 2848.524883
2.486247237 383 2770.084027
3.389373103 383 2858.515489
3.218370849 377 2794.668843
1.002878053 406 2850.62469
1.843570924 395 2801.180344
1.83372685 403 2878.634541
0.5028728196 407 2804.449974
1.245134273 405 2840.955724
1.69502023 400 2775.632369
1.608868996 400 2830.167249
0.7257450389 408 2796.410595
2.584541745 397 2768.827625
2.496470663 392 2834.512588
1.399958893 397 2876.603239
2.829934995 381 2782.495312
1.298843252 404 2869.119467
0.3542707187 408 2875.021171
1.817995856 405 2848.121055
2.053804457 396 2826.393014
2.982782869 379 2759.707892
0.2736468774 408 2760.632659
1.960983437 401 2759.486629
3.084352203 386 2883.559272
2.509385647 391 2765.695926
2.771368921 388 2829.03107
1.302827216 397 2802.184045
1.798625586 397 2835.234076
3.239831005 379 2877.074575
3.159631648 378 2764.974985
2.740041028 380 2794.139276
1.638223167 405 2869.310709
2.167766369 389 2812.851879
1.808193606 401 2790.032342
2.692959021 378 2792.618852
1.149330354 403 2819.146516
1.384679272 394 2757.789112
2.140649255 394 2796.559448
2.318581986 387 2813.210776
1.693532034 401 2774.474385
3.467653726 375 2844.703297
1.935214609 402 2797.993604
1.716817668 406 2843.026369
2.371540298 382 2760.327335
0.6198590788 406 2853.877944
1.810674471 393 2795.260146
1.519358899 402 2830.898439
2.797882556 380 2882.125346
0.9714519123 406 2820.941389
2.498699738 388 2754.354929
1.389674666 399 2870.942218
1.806270642 391 2853.339455
1.819266718 392 2840.816692
2.273880462 392 2770.91875
1.102513527 401 2876.871256
1.068219698 407 2832.024306
2.390675124 387 2805.386377
2.009168026 390 2759.089626
2.705062058 392 2772.690119
3.313891294 371 2796.253947
1.928392879 401 2825.484342
2.457475407 401 2782.779104
1.106336006 408 2849.404696
2.279357121 385 2838.047432
1.96457348 401 2810.419344
3.380696382 374 2776.496397
2.574801292 372 2855.337055
1.363105128 402 2784.387363
1.456775448 405 2856.13285
2.936577852 384 2837.576717
1.459935229 399 2832.753693
2.265941458 389 2792.742928
1.756860699 406 2825.274605
2.2128745 387 2776.838422
2.307579629 389 2786.095376
2.747100122 378 2759.430246
1.879146867 398 2854.820531
1.988985814 391 2839.340689
1.118213303 393 2812.195869
1.488355529 399 2877.18635
2.132295794 387 2786.116475
3.296386855 387 2806.75914
2.748516455 385 2815.991678
2.823990174 380 2880.184404
3.148258898 373 2883.273266
1.994284474 401 2774.839462
2.396016636 396 2773.391877
3.175016677 377 2771.902133
2.572278955 381 2774.110396
2.868239036 380 2806.503265
1.68115087 405 2856.583794
2.835050688 375 2796.272361
2.509391813 384 2823.873961
1.753597945 388 2766.503916
1.522766094 403 2809.581653
1.778684807 407 2835.717369
2.048628959 405 2814.160639
0.880713968 408 2808.849072
1.815848702 403 2781.432432
2.367481173 375 2752.793578
1.999202922 393 2806.801854
2.881869072 376 2755.44916
2.245965956 384 2761.494947
2.360237381 404 2811.808674
1.338147923 407 2781.978541
2.952057167 379 2762.419211
2.116354896 391 2860.999242
0.6190397077 405 2782.045174
2.922910581 385 2776.382034
1.90286093 398 2790.833113
1.641565951 409 2873.567144
2.097273315 397 2862.755164
2.977930769 376 2780.468391
0.8255127683 408 2859.617855
1.289505728 404 2756.161832
2.168490164 397 2851.3925
2.885716573 373 2869.373829
1.172952313 396 2837.10715
1.530008989 404 2859.363511
1.534643427 401 2825.910482
1.646271622 398 2857.464508
2.086440909 385 2765.425714
1.192338107 406 2774.593992
1.530097086 399 2879.13735
1.350211675 407 2825.992556
1.438514029 398 2868.133879
1.90710432 397 2786.568009
2.582970015 383 2838.160184
2.839321346 392 2824.563841
3.071832662 375 2834.486424
2.518210995 389 2848.635636
0.9173944783 407 2852.50618
2.383287916 403 2827.151145
3.063034663 385 2875.632198
1.867995584 394 2769.113605
1.912711023 397 2781.669609
0.7793493365 410 2774.814364
1.369526219 394 2774.056974
2.211308931 397 2793.07173
3.177005989 381 2770.334711
2.017969328 397 2762.561146
1.569307429 395 2831.152613
1.790128277 398 2854.812566
2.319418808 396 2839.695122
2.829103054 382 2842.46881
2.881355986 381 2811.998806
1.856097616 398 2835.456147
1.837383532 393 2854.321009
2.148584417 399 2760.460503
3.225525578 378 2779.027058
2.188708695 397 2774.917003
0.9781662809 408 2846.77237
2.441853793 390 2784.57561
2.052977325 392 2784.48519
0.7415761127 405 2882.596398
1.980835034 396 2790.119117
2.382459959 400 2752.75665
2.041450768 394 2875.181603
2.948841161 374 2768.534509
1.275948565 397 2777.648877
1.57141342 404 2773.578509
1.80798204 388 2815.536368
2.413971321 376 2804.057042
1.931568108 398 2847.174337
1.864035426 395 2815.539927
1.495507254 404 2851.528643
0.9609237403 411 2772.59783
1.213081988 408 2816.289435
2.005579331 399 2838.793427
1.572309013 394 2769.132483
1.141675068 410 2784.393971
1.606349355 402 2859.952112
0.71034807 406 2762.883207
1.753055188 404 2785.493282
2.484188681 392 2781.944569
2.782271853 384 2843.77571
2.090253048 394 2751.536686
2.152060236 402 2781.712914
1.369675491 401 2873.37776
2.801982936 384 2830.211698
0.9854815741 407 2880.628987
2.153692104 387 2761.891087
1.752164952 400 2853.038717
1.000920283 408 2760.526093
1.752733629 406 2875.290347
3.121363115 379 2754.014894
1.066800327 408 2829.037142
2.592402292 399 2770.162898
3.639957078 361 2812.678796
2.141170749 383 2793.907722
1.222811539 401 2881.596925
3.143163769 378 2834.528215
1.962736699 392 2848.020192
2.066878753 399 2779.832667
1.885453422 395 2798.849301
2.343628234 387 2755.821799
2.303462607 396 2757.882199
1.954285723 394 2781.617682
2.141096048 397 2835.522547
2.720445618 369 2840.307721
1.412926256 402 2854.826672
1.217340665 407 2872.228901
2.433023998 394 2772.680376
1.33082057 408 2873.466767
2.409892655 401 2761.114875
2.276457373 400 2758.03932
2.267189878 398 2822.886311
2.135229993 397 2843.610581
0.5841622329 406 2829.434287
2.071482245 396 2777.16608
1.83292194 393 2793.322398
1.652868827 399 2770.666843
2.487538425 394 2873.625206
2.190985025 392 2790.18931
1.13904056 405 2817.551306
2.988881158 387 2822.686465
2.374526819 389 2795.454727
2.486307222 388 2764.304685
1.31813302 406 2865.152646
2.719491047 381 2770.618176
1.785198255 402 2779.129047
0.8450665404 406 2848.343813
2.814342477 388 2871.996869
1.495127365 406 2765.341463
1.025689179 407 2841.160229
0.6893590639 407 2857.379599
1.116017625 408 2860.539855
2.528897652 395 2755.777052
2.649852941 383 2810.99605
1.808545858 396 2823.835508
2.33350095 397 2857.776898
2.072211066 386 2818.536936
2.07828794 388 2776.098354
2.062726553 401 2872.383495
1.168126716 401 2818.341153
3.282458571 377 2790.682616
2.014040563 397 2818.195024
1.174076684 401 2830.1205
1.897199923 392 2857.88467
0.4582737347 405 2787.735313
1.136652212 408 2769.285115
2.062847977 397 2876.888439
1.53758285 400 2751.528956
2.315833672 390 2772.853554
3.217396302 380 2763.459272
1.709520521 397 2830.628639
0.8299279481 402 2861.150734
1.554334883 401 2811.794918
0.1038109372 406 2840.381851
1.438506703 401 2770.971915
1.377124685 401 2850.110483
1.971932067 394 2755.602247
2.004392911 384 2766.093883
2.56403336 382 2787.352416
1.834186049 396 2798.740119
1.682599672 394 2828.776926
2.648781358 382 2818.302425
2.593295174 392 2776.637592
2.035026243 395 2808.765562
2.051362646 392 2809.297176
2.464143029 400 2838.814848
1.560570128 397 2793.072445
1.222589222 399 2817.644647
2.70624469 392 2821.079298
1.362072615 401 2780.116687
1.772315568 392 2834.487166
1.528247792 399 2875.201432
2.143674357 392 2772.518981
2.644400307 389 2820.005506
2.632923839 394 2761.732596
1.993777962 396 2788.903135
3.115589102 387 2808.329759
1.633841593 396 2764.95293
2.984438767 362 2799.849046
2.566336225 393 2783.344423
2.124974968 389 2879.987929
1.286212132 399 2776.411787
1.361736203 398 2840.718499
2.034644267 404 2804.364217
1.885698242 395 2795.132253
2.078156798 380 2785.214444
1.717719337 392 2787.576369
2.738195992 377 2773.394934
2.413641252 393 2844.335687
2.645509073 383 2836.369069
2.968539972 396 2758.738872
2.792939532 377 2754.473564
2.357617435 386 2845.325438
0.9876157781 402 2780.759267
1.945997391 399 2758.201533
0.91684779 405 2824.198541
2.197033916 397 2795.750508
1.255006975 407 2843.012718
2.764314923 382 2875.15833
2.150783487 389 2762.599889
1.934785927 397 2825.059948
1.618809494 397 2877.199089
1.40519121 398 2781.614265
1.665257124 400 2884.371725
2.16367271 398 2777.571031
1.44095436 405 2830.839731
3.059726449 389 2758.974899
2.094173929 392 2812.484574
0.7607628445 409 2872.325607
1.929351077 397 2878.517576
1.09043176 403 2877.176984
2.32577773 387 2777.842859
1.534318549 407 2791.504012
1.831712863 398 2883.527651
1.51829909 403 2866.584023
1.799538852 394 2753.286733
2.943896874 377 2756.372593
3.104674564 395 2874.260942
2.112663654 396 2819.166702
2.933273644 389 2863.412291
1.890652175 392 2853.067442
2.105211867 389 2752.273923
2.155203909 398 2783.141007
2.42688532 395 2840.487247
2.390807584 395 2796.767504
1.53158382 400 2856.691837
1.944269473 400 2753.986916
2.766089138 386 2855.221918
0.4019373736 409 2844.488822
3.486029712 375 2771.050121
1.862516344 393 2761.359261
1.722776026 396 2846.102639
1.399251775 399 2786.315128
1.790350383 396 2751.607232
2.164943447 386 2763.586102
2.564926757 377 2809.503979
1.774565326 395 2784.264945
1.384736932 403 2778.214228
1.618620792 399 2810.582177
1.994738573 396 2833.652992
2.027402563 400 2844.451678
2.351163045 397 2879.408634
2.258210562 379 2841.715765
1.082494164 408 2775.330374
2.414978595 383 2846.184158
0.7254551884 410 2830.251921
2.940376317 381 2813.616801
2.891219008 386 2872.806589
1.806701618 397 2857.789576
2.962290108 379 2844.081875
3.360396041 389 2799.53325
2.439856028 380 2849.067721
1.83322606 395 2777.816797
2.100605256 389 2825.170842
2.310619744 387 2811.83093
0.9849163119 397 2780.144781
2.764489615 380 2792.420742
3.245321553 373 2792.567845
2.86225791 380 2785.54034
1.987134866 401 2861.572915
2.477690846 398 2825.336622
1.614101151 401 2831.622726
2.180920596 393 2762.942738
1.34259077 397 2795.248514
1.39152404 413 2842.917681
1.698692114 406 2783.672104
1.987536053 397 2836.772345
1.337210829 408 2866.715179
1.808262461 395 2768.456547
1.914313024 394 2812.175131
3.063386079 380 2819.678787
2.004702694 389 2840.191327
2.26868175 382 2820.568917
2.118268365 392 2771.574488
1.019228031 404 2864.306253
1.540545983 403 2797.619724
2.452791577 381 2845.078882
2.112471547 386 2785.734508
1.335961979 404 2855.526952
2.218444312 390 2767.779425
2.15396996 399 2872.279358
0.5834274299 410 2807.746115
1.207367883 393 2808.97217
3.068357295 369 2757.88219
2.190309862 395 2758.112404
3.292605315 363 2769.020961
0.4716025613 412 2870.870885
2.93414616 368 2871.733673
2.279867946 387 2859.201487
2.151818663 386 2863.509717
0.1535112256 402 2880.864837
2.30177511 395 2799.606215
2.663067309 386 2835.492944
1.479963894 396 2799.602842
1.420383496 400 2800.763114
1.924418642 384 2817.479455
2.879990655 384 2797.03972
0.7103595936 399 2861.938183
1.164581594 411 2878.700908
1.904301352 393 2767.642547
1.422661473 405 2795.763556
2.944012265 392 2822.003496
1.930015773 388 2809.800732
0.7441387909 416 2848.780896
2.792819441 381 2829.443051
2.54402648 387 2750.485872
2.977112265 395 2809.569399
1.274947916 403 2880.537831
2.042380879 397 2772.177966
2.469663454 395 2805.941855
2.891240856 386 2803.713089
1.717157212 401 2795.462134
1.934346765 391 2870.190726
1.838748671 399 2826.907652
1.280571034 405 2865.239895
1.933079274 399 2861.8286
0.9044323061 407 2882.901067
1.562259596 402 2821.597493
2.909230625 381 2827.948861
1.602266689 396 2754.5022
2.164745479 389 2846.477757
2.415184477 388 2863.794208
0.5753282939 410 2856.511072
1.719456601 391 2826.577223
0.7366591072 407 2860.465896
2.723001484 400 2765.247762
1.75977441 391 2861.673746
3.120691528 385 2765.911628
1.114671968 405 2862.490243
1.406536176 402 2796.383934
2.033183354 389 2759.237052
2.311670258 393 2848.442329
2.267219977 392 2795.43076
1.096611933 408 2845.738088
2.765878715 387 2763.630785
2.572761042 391 2773.76886
2.262124052 393 2866.838203
2.715048982 382 2761.273825
1.749863191 399 2790.162307
1.842001339 401 2867.155338
1.018100803 399 2848.987212
2.213525872 394 2853.348623
3.055196324 382 2793.903638
0.8571068103 408 2841.849069
0.3572427525 411 2763.65784
1.848733172 383 2875.71251
3.061683739 378 2757.055605
2.417483157 393 2756.737102
2.22494088 395 2824.500797
2.218158952 394 2824.678866
1.693992923 392 2761.399551
1.498158423 402 2807.31685
1.57934543 396 2793.421385
2.267962597 397 2779.832648
2.488569626 394 2759.765264
0.5491883654 405 2794.054577
1.9981521 391 2792.541753
1.840996309 399 2810.169446
1.848234335 398 2816.67579
2.372910602 396 2861.857894
2.702267663 381 2847.392764
0.9695608095 410 2883.995468
2.500772384 392 2778.128697
0.5710455825 410 2872.257744
3.140510534 384 2757.748959
2.728793164 387 2757.341888
1.4916676 404 2841.002577
3.231836177 367 2782.64798
2.022119719 394 2876.12873
2.569324051 386 2840.953738
2.385718836 383 2799.027715
1.139474242 401 2776.737988
2.600616691 391 2850.344645
1.140824031 410 2824.735722
2.096355671 393 2783.33103
1.489513706 405 2839.358281
2.051049721 388 2814.570982
2.113287462 390 2812.626678
1.948333118 397 2810.322981
1.661142756 398 2810.541967
1.830674531 392 2772.239883
2.663331747 381 2796.237682
2.165018531 395 2844.389873
2.048941761 386 2852.670724
2.681888633 390 2793.301531
2.22171522 394 2797.58408
1.369859735 407 2840.090753
2.9395633 389 2756.822773
1.428796248 400 2846.278231
2.869490364 369 2781.837124
1.422326491 392 2806.325387
2.762407673 387 2824.558529
2.416515708 379 2755.913807
1.453370099 404 2789.099856
1.951794544 394 2785.775172
1.727669532 391 2839.712517
1.401304345 400 2837.794799
2.424643988 387 2804.976515
2.279903976 396 2839.777207
2.939686525 369 2782.766905
2.22584853 379 2820.631206
0.1443633745 413 2805.935636
1.702019965 405 2873.079362
2.428399635 383 2811.210938
1.427143025 398 2788.176904
2.577516155 396 2838.562967
0.3934865609 409 2882.966498
2.834387764 382 2798.793539
2.618838293 382 2825.090852
2.005310968 396 2750.315292
1.834740337 396 2798.958722
0.6649700224 406 2846.264153
3.122815394 374 2781.793068
1.556259327 401 2822.917916
2.012055432 395 2825.512938
2.461256028 390 2782.127591
3.473973166 372 2826.849
3.142261309 387 2764.986946
1.386002657 400 2809.808497
2.229116184 395 2814.600399
1.870358205 398 2841.851956
2.613261053 392 2757.71725
1.332444549 405 2791.87853
1.560922613 404 2820.531531
2.222546808 399 2764.425135
1.831422247 403 2803.103863
2.136352997 399 2759.873929
1.884746955 402 2772.261912
0.605104636 406 2811.705507
2.42268345 392 2810.966059
2.161655451 388 2858.77057
1.913766664 407 2789.564975
1.686019919 394 2811.927755
2.800222492 375 2805.0045
3.364381009 369 2832.807343
2.069712375 396 2834.6574
2.24050688 391 2795.677473
1.359403977 407 2874.11811
2.899983194 378 2873.794922
2.522768902 387 2799.404232
1.734364141 393 2768.652078
2.10010122 385 2756.738318
1.771838021 403 2771.100542
2.402657913 389 2771.100331
1.373287753 406 2798.722307
2.156406051 383 2819.372706
2.475369938 388 2859.946153
3.143724062 373 2872.029299
1.497750814 396 2762.977976
2.208021783 384 2828.547193
2.301568548 397 2835.357775
2.564900022 377 2860.001273
2.21304545 393 2842.029986
1.364681248 406 2830.897311
3.167858397 389 2766.574151
1.666378284 404 2833.550102
2.399326314 385 2849.452231
2.607670144 379 2832.67383
1.574888766 400 2861.541617
2.219546993 394 2830.380165
2.498784339 390 2846.647442
2.344655199 390 2810.003513
1.806240015 391 2796.446544
1.96556744 400 2809.304592
2.334723615 389 2804.386677
2.461062341 387 2756.464867
1.560714506 394 2856.1765
1.703356164 389 2751.897647
1.555076975 405 2873.339439
1.412851164 396 2865.10598
0.9613641015 406 2771.566723
2.173518661 390 2754.435319
0.2334754961 405 2837.428941
1.024373175 408 2844.602387
2.187872801 392 2799.473543
2.069918429 398 2836.962061
1.783443653 402 2818.838987
0.5105912989 409 2883.694454
2.870271025 382 2824.52445
1.049206679 406 2763.057491
2.849583168 387 2772.956872
2.528163664 386 2798.021793
1.25420364 400 2860.942558
2.028370778 402 2791.186063
1.549476802 406 2840.395115
0.9534474263 402 2851.45175
2.625883205 392 2858.421358
1.69421355 402 2812.700422
0.507563589 407 2881.229656
0.5363720129 410 2875.810142
1.654302351 405 2789.094211
2.079079915 394 2836.864651
2.676781715 391 2841.977939
1.337431671 410 2871.147284
1.172351392 408 2832.901575
2.269188967 388 2807.838096
1.762424618 401 2841.271845
1.182669644 408 2851.714927
1.785134928 400 2861.642814
2.140068393 404 2766.811425
2.495641724 388 2849.498423
1.944603054 393 2863.176084
3.629632208 372 2801.481963
1.623690492 397 2843.906748
2.517307532 385 2807.217151
0.5140615898 408 2795.924861
2.270717345 389 2805.459673
2.174800498 395 2794.389999
2.098343615 388 2825.551659
1.430111895 400 2785.240709
1.704587949 395 2803.622045
2.05843906 398 2833.193686
2.367576716 400 2860.366524
0.8855478009 412 2814.207441
0.8632765128 402 2863.984633
0.7353487953 403 2827.267818
1.609415493 399 2842.544109
1.504942154 401 2800.698703
1.155279617 401 2819.303096
2.198761593 397 2868.121689
0.7055655726 402 2773.603624
1.630786746 408 2794.819874
0.8634752466 404 2847.311688
2.770064431 380 2751.973065
1.66889255 399 2791.747826
2.112359314 386 2802.550212
2.596818844 392 2798.740742
1.77591191 398 2853.8887
3.449743599 355 2771.696767
1.466440696 401 2771.653482
1.448460005 401 2823.07947
2.348343957 396 2832.530231
1.114721831 408 2837.425388
2.441724963 387 2808.235722
2.53661268 389 2769.820621
0.7598907155 412 2820.157803
1.868417015 400 2827.363138
1.862544247 397 2829.798614
0.6989862071 408 2824.45133
0.8161572407 409 2831.017835
2.027975906 403 2816.092987
0.7273530567 404 2834.489428
2.325184569 380 2751.854236
2.146070867 395 2780.918524
1.504276181 398 2882.39199
2.859801871 388 2837.17005
0.9922452725 397 2861.388258
2.498908872 387 2808.575304
2.774092958 381 2832.901193
1.108087356 398 2877.277033
2.558087058 388 2774.891303
1.167359336 401 2830.037804
1.225561119 405 2844.47938
2.923265577 388 2883.746938
1.850276642 398 2806.813771
1.519003595 400 2810.169871
1.648948493 391 2750.472806
1.703769014 396 2788.162893
2.177642841 404 2777.035391
1.181728299 404 2794.925999
1.827102649 395 2766.274021
2.287943072 390 2783.211092
2.616871511 386 2785.466366
2.361145712 391 2818.422177
2.176784781 400 2848.787641
1.827587496 399 2796.464675
2.304958502 390 2769.520342
2.374981153 385 2853.560845
1.551308569 402 2783.295102
2.106318831 389 2778.056169
1.631178705 398 2882.760981
2.420086947 393 2810.094289
0.1236600472 406 2840.02733
1.591006667 401 2833.280168
1.883525702 401 2812.865626
2.883740215 392 2788.805985
1.365869389 399 2842.000644
2.643680578 393 2789.549728
1.126220988 395 2753.071721
1.204327102 402 2766.215406
1.599680024 400 2802.635623
1.675609533 391 2841.113113
2.362382485 395 2766.439749
1.882302589 402 2879.931451
2.393775302 403 2797.904982
2.745820734 378 2768.337887
1.162975616 402 2784.407511
2.340594673 404 2799.846373
2.324832413 392 2883.312653
2.827970128 388 2787.212151
1.705387927 399 2827.586976
2.794662136 373 2751.129671
3.048609392 373 2766.228172
1.702197938 401 2787.620141
2.184982437 393 2876.348084
2.034618893 399 2799.097048
1.495212302 402 2826.527648
2.612944159 382 2784.802167
1.906627213 400 2775.240725
0.818245537 405 2868.396606
1.738856086 395 2851.809034
2.343659493 391 2856.04402
2.261830579 392 2788.964002
2.113015276 395 2828.229347
2.099645342 389 2793.502674
1.792026906 397 2804.702413
1.112268047 407 2853.036499
2.411002825 394 2835.125665
3.339089844 375 2750.467647
2.355382975 390 2760.184995
1.410731026 404 2786.794095
0.7558754992 409 2815.046753
2.78132985 378 2756.106069
1.13987469 406 2784.610005
2.720376118 383 2830.824556
1.273029518 398 2772.382979
2.125338011 399 2813.882566
1.828118663 398 2879.947779
2.023172478 403 2867.105028
1.284627879 404 2819.465489
1.748983549 403 2807.231984
2.267412739 389 2769.225624
2.62802657 387 2752.180487
2.663713384 380 2788.029774
1.659282637 395 2847.242904
1.528567889 398 2766.82399
1.930564331 390 2798.380013
2.61953798 387 2825.477466
2.900192759 380 2781.16588
2.770346254 391 2873.818195
2.457143942 390 2816.418832
2.534026302 394 2877.634193
2.64565772 401 2759.999991
2.707374261 376 2777.697967
2.219783403 401 2819.921704
2.659080642 392 2863.148795
2.175201312 390 2797.278356
1.312967262 405 2881.592481
2.102742513 401 2865.077395
3.057227128 374 2781.225848
2.290003738 380 2821.623351
3.508849228 378 2776.250604
1.920924803 399 2838.975746
1.780859799 400 2839.668356
1.220731647 399 2823.927654
1.850925248 404 2825.219733
2.55055361 390 2757.340732
2.562765801 393 2843.508173
1.094651873 408 2765.248688
1.943731414 399 2881.562636
1.900333213 397 2796.195421
2.492021276 390 2835.616013
1.767358591 392 2793.781566
1.078250636 408 2820.011059
2.405485154 400 2827.272244
1.2202136 415 2811.713846
2.472611256 391 2845.742386
3.02207032 384 2847.573134
1.964958245 399 2782.423085
1.438628202 401 2832.819444
3.672036809 359 2775.731068
2.846121699 383 2812.554191
0.5322019113 410 2810.887125
2.51294369 383 2790.812118
1.269604943 401 2853.501498
2.142025322 398 2797.830851
3.165148481 378 2763.98893
1.888412492 397 2800.78175
2.747833887 384 2763.66839
1.207395732 408 2869.326728
3.091008568 389 2841.787488
1.859936377 403 2808.223374
2.566420484 388 2780.931791
0.8426290195 402 2855.26348
1.694115174 400 2767.725734
2.813932942 384 2763.240708
2.707769469 394 2796.190566
1.976764024 397 2824.005198
2.189322031 376 2857.25031
2.44598769 391 2826.510292
1.642771208 393 2870.725749
2.441144719 389 2766.245256
2.059135937 389 2789.892712
1.601856465 403 2884.46183
1.158044466 405 2767.002145
1.059968932 402 2882.160541
2.5940071 396 2806.750808
2.40249722 380 2815.80277
2.076851246 394 2776.931744
1.840227075 392 2853.514679
0.3777048843 408 2780.864897
1.701973965 404 2804.147402
1.913713715 407 2876.956452
1.766848898 405 2757.018312
3.375841683 376 2789.733687
0.9751472672 399 2861.226994
3.050933774 379 2779.139484
2.647501902 367 2763.625095
0.8482079407 401 2765.255311
2.969250713 384 2753.443363
2.441266258 400 2791.470306
2.280445187 389 2805.298159
2.007832239 395 2877.321271
2.173188003 395 2796.243738
1.901062509 391 2881.959165
2.571941615 375 2773.006609
2.3219927 395 2767.448595
2.26066726 392 2837.576097
1.817424052 397 2823.050787
1.731188913 399 2840.258003
1.720353514 401 2854.762467
1.440218044 400 2764.8759
2.39423928 391 2797.635577
2.591193587 397 2803.085277
3.324493208 364 2767.669139
2.713482531 380 2868.949912
3.236247396 377 2808.066929
3.006556076 382 2815.928599
1.388255608 405 2879.928954
1.415222403 402 2783.916717
1.671694345 399 2809.686894
0.8116702283 407 2848.044531
1.702903128 410 2869.043753
1.531621213 396 2787.715165
1.372456396 403 2755.771727
3.95453182 374 2790.12065
1.87082635 402 2877.251906
2.253839906 405 2883.466803
2.261369411 397 2882.59408
1.404200169 407 2807.452704
1.121191432 402 2880.491324
1.891247243 397 2761.434135
1.804624938 392 2849.332441
2.611742814 381 2814.161241
2.557489535 382 2761.032251
2.276396159 402 2752.193161
1.952079677 399 2767.146128
0.1957070668 410 2790.281468
1.318552551 407 2865.63374
2.130970588 399 2780.136883
1.77611006 393 2771.322246
2.092433348 387 2796.724242
3.030769086 385 2819.758134
1.512601615 400 2842.350059
0.9903563822 400 2851.952755
3.533832891 386 2832.090396
1.538492022 397 2846.739247
1.261033831 404 2854.092012
1.860257086 401 2767.912853
1.782896155 395 2862.435959
1.145380518 396 2791.163408
1.334972145 406 2877.578347
1.791483044 402 2838.754496
2.130433081 401 2799.444506
1.38942078 406 2771.840205
3.725576312 362 2833.58981
2.513405568 390 2761.327214
1.379233395 397 2794.154054
2.512216015 389 2767.062763
1.149004677 407 2819.597317
2.534066955 387 2767.241251
2.134483219 403 2806.973502
2.534951557 399 2840.368213
1.76537187 394 2819.259949
1.015246038 411 2797.560292
0.8824072177 405 2771.913747
2.062191522 397 2821.913769
2.122285507 397 2800.023834
1.105271528 407 2866.737893
0.8878295555 407 2828.526522
1.893968483 400 2852.767311
0.7324533475 410 2818.651069
2.76033528 390 2860.000245
2.598134817 396 2851.714278
1.700295829 393 2771.591236
1.932396266 398 2757.650998
1.30200891 410 2811.605315
2.411834925 390 2837.872087
1.709843562 403 2824.125369
1.661412529 404 2842.441704
2.720629675 382 2770.32475
1.347958748 399 2789.913903
2.289956808 388 2791.816061
1.967187779 398 2871.144803
1.275182371 403 2763.056696
1.603682419 398 2881.087267
0.3980054966 404 2862.158169
1.731709814 396 2793.080977
2.452182081 386 2834.141846
2.229579926 390 2827.889502
0.3837504512 407 2792.348782
2.121994892 390 2777.308751
2.494040846 392 2864.609075
2.908325887 394 2768.323505
3.059019564 382 2795.989394
2.585459138 390 2815.17912
1.078508329 407 2827.498891
1.209207819 406 2851.779257
1.57555269 396 2813.770952
2.266068396 399 2838.407887
0.8784098272 412 2865.433448
2.881301274 373 2773.815943
1.85382613 398 2805.317936
1.146395207 406 2816.059659
2.671791606 385 2785.622354
2.531734383 382 2867.592454
2.165700703 402 2874.897712
1.450874274 404 2874.525668
2.754806337 384 2754.424453
2.109720862 393 2810.624182
1.43457659 399 2856.638079
1.31272778 402 2775.840111
2.805431459 392 2760.507227
2.506837994 388 2814.802493
2.049964143 393 2863.859217
1.700432142 397 2815.301585
2.365200961 391 2880.908805
1.462626114 406 2842.832858
1.511458903 402 2823.63983
1.7027421 395 2829.592801
2.344370413 388 2837.28358
1.834810874 394 2822.235379
1.202154906 401 2838.600526
2.171798102 387 2771.800751
1.049197479 404 2753.190184
1.648837676 399 2750.164412
2.244958701 396 2859.244701
2.189205846 389 2793.900944
1.96283118 390 2813.72658
0.5018205003 415 2856.241926
2.934085151 384 2755.770355
1.167065813 405 2884.10025
2.511157177 391 2835.938571
1.806431029 397 2863.228434
2.328324927 396 2875.222956
2.765500905 388 2864.252981
1.768877767 403 2838.946284
1.193447501 405 2808.354709
1.756263846 392 2839.955205
2.693659864 383 2753.525753
1.565915444 402 2875.393381
1.133157148 410 2832.159279
2.784377217 376 2781.080443
2.177186401 399 2857.312551
2.640083837 396 2754.857277
1.367194629 398 2816.975313
2.269419988 396 2838.415019
2.523292833 382 2776.937058
2.106830955 390 2804.999442
1.83876267 399 2767.270947
1.370466548 410 2873.027335
0.694747307 408 2870.724067
0.7833066929 411 2788.343657
1.772144122 400 2875.86849
1.739178459 398 2840.277852
