4.60993021 328 2034.250998
4.342021681 331 2010.320618
4.358356271 346 2022.626622
4.557153889 329 2048.088279
4.563073469 330 2033.024653
5.269673463 302 2031.56498
4.791040284 314 1994.868843
4.267623274 329 2042.668436
4.905229981 317 2020.725699
4.938224529 318 1981.861834
5.000514318 296 1976.447831
4.662479517 296 2035.546039
5.827822173 316 2004.090015
5.338704205 301 2005.22597
4.319935402 317 2008.959375
4.257160462 346 2026.982403
4.993365199 301 2034.166676
4.92797545 318 2037.187912
3.862277861 328 2000.717296
5.630908863 296 2005.797195
5.145033346 311 2002.108393
4.553282324 339 2050.636258
4.840678764 305 2018.109269
5.43043877 299 2017.720865
4.966473504 315 1983.522159
5.337331971 294 2040.927619
4.640703654 318 1991.729795
4.971623835 313 1990.746284
4.321392036 337 2004.908677
5.362740464 315 2015.250309
5.305488135 300 2038.714752
5.178706071 298 2046.100297
4.688946118 323 2029.33096
4.384118488 322 1998.82487
5.514889163 289 2029.727217
4.490550834 320 1991.963674
4.797826724 322 1989.209604
5.020384483 314 2028.30334
4.966430235 302 2054.350574
5.200934111 316 2047.519041
5.097064105 291 1985.408109
5.257868281 286 2049.427763
5.139982327 307 2032.256694
5.295017131 318 1983.473213
4.757212834 319 1980.150125
5.071236827 299 2037.647274
4.946096956 311 2030.449106
5.085420561 318 2038.384678
4.396197799 323 2054.372079
4.807439092 318 2052.15589
6.055920639 294 2006.048381
4.041327532 326 2047.614598
4.964616118 310 1999.42862
5.377306289 297 2024.816633
5.335977958 296 2030.877569
4.955145139 308 2038.0865
4.554111744 338 2015.684296
4.086199055 323 2002.417597
5.577370415 318 1986.02898
4.58962587 318 1998.051159
5.768632028 289 1986.974505
4.642473351 316 2027.376919
4.711839717 321 1983.425624
4.659147759 328 2048.172732
5.90755257 297 2028.639851
5.661646304 284 2006.683806
4.473171061 318 2005.14631
4.795582715 312 2046.963531
4.975054443 299 1998.993336
4.931858734 307 1978.078469
5.380304083 286 1997.293531
5.035432814 326 2039.066559
4.538570271 325 2002.17336
5.159858601 307 2053.498187
4.741232854 311 2041.961493
5.15856553 318 2021.53583
4.536987168 324 2013.002528
4.933806854 297 2026.466317
4.811724006 314 2003.074809
5.250460775 318 1975.278596
4.505641635 328 2044.898616
5.822052743 310 2028.136695
4.657773934 337 2016.784921
4.650805801 326 1988.764823
5.672411751 290 1981.605807
4.909081918 324 2052.175701
5.655914028 284 2014.486975
5.454258908 271 2035.538968
5.264197799 328 1978.069272
4.721033328 338 2006.215993
4.626846992 338 2027.028764
4.352633688 316 2055.187824
5.578285847 291 2037.372072
4.748221816 307 2022.169245
5.361070216 295 2052.612077
4.932209891 342 2031.868466
4.725319861 313 2046.063768
4.661192432 313 2002.408764
4.651601222 338 1992.448197
4.562526203 330 2049.236008
4.782233289 328 2045.947335
5.348214568 289 2050.963131
5.098314522 326 2033.94858
5.578464069 312 2028.122029
4.130249483 338 2038.871443
5.063439147 303 2003.960375
4.496891664 308 2029.106233
4.7411729 328 2042.265161
4.558844445 322 2024.258295
4.95052518 306 1982.690034
3.766926512 341 2045.220053
4.820161091 331 2001.268517
5.773535646 296 2042.630062
4.894871817 328 1993.279288
5.496701864 288 1982.893508
4.424661531 334 2038.331781
4.498372867 308 2018.048551
5.453292061 289 2053.128727
5.103169445 319 1994.594888
4.841372897 323 2038.650467
4.632416812 324 1992.74633
4.871832507 324 2015.704253
4.484641761 326 1976.636792
5.571503573 300 1985.061387
4.649570735 328 2055.879752
5.005331053 322 2035.197209
5.037073982 326 1993.763139
4.433745535 319 2053.937276
5.105933659 293 2004.627094
4.739583112 326 2050.306051
5.628668989 287 1989.842703
4.527854628 314 1995.800982
5.239109246 299 2005.772785
5.319064583 294 2026.977907
5.006611695 316 1998.224154
4.882077285 320 1990.928851
5.282000318 297 2019.556633
4.82173601 321 1987.375642
4.762387608 315 2055.602992
4.458818271 332 2020.837137
5.58871028 301 2009.791715
4.021136695 329 2018.25628
5.218957971 298 2014.276657
4.249934998 309 2028.582572
5.111293769 290 1989.1294
5.501253185 287 2008.075807
4.722395546 319 2017.213226
4.763820665 314 2023.343043
4.84844382 319 2009.169576
5.362569053 301 2009.413781
5.881885957 293 2014.950711
4.596911861 307 1986.585895
4.101071985 333 2026.362498
5.46381568 306 2028.482042
4.483267387 318 1994.774564
4.037776313 322 2031.789583
5.624210593 313 1988.537537
5.196207961 298 1995.924613
4.90691919 302 2005.807804
4.390246197 324 2008.41315
5.00274276 330 2052.123952
4.528948505 310 1997.501215
5.291293691 294 2017.290764
4.98052838 310 2003.021563
6.324407058 300 2045.405654
4.067109679 322 2036.375688
4.406428576 319 2042.495664
5.573634974 298 2029.799121
5.174484229 308 2036.594801
5.012250787 300 2035.988298
5.390328679 296 2032.43206
4.497114054 320 2017.672315
4.987809746 313 1997.692162
5.35198607 302 1990.656461
4.559637342 334 2048.960029
4.635176336 326 2018.581806
5.074663211 307 2025.469655
4.815000573 325 2054.185869
5.063847041 291 1992.467008
4.510264468 329 2037.235082
3.673551629 354 2055.656451
5.151379193 311 2019.230009
5.559917363 288 2000.133985
4.459494036 322 1977.132177
4.829298415 300 2028.253263
4.132814238 332 2032.215999
4.993225892 311 1994.015111
5.187504651 302 2019.477545
4.868683495 305 1989.627516
4.875335082 319 1984.114159
4.920512922 315 2057.947381
5.133466559 310 2007.93138
5.390838728 308 2030.716324
4.729484616 326 1990.794616
5.307761306 307 2005.994394
4.713839764 317 2021.634572
5.031624625 317 2025.752816
4.681313817 329 1990.437444
5.235323951 302 1981.412505
5.610003997 291 2031.466267
5.020874473 317 1983.095713
4.285340853 331 1979.865194
4.773439741 303 1974.903768
4.909735105 313 1978.450006
4.791593142 323 1993.936293
4.711448575 324 2027.774725
4.830499855 302 2010.952134
4.717692898 309 2038.372761
5.019154394 313 2027.827105
4.85162764 317 1999.830535
5.333298159 306 2055.852104
5.07631101 314 1998.724818
4.421739604 328 1987.378981
4.974277548 303 2012.412384
5.068563734 309 2047.289083
4.936338534 322 2015.121946
4.539594874 317 2039.323662
5.213370234 313 2047.949168
5.333804983 301 2030.625451
4.680462765 317 1994.565727
4.750873432 331 2055.062256
5.661774993 302 1993.952064
4.082924007 325 2056.646176
4.879038022 307 2051.21697
5.128876622 312 2056.984015
4.967252793 311 1996.828416
4.514558661 314 2020.626398
5.1855077 311 1982.030224
4.204759514 330 2006.259635
4.942951709 315 2047.471917
4.502087283 310 2050.147811
5.412334267 303 1976.621998
4.843532167 319 2014.122632
5.46968709 306 1984.823539
5.31962102 310 2046.4121
5.150482621 298 2010.805816
4.760651816 315 2035.907902
4.987643798 312 2048.812587
5.73492793 286 2019.835218
5.399899343 309 2008.049737
4.634763807 343 2040.853979
5.66830045 290 2030.559552
4.91781923 329 1980.343365
5.527704977 279 1995.522187
5.095800998 315 2012.289441
4.70176814 312 2050.870669
4.72530611 320 2040.660158
5.404062671 304 1978.686251
5.385662193 301 2044.986878
5.266522559 305 1979.232884
5.144786664 318 1976.702498
4.523867439 306 2006.548541
5.350459758 303 2031.50367
4.85658137 300 1975.461655
5.501777659 300 2012.710104
5.091891458 318 2050.138195
5.555596102 294 1982.960102
4.310512885 316 2004.509756
4.35188689 321 2040.310143
5.518926376 300 2005.624782
4.75795949 312 1990.402245
4.955222788 298 2046.496158
5.529040934 304 1993.459414
5.260606739 283 2007.377417
3.917187159 336 2047.088517
4.848330289 327 2025.661225
4.906358416 315 2034.141511
4.454986825 336 1992.042378
3.583226193 350 2039.957675
5.067472337 302 2010.398375
4.632897535 326 1993.232803
4.203301845 332 1981.829473
4.09175743 319 1992.886972
5.603790812 274 2014.936464
4.863809193 297 1978.82345
4.988400435 292 2028.800088
4.955332734 329 2050.455404
5.003263387 321 1992.220951
5.174431661 324 2002.812091
4.780393364 281 1976.508706
5.33438536 290 2044.629073
5.400709999 295 2041.107781
4.589643169 321 2037.097996
5.006877483 326 2018.218359
5.181164901 303 2020.121692
4.654335547 328 2026.622157
4.214139963 319 2002.765659
4.979350916 319 2018.163547
3.953474489 338 2023.907725
5.305146221 319 2038.007749
4.93918303 305 2012.91523
5.277032833 305 2007.659314
5.583060202 309 2043.331064
4.581390809 320 2036.20136
4.399393117 348 2023.404369
4.994935211 319 2001.781364
5.816534612 277 2008.338928
5.307852347 295 1974.22966
4.466268265 312 2023.901146
5.276794879 308 1978.049446
5.159201974 324 1996.043772
5.371038009 312 2021.378817
5.447032083 297 2026.981087
5.201224358 309 1990.863103
5.417782701 330 2052.225008
4.158819972 339 1989.773501
5.49194518 304 2015.592783
4.509386251 329 2048.081896
4.686634934 302 2044.715872
5.225940194 310 2029.013778
4.668685673 323 2029.569194
5.35560961 301 1975.579743
5.112348274 318 1995.042106
5.048237438 327 2039.755871
4.915673991 310 2056.503627
5.004735661 305 2056.307823
5.370611853 305 2010.110975
4.829775874 311 2052.377032
4.765786456 294 2010.771399
3.953881745 313 2010.769192
5.660631871 281 2014.966097
4.170096029 325 2037.162338
4.70373839 319 2035.593173
4.164435638 347 2055.249424
5.279294365 310 2010.935079
4.478716799 328 2052.403707
5.566162449 298 2039.631388
5.403599735 314 1997.176506
4.272279963 347 2053.815613
4.569086346 320 2025.106813
5.472951261 301 1985.251242
5.279736649 305 2006.821373
5.533537909 294 1983.745039
3.644887133 352 2022.156036
5.565729152 293 2039.067381
5.244523638 309 2032.306335
4.53315069 327 2012.46795
4.930591266 318 2048.777463
4.757878418 321 2050.684636
5.380524644 312 2048.421545
4.369333444 325 2000.244686
5.429154913 288 1975.342953
5.101183269 292 2046.403037
4.475206624 321 2021.821192
5.781284251 299 2004.430677
4.468882068 321 2019.086465
4.704109526 324 2055.192898
5.410157137 287 2017.948416
5.261212916 322 1991.29146
5.456634266 284 1976.514002
3.99505798 343 2046.27119
4.823844579 338 2042.66143
5.012592983 303 2000.768287
5.116417473 309 2046.139261
4.826595019 303 1991.065569
4.51253991 316 1984.229376
4.637869033 315 1979.533593
4.982467488 297 1977.811005
5.572056231 314 1995.630827
5.569748937 309 2027.062328
4.286229639 318 2010.383076
5.224648779 303 2042.612423
4.618974033 321 1997.532664
4.289495505 317 2006.471302
4.68655006 313 2014.302653
4.896661583 312 2004.768897
4.646498842 325 2004.361477
4.819358493 339 1978.167272
4.349411176 332 2026.12118
5.277039465 332 2002.973541
4.928559736 306 2031.52894
3.983691875 352 2027.700347
4.962295532 314 2023.334537
5.104036911 316 2050.393334
4.987215115 304 2014.245688
5.352561259 313 1989.868193
5.702907579 288 2016.192491
4.530788053 303 1999.959477
4.094443419 316 2046.906972
5.146237445 315 2019.168656
4.387329706 331 2051.372697
4.909683584 301 2029.361529
4.458665231 321 2050.037093
5.604233733 315 1974.131785
5.317777402 305 2057.133955
4.259078359 313 2021.692885
4.995078963 330 1985.312546
4.722229244 321 2030.828137
3.716616334 348 2036.812346
5.495595795 291 1982.17951
5.253772486 309 1999.191056
4.899575487 315 2049.120647
4.956988806 313 2035.286621
5.0601222 302 1990.155671
6.197860382 283 1986.530753
4.38775547 342 2040.028153
4.908793633 317 2053.563712
4.405554539 329 2014.482448
4.640973404 318 2006.37901
4.949060377 302 2010.096865
3.723043996 340 2030.256107
5.474049998 284 2003.111524
4.816866832 306 2034.639835
4.615788952 315 2020.701983
5.806889343 290 2040.415558
5.316656136 299 2001.66064
5.28158021 294 2026.843651
5.102896471 309 2045.718206
4.879267879 311 1986.041412
5.373256891 293 2015.210677
4.803310538 322 2009.137959
4.445971416 341 2037.249655
4.950947592 302 2040.601735
4.603105776 329 2027.960906
5.593373261 305 2057.921338
4.799687121 311 2005.699157
4.040191912 323 2027.188381
5.096957765 319 1985.065883
4.870038085 308 2052.695143
4.605786553 307 2047.648315
5.594421904 298 2025.176242
5.194871227 302 1993.17835
4.94955223 315 2039.249178
5.571243816 307 2015.422459
5.17210625 298 1981.266906
5.263013539 295 1994.999626
4.732237632 341 2010.844218
3.986386841 336 2042.610999
4.427584313 335 2000.255094
5.033612397 308 2025.426076
4.151556898 347 1987.481562
5.819219414 289 1981.532578
4.375079006 330 2051.013272
5.417148436 318 1994.49628
4.994980234 326 2001.219965
4.708408346 321 2050.893566
5.23564004 308 1983.276867
4.25828437 326 2037.51632
4.433660187 336 2016.094568
5.051186946 313 2046.891894
5.678076139 311 1977.179614
4.913502681 332 2008.126035
4.939135527 308 2057.294607
4.441368681 323 2028.661654
4.857421159 312 1986.918012
5.063679944 315 2023.164539
4.537385215 315 2005.380297
5.166895811 324 1976.075781
5.143689624 297 2052.579425
4.644283126 335 2030.864767
4.266812312 329 2030.860179
5.098929739 298 1978.555485
4.768548358 300 2006.531654
4.622455657 327 1976.510116
5.136470552 324 2049.094656
6.567740997 278 1981.774301
4.446230651 341 2007.854053
4.67154975 313 1983.977238
4.228479657 317 1982.042026
5.307119556 308 2054.909747
4.45909165 333 2035.090169
3.700389243 340 2053.104107
4.308072482 312 1983.366959
4.614101068 313 1982.201297
6.215578154 285 1975.001479
4.067719077 332 2055.498843
4.695187797 317 2001.257913
4.684270647 309 2039.058177
4.911141423 301 2031.305774
4.341731561 314 1984.711457
4.920320777 322 2055.17759
4.743511298 304 1996.682616
4.221413802 329 2030.256276
4.931481573 311 1988.302764
4.885185036 321 1999.551064
5.12339798 298 2015.382913
5.69402789 292 1988.126318
4.732556536 316 2015.517836
5.147140389 302 2006.866859
5.176706199 283 1995.883744
5.47295 295 1999.445273
5.500694279 303 1994.011058
4.54523701 342 2027.307469
4.779347874 319 2054.733355
5.899467009 287 2012.029717
4.914151401 311 2031.246996
5.013042411 315 2040.222515
4.345473266 322 2050.958999
4.966158239 304 1980.064013
4.782498823 330 2036.539715
4.741900292 326 1987.475574
4.697703479 326 1989.615555
5.857586628 280 1981.069384
4.997280423 321 1978.735347
4.926219447 310 2035.451469
5.771641332 321 2055.560784
5.459308042 302 2015.240063
4.878367579 291 2024.570395
4.61992029 328 2037.217762
5.579488929 298 1978.529786
3.892526808 329 2025.721312
5.315755107 305 2041.063053
5.002384074 316 1997.89028
4.923427767 298 1992.006844
3.977487574 351 2058.264518
4.065209027 329 2052.550672
4.609776301 318 2037.341448
6.185813295 280 2023.905952
5.076453614 313 1988.286229
5.096658111 292 1975.449461
4.460729444 314 1981.638736
4.868608564 296 2022.632663
5.571064265 306 1979.310295
4.616401532 311 1992.214647
4.752775359 310 2013.380698
4.36079272 320 1977.657297
5.001891999 325 2027.978286
5.848898394 291 2000.796848
5.243821341 310 2052.694046
4.594657198 350 1984.111498
4.525426373 300 2008.956552
4.857201322 300 2002.299581
4.973012096 305 2044.174719
4.388893347 335 2052.784236
5.419796891 280 1993.164881
4.280590618 325 2021.035103
4.945470965 298 2006.333922
5.607883706 311 2026.98378
4.921332895 319 2037.866061
4.403380526 313 2020.963898
5.195448363 306 2002.85041
5.434761176 306 1978.586864
5.081339685 307 2010.031655
4.648319929 321 2053.810394
4.438522073 327 1998.176007
5.195186638 298 2053.452677
4.495726443 304 2024.456856
5.143441269 302 2042.523676
4.09548632 329 1981.903621
4.642761501 319 2048.104488
4.513376732 328 2052.173657
5.295756131 307 2023.935923
4.326667643 327 1996.775547
3.740508788 323 2018.897013
4.450004422 334 2004.349672
4.804137502 306 1977.774174
5.102609945 300 2002.132388
4.182116928 329 2024.626423
4.850125202 299 1992.251028
4.915330521 310 1982.069154
4.627842921 344 2056.460132
4.667522229 307 1976.958952
4.20748463 317 2035.534381
4.647951812 320 2039.415002
4.212522597 319 1976.881608
4.474296416 310 2038.222977
5.219184583 317 1996.888141
5.489158279 294 2013.227864
5.351057928 318 2011.599332
5.75619147 284 1985.053788
5.892999979 289 2008.229948
5.082792215 321 2002.305752
5.068853483 291 2009.292429
5.077398522 296 1997.829003
4.860639746 324 2027.466434
4.590673515 308 2011.817659
5.451040038 301 2002.286261
4.592661634 317 1976.329707
5.120253547 321 2047.212676
4.532984581 328 1980.242322
5.79834165 311 2016.907603
4.999430831 326 2004.833449
4.952934451 327 2022.847366
4.198936416 345 2032.171906
4.389271025 329 2036.345809
4.482496735 340 2031.96201
5.116689819 296 1986.360137
4.898897058 300 2004.521718
5.110414678 305 1990.791298
4.965182057 309 2007.30821
4.709784537 339 2037.985081
4.872351776 291 2028.654015
5.388786596 312 2024.522747
5.262252467 293 2004.968408
5.133541052 293 1980.052793
3.900163805 325 2012.17256
4.685127463 295 2015.851
5.614881074 297 2038.839263
4.816292845 315 2002.737403
5.792600209 279 1987.382605
5.031121949 330 2005.962782
4.318182054 337 1974.987433
4.974185251 321 2048.73636
5.205184267 317 1985.906292
5.774010684 302 2056.588976
5.15000671 321 2041.381496
5.090578307 299 2040.983335
4.452014706 312 2053.256668
4.564966353 324 1988.691704
5.439008031 291 2023.444156
5.317116073 301 2039.521243
5.201633694 288 2003.748172
4.855271277 302 1980.019533
5.00883743 306 2031.332461
5.322364619 310 2041.088335
4.298225343 338 2018.362644
4.496350099 332 1986.639457
4.232346765 345 2054.628284
5.047953461 312 1979.436769
4.291260828 313 2031.872517
4.517512178 323 2037.218427
5.260834621 292 2030.649739
5.270316722 303 2003.085098
5.624205561 282 1980.486258
4.907537089 298 1994.401855
4.394247428 329 2005.161787
5.626192832 302 1993.112471
4.64095191 334 2011.820231
5.282138032 302 2004.428174
4.956581848 316 1974.614519
5.012482258 300 1975.919643
4.596174037 330 1984.458955
4.833121712 303 2048.885048
5.60759391 314 1980.861
3.62909494 323 2048.662545
5.157189931 297 2021.827088
5.287847809 305 1991.483774
4.592057381 326 1995.558291
4.47140001 312 2013.930597
5.450368904 309 1988.838109
5.367286147 290 2011.889173
4.881850705 320 2012.335246
4.139347399 338 2047.948015
5.580514872 310 2053.532193
4.691741085 323 1987.720895
5.182014195 313 2010.827853
5.368857845 305 2003.51095
4.888945563 323 1980.776478
4.818787654 319 2039.128931
5.234512444 287 1997.697357
4.728585012 323 2030.803828
4.934713132 328 2021.553484
5.266932444 314 1986.123014
4.42605629 335 1975.481194
4.856537382 308 1980.43456
4.661099305 319 2025.59692
4.625668947 318 1994.762808
5.922312743 308 1974.501884
4.916793368 320 1982.178763
4.969223976 313 1976.44339
5.329413993 317 2044.825398
4.345255462 351 1992.751841
4.419674339 321 1988.459823
4.560850915 323 2012.544491
4.740574226 333 2037.712483
4.429716798 314 2002.33993
4.480960312 331 1975.25336
5.358363349 318 1984.580952
4.625575911 336 2054.244841
4.895067392 335 2054.576212
4.617545838 322 2032.870098
4.927541615 308 1979.964983
4.647412366 333 2029.167434
5.610031474 274 1982.90468
5.284217548 294 1983.06942
4.991750781 308 2055.361526
4.168310805 324 2046.484802
5.345896904 289 1983.9109
5.631305174 292 2007.585792
4.842136446 312 2033.305471
5.243603562 314 2013.743087
4.75145323 331 1999.246747
4.810440913 306 1985.729991
4.910940865 295 1990.526433
4.389761549 326 2039.229906
5.206328974 311 1978.126093
5.171177505 287 1987.778656
4.722061031 340 1991.700742
4.966936948 315 2044.427132
4.854216741 317 2016.412161
4.553419783 333 2057.690039
4.833441721 312 2055.958337
4.13233181 322 2028.882045
4.562581252 320 2049.88526
4.824934821 324 2040.525945
4.512058653 315 2007.907051
5.094000832 302 2019.352725
5.191528864 313 2047.160766
5.656036403 294 1984.553698
5.261203592 312 2032.268278
4.934163658 318 2053.940287
5.019551595 322 2054.25972
5.171243296 319 2010.10771
5.390409207 327 2043.314209
5.03889415 321 1977.335678
5.876597842 291 2039.95413
4.4375193 324 1984.233595
5.553000931 301 2057.656946
5.001065558 304 2016.352333
5.079602101 315 1987.262283
5.199165037 309 1996.732005
4.381484952 336 2013.251649
4.320194333 309 2026.09679
5.868431574 288 2008.094315
4.696971111 330 2042.630251
4.129069964 329 2014.648905
4.264566353 306 2030.579322
5.373340032 309 2030.007247
4.543276423 304 2023.829947
5.098672103 327 2057.312455
4.362967447 327 2051.18467
4.81669361 314 2053.31919
5.21430462 319 2029.602666
4.830801153 311 1983.496309
4.967061582 313 1993.140699
4.871592475 325 2000.3206
3.894749557 323 2021.654687
5.522338446 296 2047.478813
5.005845534 316 2003.731766
5.195848337 320 1978.023442
4.802049334 313 2047.084146
4.715955854 321 2040.703281
4.899722356 320 2026.685247
5.046842159 308 2018.630369
4.754339519 319 2010.086497
4.939065054 319 1976.069182
4.277530133 320 2031.470883
5.280615819 305 1992.129619
5.003537245 312 1999.057576
4.889534991 311 1993.17605
5.99626626 297 1987.734607
4.757003332 300 2049.811798
4.43220264 302 2054.201629
4.431241311 338 2023.54499
4.046727011 337 1975.668263
4.657797861 321 2002.942757
5.000499336 323 1995.47537
4.964014914 303 2022.356171
4.945310286 309 2024.089984
5.557419585 319 2048.03688
4.450910396 335 2007.785973
4.491274673 306 2030.2193
4.940363063 315 2028.345412
5.187241494 314 2002.64492
5.119284865 312 2051.604282
5.003228161 304 2016.228609
5.048526271 313 2056.854848
5.380698827 294 1987.718003
4.719310153 316 1976.748062
4.859586593 326 2009.137572
5.252199774 303 2014.878102
4.487247277 321 2049.407197
4.401578371 313 2026.528707
5.198111055 316 1977.055819
4.959922544 302 2041.122872
5.262746537 313 2006.544564
4.61775393 329 2017.121764
4.689652137 321 2005.712106
4.889046517 303 2038.555656
4.810340922 319 2011.583299
5.159787921 306 2014.979336
5.380604851 314 2003.909182
4.773251523 309 2056.230144
4.438386339 328 1982.313919
4.757306682 317 2038.866551
3.630546335 342 2053.412295
4.726361524 316 2021.460667
4.256146278 332 2026.534593
5.365151594 309 1993.662145
4.933268174 308 1995.087095
4.370722657 320 2056.956279
5.021233406 322 1976.429216
4.570392142 306 2041.70402
5.044003462 296 1987.766748
4.632085034 338 1974.112408
4.819172262 299 2035.764262
4.631414679 312 2032.150437
4.439213626 325 2024.652409
4.285287547 321 2039.445835
5.491224599 286 2055.258194
4.577290026 317 1985.488852
4.655629592 316 2042.402076
4.971774246 316 1999.09774
4.856882602 323 2016.946906
4.591939084 311 2008.108087
4.4556046 327 2012.203019
4.341821689 332 2013.983313
5.235830785 304 2027.579837
5.201552262 296 2000.531615
5.487695617 296 1978.930979
4.57916938 310 1996.978908
4.684843889 330 2036.076833
3.927561054 338 2041.511577
4.152128787 338 2010.859622
4.27378315 316 2048.691071
4.814762077 321 2022.551859
5.601896595 306 2016.467697
5.863695063 290 1992.201417
4.592671445 333 1996.762448
4.741161382 315 2048.534737
5.693680286 298 1992.834894
5.408775395 288 2002.621537
5.254614824 325 2057.750548
4.769344792 328 2014.302116
5.303078915 310 2004.219046
6.291253283 283 1999.797557
5.45388597 299 1975.295037
5.228948119 318 2023.019843
5.583878368 297 2000.310364
4.885876432 309 2055.298623
4.753989309 302 2016.553729
4.784703855 331 1986.339968
4.935911055 320 2028.594339
5.463934067 285 1990.103022
5.750149075 292 1987.355188
5.395352454 301 2002.485727
4.516468066 321 1976.173101
4.830287289 320 2020.843052
5.129986686 317 2005.425251
4.516700028 312 2032.246578
4.944173395 317 1983.537232
5.320836514 295 2004.790464
4.51964215 315 2013.97507
5.096743558 293 2052.986539
5.467471412 279 1996.790107
4.72243077 313 2056.513279
4.422772121 327 2050.689447
4.791269726 317 2041.218424
4.470316543 326 1982.77496
5.275060372 317 2008.239022
5.26459922 304 2020.007092
5.097804747 304 2010.386764
5.134753605 305 1977.92906
4.449904138 333 2045.511261
4.561838897 330 2013.925894
5.186132645 320 2036.36299
4.832967374 331 2015.191054
4.923508555 313 2025.875924
4.350786667 325 2057.67174
5.558512244 282 2016.064728
4.706883915 300 2029.84633
5.039347128 298 1984.781741
4.496353929 324 2005.118894
4.186448052 338 1998.889929
5.370688057 315 2013.264146
4.764570743 341 2039.190737
4.785957013 323 1982.926564
3.833567134 342 2023.856151
4.591576604 307 2010.646544
5.070213684 310 2044.035778
4.961631371 320 2007.155131
5.163632025 309 2036.269173
5.516194227 315 2011.765706
5.435087071 301 1974.147536
4.800363858 308 1992.342663
4.432783963 340 2056.744948
5.10075979 321 2009.46296
4.564809081 314 2007.468538
4.587004876 318 1983.508857
4.611068083 320 1975.123636
5.004550466 322 1998.209846
5.116159156 327 1985.138554
4.749861872 321 2008.235929
4.837232435 322 2030.07072
4.810084211 313 2019.13396
5.572305282 297 1986.376373
5.295019499 313 2023.43494
4.740097193 317 2014.984977
4.655740131 325 2024.315413
5.287465381 298 1976.253684
4.532349036 326 2052.454622
5.325920034 310 1989.41568
5.60033771 313 2012.520521
4.952331401 313 1980.59256
5.118622809 317 2017.985555
5.211912234 301 1974.338978
4.746599655 305 2050.528836
4.889367542 295 2010.298668
4.213757887 317 2010.338457
4.444676401 336 2024.238152
4.87116467 334 1990.968517
4.610004728 317 2025.446453
4.501036802 327 2050.984454
6.027408893 306 2033.475328
4.861314275 294 2038.148871
5.014784754 308 2033.148958
4.74563874 322 2056.478207
4.925134969 309 2033.530566
4.206359428 306 2051.15661
4.806638629 327 2001.944407
5.163322293 318 1998.908313
3.944559009 351 2058.257562
5.213379692 315 2024.985618
4.655137166 342 1993.321596
4.829752628 310 1995.340926
5.326369232 307 1990.093883
5.483104957 283 1987.226321
5.095771111 301 2056.004741
4.718454294 327 1996.257106
5.147678958 309 1988.925839
4.421368412 315 1992.170161
4.432374103 324 1978.714491
4.644779605 313 2054.116469
4.924474699 315 2052.004137
5.147639076 308 1977.916171
4.590637421 321 2024.604486
4.281712455 337 1986.661326
4.563078703 318 2032.186153
5.099027253 289 1989.447111
4.554287816 325 2043.19964
4.521123185 314 2006.641129
5.252904411 318 1978.366429
5.219808174 305 2042.930877
4.831257237 315 1999.695108
4.223044883 314 2022.748423
4.852056379 326 1991.964005
4.952806329 328 1988.417163
5.030092118 323 2018.365336
4.802127043 321 2051.997093
4.692089194 322 1994.72627
6.102741975 285 1975.261432
4.876789594 313 2019.266602
4.460359655 313 2029.279037
5.415128301 314 2035.420403
4.349055194 334 2017.56385
4.41584844 322 1999.717519
4.187703243 320 1985.496011
5.104249348 302 2040.350229
5.078033339 320 2020.803042
4.524843665 310 2028.466427
4.10593223 338 2011.841024
6.270854017 278 1980.893261
4.071659829 316 2008.170685
5.09871761 317 2003.570238
5.550995843 303 2050.051747
4.923864734 340 2009.0266
5.002688221 311 2024.881198
3.990523303 325 2049.144178
4.97002479 312 2039.170481
5.868370956 305 1993.968164
5.888221796 307 2046.173161
4.569953396 326 2039.415709
5.174907481 307 2040.908177
4.122627829 323 2044.150103
4.774484772 319 2056.162049
4.017593216 337 1991.140111
4.354399319 315 2008.195216
5.659830033 305 1981.237655
5.033074181 303 1981.917601
4.134055258 327 1988.415732
5.143300074 275 1998.091557
5.01876952 299 2006.828444
4.96948657 317 2031.584697
5.016751195 309 2011.086014
5.265141766 301 2030.275173
4.398975848 329 2033.015014
4.923925037 314 2005.89616
5.385175508 308 1988.433856
5.620246981 303 1979.236556
5.083885227 310 2015.211346
4.69045935 314 2028.05749
5.05257121 297 2017.227399
4.918933308 295 2014.578134
5.499790935 273 1983.001015
5.006515135 308 2005.674383
5.067469832 320 2022.913056
4.810420851 330 2039.177738
4.963614695 306 2017.964027
5.17336215 338 1978.820629
5.543833654 291 2018.394907
4.308582189 351 2034.461126
5.816752924 294 2056.339493
4.44426317 325 2046.123024
4.855997489 305 2050.227757
5.038676331 296 2016.086607
5.154141022 312 1977.57533
5.477195288 305 2048.318935
4.735524077 330 2049.454827
5.163971181 295 1988.36829
5.505989747 300 1987.419794
4.863836531 308 1996.859082
4.861693076 305 1981.907806
4.684394116 333 1990.005394
5.009271932 324 2040.158072
5.433779016 311 2056.41528
4.860647448 308 2054.621637
3.895691636 344 2046.240297
4.46488904 323 2005.805575
5.461640668 295 1979.087316
4.257036914 311 2000.431973
4.871951093 308 1979.950234
4.516489727 323 2009.793178
4.562748994 320 1982.030405
5.477539201 293 1979.034815
4.067386905 335 2055.055833
4.884131329 298 2037.79881
4.671615113 330 2046.962275
4.871037599 303 2040.572453
5.280914973 331 1990.27285
5.979357157 279 2014.935144
