10.15858317 117 656.6941877
5.634329247 292 1778.364447
14.58790329 6 17.14138799
8.867360113 154 834.6670416
15.25609742 11 46.07427974
15.44027093 2 3.305973922
14.13121248 16 77.8326225
5.17851327 295 1633.702662
8.695261634 147 870.3529434
11.35181598 56 272.3484305
4.259423147 343 2549.132023
2.264680563 402 2953.069478
15.03419094 4 14.16365592
4.611810598 338 2298.331184
16.24852071 2 5.629053991
14.58533839 5 9.116425925
16.21782273 2 7.688699604
12.86470805 42 187.4579443
0.7592968057 405 2721.126228
4.634547264 301 1940.004354
10.9631784 67 269.9837612
13.28734439 24 91.35894329
13.83004845 20 89.29126411
9.736973986 134 639.8437472
11.87225108 44 194.4621114
14.74379798 2 7.835517401
4.932165879 323 2105.100573
14.58119079 9 18.30407095
7.401915879 220 1453.686546
14.02049693 11 29.40888438
10.08942194 98 580.7092328
4.233831654 352 2314.261567
12.23502985 43 239.1572159
6.339532331 250 1424.883957
15.34076488 5 7.233655137
13.4154039 15 71.36754282
10.91225555 68 255.6129965
10.40802495 88 404.9470378
12.04194827 36 196.4911476
9.448657878 114 616.2750688
12.03882077 34 210.4464498
6.130624142 266 1621.148931
2.101940228 403 2925.164292
1.482664148 403 3018.037477
10.20999146 110 575.8504775
12.89257653 37 212.4761612
8.61392735 184 1117.717671
14.48060347 9 18.76146218
5.819652381 259 1755.337204
10.67899632 87 411.858611
10.96083332 74 356.981725
13.93234533 18 78.1751233
1.35140827 403 3155.164376
11.88866325 52 298.2666109
13.04859005 29 113.1189668
11.60604923 75 376.8240206
11.67867162 79 343.3446877
8.772807112 159 910.7277913
5.41624464 311 2045.468176
9.599691524 101 500.3612127
8.484919958 155 847.1275827
8.223967947 168 916.3159006
7.295034341 224 1351.328035
3.958538375 342 2233.568628
16.53216873 10 45.13382718
10.98260622 90 397.6460079
16.05399757 4 10.75499648
16.61256088 3 10.62372363
5.17262408 288 1780.356012
14.02240381 12 28.09451941
13.90594328 13 60.9422929
3.436553585 375 2682.507632
11.41712754 59 325.5719852
14.95743077 2 2.011031532
12.40842344 40 200.7459038
2.078070058 398 2767.195513
8.807755563 107 589.2384018
14.05844059 9 53.1249208
11.43072446 76 375.4091985
15.45201017 2 10.93526912
7.635748219 206 1237.993191
9.852237937 86 439.4805588
13.70130243 24 96.82225891
15.02047269 7 29.80254369
10.67150874 86 442.7281914
7.184919653 223 1244.235407
10.00384325 110 633.5636336
18.11164689 2 6.789497022
13.72363652 11 31.76709518
9.108694977 130 808.3554634
13.5897272 28 126.1162678
12.78388989 21 64.36694109
7.333026419 182 1051.926784
14.83307165 3 27.73625899
15.82699983 6 29.037828
7.721704605 179 1119.865051
16.31718203 9 22.87880212
13.0776712 29 113.7874689
9.300335845 135 691.8318428
2.140753735 383 2577.480575
13.55978458 21 118.2217493
5.88799121 284 1740.869361
13.98204409 11 47.51760351
17.07958498 2 0.9768493454
14.89620212 2 1.693208797
14.8203251 8 8.965176146
13.30763368 16 80.14763985
13.54386835 22 68.45737704
16.1577313 3 15.95060556
9.245967032 134 883.5484221
14.47482528 9 48.51240615
7.649767573 195 1256.186164
16.28300961 4 39.37746379
7.488176138 190 1297.515549
10.83158868 99 540.8508276
9.976671687 102 682.1313116
7.50876922 197 1143.767935
11.62108249 62 288.5256765
11.3762624 38 225.5981685
9.673537841 136 716.0003148
7.129144591 207 1165.897354
13.11739559 12 45.22757883
9.76778305 104 546.5225782
10.96444746 76 357.8427648
15.45540701 3 5.191701698
16.14299921 2 3.414953434
6.403945251 260 1681.2002
7.23586998 229 1109.563834
12.44594582 31 183.3061122
8.891151393 136 671.1728649
13.63370926 8 25.78365621
14.94350971 2 6.038473316
15.5570811 2 12.2512589
5.058425455 303 1743.981553
14.20030107 10 45.7707839
7.477398077 216 1333.256066
9.191595895 122 664.5559882
12.71491533 28 115.7969855
5.663962251 289 1851.033034
2.589944739 372 2600.853364
4.852572972 319 1987.639455
7.199981353 217 1094.157014
10.46134679 98 482.2497235
8.078374968 171 822.2194025
6.711532418 260 1525.370233
10.99055282 55 289.5589062
13.95254606 11 70.29721013
9.318243798 143 757.5341745
15.78399087 2 11.90346369
16.96110765 2 15.08249339
16.274382 3 13.47057073
6.540107854 256 1506.698349
14.23700389 8 23.99879708
14.58175758 8 70.96922417
3.639827468 371 2526.361752
2.654679778 391 2559.672431
12.4836685 25 99.95926208
5.668650643 276 1681.565209
9.261285062 141 728.8652123
5.153096941 300 1776.179896
9.914672379 108 579.1845702
10.57278184 91 429.7148497
6.989832312 235 1379.047696
15.65845573 2 2.394482499
15.52345172 9 57.39079689
13.23277248 20 96.75377007
9.188097852 152 860.0022206
9.912523392 110 543.4302848
11.36422788 49 255.1413027
0.2927189003 406 2755.366331
14.47738469 7 16.64699428
15.21676439 4 5.022223715
15.11665791 4 3.338555984
10.09618667 97 432.4364926
11.20716112 69 345.7344151
14.90774845 2 7.416168552
7.859928252 192 1179.490605
7.600654237 202 1259.225134
6.718712037 228 1464.901369
4.314715558 354 2244.809101
14.30198288 11 58.36979906
15.26222685 6 17.8480169
13.48316473 26 119.6963973
12.50942533 38 232.6512269
13.13160648 9 25.65947005
12.93355179 18 79.40593544
9.704577281 106 504.0776696
11.00603079 71 319.3667152
14.39335393 7 37.27443221
5.437073998 274 1588.707795
17.02959931 3 7.985223102
10.54923848 84 394.8525611
13.22642809 25 116.9920006
9.439885599 108 481.1016825
7.744792681 214 1288.099862
11.65388383 68 425.1029641
11.27665444 61 321.6555792
12.14130114 69 333.2927518
11.89856175 53 251.1795814
4.768075356 325 2076.754247
7.194182292 220 1349.807041
8.641826562 173 902.3601387
6.983034009 253 1542.183103
14.7789154 9 23.43065703
6.423807785 231 1458.257082
10.47199455 104 447.4484164
7.441476894 222 1262.050885
15.50918478 6 20.00662855
16.45996375 4 16.72806734
14.818281 4 7.237380241
8.333874167 162 983.4787823
10.89179789 90 512.8881715
6.001210026 237 1507.017102
7.076429429 229 1289.296366
7.542791886 194 1032.397386
13.64611086 8 32.57957498
14.89887736 6 21.17958799
4.610568264 328 2032.611436
5.024370755 334 2251.197408
14.42954038 4 1.546524721
13.42490089 30 144.9702773
1.052571291 403 2679.720818
11.12783028 53 242.1819454
16.62360888 2 9.58151032
13.90927905 6 39.2605074
13.90332866 10 26.96150173
10.88557524 67 363.2926339
10.24973268 119 644.5107652
16.15352778 2 9.886855806
13.17675671 18 63.91641183
8.255940601 187 1122.980132
9.113609688 151 800.5773972
11.45812695 88 374.5083591
5.561474756 265 1665.406565
8.8187204 118 615.4825788
10.28673194 95 416.3049746
7.356215698 233 1312.410538
14.01298873 5 20.38895174
7.529204477 175 1028.708148
11.83658417 43 211.1829604
14.80310193 3 18.036694
3.774365792 361 2604.471846
12.29900566 23 90.69925391
9.178172427 136 743.9855754
10.08384247 115 655.600373
6.300297686 245 1460.114484
15.76094228 2 4.101394783
1.479422091 403 2957.994473
10.75113921 104 546.910851
4.2485943 323 2152.05107
5.280326771 271 1531.199486
14.40813092 7 21.34574311
12.95899005 25 110.6050793
16.03014052 2 2.105399802
6.225234176 260 1689.036394
13.80182706 6 11.6623711
13.03889314 38 165.9603328
9.262318381 120 632.2839435
14.61669992 18 58.04052844
12.59187344 43 195.8749771
9.550347394 106 557.9110891
9.548373019 107 593.8840069
5.055812058 315 1875.853164
6.291657769 254 1590.249447
6.462855502 253 1404.143457
12.50438053 18 105.4698602
6.562480858 232 1331.312867
9.909025868 78 489.7031208
14.12627618 9 21.64570475
15.42882002 2 3.02549924
8.632453146 133 641.9597154
12.90412981 20 64.10950078
13.49015595 22 92.67941716
6.537072553 254 1551.752496
10.72957638 76 373.3029112
8.97383594 169 910.7940849
11.22436882 79 437.0200583
13.35417676 27 169.0285921
12.67510781 32 144.4008225
8.352749364 162 939.3692299
9.590267803 113 708.5846845
10.37370099 127 627.3010256
13.10750309 31 104.5341217
8.762063319 183 1064.390357
5.1287703 333 1980.549929
2.586470468 376 2750.572438
8.990359588 100 568.2597482
12.1157895 38 239.0526034
11.77684861 57 318.3743421
9.250876973 137 692.6505661
4.912191494 314 1950.312773
5.256735651 322 2010.940976
7.867985169 176 1080.763256
15.1213712 5 10.84128993
14.6745744 2 2.426870715
11.50630499 73 338.2534513
3.166600638 369 2510.309526
9.318349186 133 684.4636269
11.1430674 81 371.7411796
11.57308787 61 341.9203332
12.15322133 51 155.7729925
7.224752945 200 1154.546948
0.9725437508 403 3018.602656
8.461927256 157 845.6104945
7.927126461 184 961.9532225
12.9873737 44 244.8741559
16.61040387 2 3.09737377
10.56532262 94 531.0438487
11.10116832 67 370.0566265
8.999295333 163 996.5670201
13.38150392 29 102.999447
15.02703778 7 18.01278872
12.39076964 39 128.1736815
13.28403316 27 97.24179662
17.18721728 2 5.145260744
6.821164984 242 1452.453445
15.31322572 6 28.80289526
16.64092852 3 50.8013685
5.84550888 289 1808.305832
3.266511441 370 2450.454085
3.178841159 353 2436.8431
6.790866302 245 1503.06246
8.467979957 160 993.9146381
12.27440183 52 189.6287563
9.99141636 103 639.9541276
13.65033542 12 67.45444706
8.76561024 160 827.5592727
8.381383207 169 1032.287879
12.06944364 36 203.4873242
6.949910124 226 1409.425239
17.55254277 6 39.13806795
9.301817676 108 538.9731099
10.42377927 115 657.3003154
11.79379058 67 314.7583395
14.89658572 2 2.882859002
10.96888541 81 356.4868833
14.06613783 16 56.06317887
8.953666981 158 908.7388039
6.497002502 270 1758.349265
3.697230774 373 2355.310676
9.514573264 117 690.5517947
13.74079782 20 112.4116538
4.175282295 322 2055.852011
13.4989555 12 31.71936437
15.57362672 6 24.96205231
16.36873996 6 17.08933742
6.324922864 248 1357.79181
17.60641998 2 4.813630199
15.75080763 4 3.718888827
12.03313047 32 142.8736036
11.01723462 85 394.7244394
11.54935483 65 398.7802624
5.024775524 321 2052.606477
13.65509222 14 52.24262227
9.607613375 140 778.3463144
13.51584239 9 33.33293048
2.243249525 394 2866.70027
13.77889841 20 85.60459419
6.020893629 266 1738.588302
14.59746096 2 3.436598462
6.259619021 253 1687.144003
14.25724752 2 1.440888121
4.367134555 342 2196.17443
2.183481934 396 2704.177666
11.37037632 52 261.0109264
3.492680275 359 2379.799266
10.64012095 84 451.4461118
7.753229611 185 1174.633754
11.75945268 56 224.0966583
16.36585206 2 3.480061372
9.477845627 132 752.8858185
12.12865912 36 117.2036807
12.96040215 36 156.1955813
9.576736267 94 469.3494794
5.347544674 305 1836.287434
5.999376423 261 1692.849282
14.61283398 7 24.79261217
7.734364903 167 1052.158952
13.14109316 15 87.79774357
7.476136152 189 1044.814682
9.160726254 145 667.0441673
14.73315742 5 10.44533287
12.91840092 23 98.52844013
12.5654863 55 205.7584361
15.41357616 5 35.71448258
13.99944109 6 27.24194341
14.27145693 4 3.810108581
14.21679197 6 17.99938262
6.029924135 281 1727.533323
12.58004981 31 148.8321874
10.9513749 52 221.7003205
13.62203002 10 57.31038856
9.79220058 116 686.4419852
11.39685499 54 269.3877333
10.26564163 113 497.1630311
14.43837184 8 40.86959126
14.71143102 10 40.61352813
14.02157754 12 70.07527912
8.950908337 159 753.6987091
13.0879686 14 29.7119775
9.545765692 133 745.5760764
13.80151443 11 49.03442256
11.98028886 34 179.8828304
13.14549859 29 151.0406058
12.56474184 27 132.1861527
4.845582744 318 1956.58643
15.25980958 5 23.25897893
3.359813141 371 2660.730324
14.40753269 6 13.46681237
14.0621269 15 73.34568755
13.75452903 6 12.99750165
14.45957878 13 63.79565372
9.101885569 154 910.8138692
8.851683932 141 752.5296566
11.06417573 55 276.0740752
12.54730887 33 165.8615026
14.05843419 33 125.39923
6.720947963 238 1591.923235
13.5241171 11 33.23712997
17.26079599 2 4.069071297
15.45221519 8 12.32782977
2.099600585 390 2733.811197
9.9600555 98 430.824489
12.89320435 34 115.0657149
5.497912477 277 1719.194324
14.49117919 9 22.70942723
10.57275363 89 417.6594987
8.67867369 162 726.6209446
13.41247544 22 135.0946485
2.78383998 385 2629.060371
7.762383565 202 1061.928442
13.06138058 37 196.5378135
10.46294486 77 455.4319948
11.8326132 35 105.5328036
5.59051379 295 1835.964911
3.699934266 366 2430.74798
12.35479155 32 119.1808821
13.47478902 14 75.00124554
5.089294428 321 2078.202202
15.62798274 2 8.401774072
15.34470127 10 31.44165261
0.9800184697 406 2930.789949
15.84589032 2 1.307809256
8.627545038 139 773.190141
17.94621133 2 1.061721633
9.349091048 134 735.2017906
12.03042171 45 157.032013
15.30218097 4 13.86963864
15.27558523 2 2.054014591
10.63794328 131 580.5113181
9.97411517 77 380.075526
17.44525126 2 9.719193692
13.16938279 13 65.86010764
13.81675572 16 21.30921734
9.439884937 126 620.1447115
11.99194612 42 247.6172254
5.483149318 300 2024.894107
6.974862264 248 1676.043829
10.68884731 90 598.1454515
8.467262332 172 1077.82189
8.319862003 207 1092.152459
15.29658372 7 38.72824211
15.91807136 3 3.422799969
14.098784 2 1.221551719
15.21312596 6 53.5488888
17.02888917 3 0.3070846287
12.68850655 22 90.11150058
10.26893186 90 514.6913182
4.297944598 325 2116.278024
10.28125329 106 509.2814413
9.458837721 148 761.1194839
14.97257912 5 14.43215054
6.558637855 237 1428.731362
3.859637432 344 2309.75258
13.70084949 16 119.5766408
11.55229649 74 294.0681564
13.91391669 14 78.94620135
9.395309103 131 596.9384326
5.453158946 288 1799.401895
8.267076459 200 1055.679591
9.358514076 149 827.7342445
4.397133199 316 2062.026315
13.4203627 17 88.21184597
11.20101712 70 310.9493535
4.036325985 353 2207.888752
13.82956968 10 33.03385258
15.16712639 5 26.12052998
9.196854754 147 785.048983
8.013411759 184 1086.45131
5.573122213 280 1749.942964
8.844906067 144 771.8448485
11.21645841 42 267.3615993
9.453097124 148 844.3719664
15.88371179 2 5.028628154
11.94466606 47 118.79444
11.08539541 69 266.0985271
15.97014547 3 13.62302944
13.20963453 11 41.5872854
5.402489849 276 1688.151048
5.806946123 253 1446.69925
4.358857102 312 2054.545903
17.15619496 2 2.130692514
13.83003662 7 28.40895779
13.293185 13 47.85193579
8.205380282 174 1089.605346
5.745461549 296 1898.569226
11.13670051 95 464.6763477
12.48755491 56 227.0681389
7.076679599 212 1220.015807
3.168735702 368 2527.324659
6.987109731 216 1459.334703
5.25394456 297 1825.599143
12.10209846 51 274.6618784
12.79386938 20 86.36550091
14.64986134 14 55.43176317
8.48168433 185 984.6468578
7.96413145 184 981.2992874
14.52519353 10 55.00870362
11.77416891 57 298.3722844
18.46459806 2 19.44792253
12.91635041 8 26.26209842
11.66610932 23 144.1213561
12.80285701 29 159.9746998
13.59457611 21 60.65367867
13.83951696 16 70.16947287
9.421064791 132 712.5526436
2.5013418 393 2567.197212
5.796279229 277 1958.30328
14.6885697 5 22.42331141
15.33589619 2 6.702508019
13.74576084 12 28.46197101
5.653332254 299 1911.330981
9.63629673 154 785.6466609
15.09062387 8 10.26456005
16.43508694 6 7.833027465
8.445359002 174 1045.683978
9.918713245 119 681.4541224
9.143167916 127 702.8208544
12.46943244 42 153.4452911
12.78392857 31 167.9336582
15.11826624 4 17.79130487
12.12372164 53 240.0775957
13.28096495 20 75.91541019
14.71217929 7 19.54903364
7.244030092 246 1592.616828
13.54674202 29 92.08084559
11.09320955 59 281.0346353
15.37449184 4 3.677846498
13.23948038 14 65.77602496
6.262458775 281 1687.921426
7.741504157 200 1220.274187
7.616340283 188 1028.529039
15.73901421 2 5.48051629
15.55973197 4 8.35765899
12.76353972 38 146.4128007
12.23529004 54 249.9540841
10.42239164 87 511.6521386
14.39979395 16 24.86345255
3.133159101 370 2594.522617
13.86043343 8 14.2309972
4.293784166 327 2122.564832
14.4659917 2 12.31864382
10.37578347 99 453.0613011
5.821728227 262 1678.266905
15.48821691 10 34.92825968
15.51436647 6 43.50903014
3.878649067 356 2296.390579
13.59371272 23 46.88712239
12.23356066 35 179.0622198
13.42889275 15 73.89375483
17.09451246 4 14.66717558
13.95012719 9 38.08433557
14.99027408 4 8.359908116
12.95975945 35 183.6984725
12.91776484 13 64.48772352
10.90241098 74 377.1082438
14.60493645 9 47.20762498
13.993294 12 78.58608868
8.151050823 193 1140.243841
16.5660412 3 10.93708439
13.46921928 25 81.61164817
3.596576203 356 2394.291029
8.473155329 171 976.9717096
13.07862555 12 59.03187796
14.05344174 5 11.62916903
15.31140069 2 5.599978498
1.367410233 403 2939.561853
16.70512949 2 7.737351483
11.44902316 57 298.1127345
14.56305781 8 11.68016869
10.7650494 89 517.7821514
16.08349686 2 0.432534531
10.38186921 81 391.2598
2.764184444 376 2617.351726
8.161353631 179 902.6206139
13.98447269 14 56.64651509
8.349096804 155 894.1170659
11.2482896 66 234.2306961
9.109025502 121 556.0237025
10.79734484 91 463.343783
8.026351485 214 1390.979419
14.84700262 2 3.238248624
11.58503045 54 235.2457188
14.70200855 4 8.964458868
10.95201752 51 290.7780669
14.74529766 2 0.4569069348
8.60431024 166 924.3807318
14.97394846 10 40.0096783
14.88460535 2 4.650812822
2.245242775 382 2673.823983
8.315874673 165 911.3497403
11.38353355 64 296.9510905
8.239398308 168 1041.355436
11.23071907 78 440.2416648
9.383238736 122 676.5951865
10.90511232 86 527.1448803
16.23456001 2 10.50386037
2.257708443 398 2745.335765
1.916464594 399 2702.240224
15.64607865 4 36.22910721
7.302293454 193 1180.473911
15.05933793 6 16.94079717
11.00888045 71 354.4852789
9.310439934 142 785.0113065
14.19514429 11 34.51356509
6.521498144 244 1379.637122
3.13100708 375 2662.647149
10.76293332 85 538.8120014
17.17774804 3 10.51092654
7.926776668 203 1162.870901
9.112340834 152 805.1972583
11.30153624 93 536.1058953
14.69744062 5 14.78138979
8.889486777 140 811.26864
4.865962746 311 1910.131972
3.76118603 337 2233.779255
12.12626684 52 192.0065388
11.44701183 66 387.7567537
6.884100833 235 1415.415024
10.91957598 54 224.1005578
1.268116383 400 2842.003262
16.51199782 2 0.5982024138
4.193401034 333 2245.244978
15.0949148 8 45.5755353
11.32192806 65 310.4657073
15.11960093 9 33.18189625
7.613662276 189 1107.522372
5.823663279 273 1933.142836
5.530721929 290 1697.04766
8.246872684 181 1033.148716
12.96163319 13 36.36099975
9.46152224 137 725.7755226
9.94759596 68 342.1645018
13.29828107 20 105.1854902
8.547087771 171 830.2834421
11.54914498 53 268.7538964
14.76639512 2 2.183679703
14.80607198 4 19.76618268
1.357005009 404 2958.899097
5.906118491 271 1690.691915
14.24345094 12 55.33650749
5.617805281 286 1752.216666
5.026615345 279 1804.744043
14.03082277 15 59.869941
10.56306821 92 401.0739742
11.44287989 67 350.450935
10.82575636 70 364.7087135
15.7370353 6 21.95024775
12.03428976 30 114.1355128
14.43168572 12 23.81684613
13.54837412 29 138.0844613
18.44151076 2 4.80301289
15.2398827 6 28.16972486
10.85754912 67 311.6718146
8.088882835 176 901.0984087
13.41567505 29 124.0746808
12.5321083 39 151.0070606
11.20484114 69 351.0897357
12.96121229 15 80.3340489
10.83256241 71 334.1598482
15.04754091 9 49.86813364
14.20530469 14 56.20138239
14.67770802 10 58.05542273
12.06279169 50 180.0850131
14.19660798 24 161.4361024
11.78301486 55 254.5239689
8.138900902 186 1171.902448
13.51236345 16 40.08855001
3.203294865 368 2564.452927
4.211548696 361 2304.479495
13.1436573 21 57.35476515
14.12305764 6 52.92938934
9.316278763 124 598.4000393
9.131719342 159 938.9962855
5.485992603 292 1871.240989
11.46937804 60 325.3583247
9.714890187 138 729.2986368
6.358445323 266 1480.328577
16.42386352 4 18.44404657
12.50606299 30 153.9964876
11.8521871 36 167.0633708
7.798027112 176 1044.799185
10.93066689 68 367.7685951
16.09423695 6 17.61209475
8.196927653 175 963.6441889
1.559261702 396 2580.126547
14.17594862 7 13.7044596
9.919713629 94 616.6034801
12.48917817 26 175.1508729
7.809855643 159 774.3308687
14.13368967 15 65.03573049
14.92508465 7 29.61278705
10.39677208 113 460.1036122
14.79506478 4 13.24213492
9.536680835 152 854.0314829
12.45430201 35 181.4682169
13.28910073 15 59.01284019
14.62474633 6 16.42845093
18.61373189 2 1.197494351
5.299479655 299 1827.896688
11.57390567 43 203.5453409
13.13899984 17 73.24669524
8.982548101 140 847.3465373
10.06502435 110 568.1470221
1.140633213 405 2880.609259
8.910118802 170 988.2413453
14.89210722 2 8.836583778
10.8539895 87 407.7432768
7.562817445 212 1270.837773
5.601176136 285 1961.684392
9.454900584 141 792.5593952
11.50524247 45 178.6515063
14.97358497 4 5.512801618
4.352172234 324 1984.25907
10.43528638 89 465.5204054
8.420923226 131 696.9714256
3.236181562 374 2752.602574
12.11436081 37 174.3313017
0.7065113214 410 2866.769665
1.102976774 407 2917.906065
4.870525099 328 1924.873778
10.19098188 110 577.7995453
7.214550681 261 1621.433224
14.7423283 9 34.26584326
3.213830605 356 2286.020439
4.448861872 350 2187.321758
14.56699687 4 7.755459895
14.53762821 9 29.36841606
6.592763165 247 1609.270164
10.39896598 115 643.8770836
9.843008257 93 543.0153611
6.721998702 243 1560.05148
9.871750327 119 690.9312255
7.883469642 204 1241.07346
12.21160291 31 128.3019216
10.52304798 68 451.4073259
8.680381015 163 908.3581302
3.227880634 358 2407.831328
14.99431478 2 1.955702217
11.79716687 43 172.0588898
10.53171361 75 356.7839174
12.00958552 44 185.0668517
9.908218559 108 476.5821174
15.20225246 4 3.547080489
11.98483371 37 138.6915467
11.63002109 64 290.0346864
11.24686772 67 340.8770517
13.8958376 10 48.27236688
10.61753502 88 522.4891573
8.938495188 152 873.3065425
13.88756617 21 80.89791906
10.87783587 61 346.9292681
5.355864739 293 1884.979531
16.28785014 2 0.3880857454
10.56609926 80 283.6294199
2.721243933 359 2439.665098
12.59450953 44 188.6444271
15.25633599 2 2.851404187
12.09658733 34 230.08838
13.5783535 5 10.91254127
11.91132804 63 290.4699701
6.754730445 251 1534.394565
6.62792223 265 1831.820263
12.1263376 24 83.17371314
14.22112948 24 87.20052435
13.10877095 26 122.2684715
5.411156978 307 1883.108109
14.24228202 13 45.75075024
6.527326555 251 1558.839542
7.182421665 227 1337.968667
7.361250392 207 1241.046943
9.682137232 142 709.7376753
12.24799958 37 152.0264873
10.30685647 92 452.7637707
11.29718399 50 231.6851754
15.76041872 2 0.9870178965
4.957596821 343 2229.726344
3.387699703 360 2425.668478
10.64362964 62 335.2352476
11.99149825 54 357.250056
4.98868364 325 2049.942635
11.07609963 75 342.2264808
14.36088183 2 0.04072256672
11.86698302 43 214.6838971
4.054645213 342 2278.970757
14.98961804 2 10.26334003
5.399970706 269 1476.419332
10.46163241 92 412.6348319
10.72889206 99 479.1671151
15.38800833 2 3.431256664
7.136998122 198 1268.333376
5.465860773 290 1817.985216
12.85059124 5 16.21259009
5.325342852 288 1800.958355
15.04410797 2 16.07099739
13.07918509 28 116.0887938
5.636513177 275 1697.040698
14.79816693 2 18.01433982
9.858536275 96 452.0249821
5.8845047 274 1906.28287
9.439441383 123 651.6968164
7.819097995 218 1291.051948
15.91325533 3 5.816260259
5.272136437 292 2030.759077
7.303404582 218 1322.016528
14.30725595 6 16.74003073
8.085425003 191 1004.506314
1.757050581 403 2739.814897
15.1444561 9 18.47621305
16.09210289 4 3.703670444
11.83216614 54 274.1578285
12.86363909 32 167.1517165
15.96110092 2 6.261487831
13.85855746 20 69.39558548
9.147950315 149 713.9599869
6.023811231 272 1794.318898
12.70077873 23 83.76764379
8.748867227 146 945.0075308
14.75313721 10 21.99949945
6.765240478 274 1680.965778
10.00947932 95 481.2712059
12.02042691 49 216.0501298
11.56611093 60 265.3255452
10.70008382 75 376.467581
10.92046099 61 376.8204093
13.12159727 19 111.0205922
8.706073141 172 995.3175715
15.50532763 2 11.90796575
11.39369502 50 224.4063074
9.723396465 105 486.6460679
7.870869414 207 1218.218864
6.975924702 230 1220.4069
14.39594123 11 39.51950973
13.8983597 15 95.02203771
1.863268617 389 2716.245247
16.56686374 3 12.20024292
4.199127224 336 2350.962254
14.58379052 2 3.78822066
14.77749515 12 50.58323258
9.985225326 116 576.2157858
16.60397217 2 2.455155589
17.10994937 2 3.281484052
14.59914376 8 30.57452031
9.843929566 98 620.9706546
7.111778558 200 1257.195308
13.73708765 22 75.21761172
9.9526792 115 569.4229713
12.43213205 34 166.9524855
12.2371297 41 190.7449122
10.61323307 98 453.1739333
9.468005011 116 649.0346003
14.71041623 4 11.93713735
5.325491892 291 1737.559344
14.89443599 6 25.38938272
6.402632812 270 1813.410491
7.372704435 209 1229.055036
12.53024883 41 239.7756389
15.39357706 7 30.67122725
7.375261907 197 1074.089511
14.08829897 15 63.92227728
14.670845 6 22.12027048
7.831323869 217 1361.7811
6.946329025 227 1362.36098
16.85721871 3 18.88573188
14.2013274 7 26.37214964
12.40584133 38 136.7708448
8.483502149 158 948.152368
2.099990972 398 2736.686358
11.38253994 72 292.3330889
6.04167428 266 1630.689393
10.20926512 66 286.0087263
12.12383915 36 185.3656669
14.77232397 12 49.12600273
4.534674253 313 2045.194575
9.535980881 115 594.195341
9.776500318 123 613.2247972
14.94420969 7 16.16493124
4.913208113 312 1953.553518
13.35811058 19 73.60209298
14.81266526 3 10.16002105
13.51986621 13 22.45310048
14.82548593 5 19.76128364
6.961944804 220 1329.175502
7.945328797 199 1102.672658
13.73380434 31 168.3924649
5.804145406 283 1914.049302
11.91323972 50 288.7668499
12.93664102 30 124.5150932
9.481015649 128 742.8137767
10.19346109 106 620.0202159
12.34351185 32 171.5906386
5.003967817 314 1700.685507
1.801212998 399 2975.964718
13.81096878 6 11.34370226
11.8823273 40 284.5273103
6.486990242 257 1576.711406
6.366641796 238 1375.928077
10.57102516 75 371.6380893
5.684414377 277 1753.719954
10.955576 80 419.7713324
6.720031802 243 1606.544954
10.78725648 45 191.4898733
9.973626875 103 547.8630952
6.717043487 223 1423.124686
8.073381083 181 1101.834486
7.813513665 162 929.3365931
10.21473021 98 516.5990258
10.864395 82 453.0209998
10.7593055 94 499.4391855
14.25028953 19 91.08548779
10.16564258 128 709.0755874
13.20304999 18 71.88787465
10.22480588 113 593.8024758
14.12951779 10 30.64292228
6.16499555 226 1329.563121
9.747662992 131 707.0428125
1.692284711 394 2562.038853
7.257381238 235 1438.323854
8.025102726 187 1093.66457
11.11305865 69 421.5030245
13.2419263 25 121.1908093
9.781300734 133 718.2173024
14.40040597 2 0.951436355
9.608882333 121 640.006695
12.23846118 43 227.9040607
12.99357366 32 110.5620159
4.128698942 343 2075.273475
8.016743728 178 1004.573804
14.14767748 16 53.73468569
12.44386581 37 201.3497061
9.569989164 98 659.1455317
11.91433507 42 192.7329348
11.43860645 51 229.1245934
7.478793362 210 1255.326798
11.4953486 54 320.4576486
14.67718982 10 62.5951176
8.275164595 175 978.3662881
15.55902716 2 2.974431498
10.37844425 87 407.9569214
6.72948162 246 1424.586468
12.0553013 41 186.0778216
5.481100766 297 1675.302371
10.76258905 65 292.7953468
12.30434887 48 260.7423673
3.682456091 364 2254.851332
11.47254884 56 353.9805141
3.064371496 361 2349.75802
14.85695175 11 31.87982986
3.187414878 375 2518.325683
7.870596139 188 1155.989636
12.08915124 39 166.7417835
7.123688604 213 1183.264902
12.00758509 43 161.0196492
15.36145573 6 23.65065137
6.485928988 255 1605.17939
9.024136766 155 966.2078105
4.339223162 341 2238.91483
13.37611542 13 58.01348584
14.62108209 6 16.87485281
14.22227456 5 43.26567943
11.81958681 81 392.7393536
12.18837331 36 136.7265859
11.44896658 59 245.5565619
5.027961873 314 1986.894647
13.74985209 21 97.04807279
11.60789455 74 354.0333515
12.684088 22 101.8105023
7.397250168 205 1051.381857
9.697585381 105 525.7276853
4.633485263 335 2175.125827
12.34884819 45 232.3961826
10.37579154 77 425.2014651
16.04292921 2 14.51743525
2.535979533 381 2722.39071
14.35399168 13 57.68067236
13.21735546 22 81.82322283
11.74969044 41 165.6001089
3.15069641 380 2638.903976
13.02031576 19 96.60950093
14.65110251 14 33.75835805
