5.930585077 279 1572.40778
6.410131105 240 1567.904038
5.782269629 261 1568.070627
5.217382073 294 1603.416485
5.332664792 277 1583.829572
6.684323349 250 1580.673593
5.917464334 271 1588.872045
5.982888205 271 1579.877829
6.594622666 227 1597.092801
5.678995406 260 1611.511517
6.162360866 264 1564.49825
6.383483557 259 1609.557565
6.428077945 269 1586.524527
6.047393184 253 1571.690753
6.063108222 264 1616.933287
6.621871828 256 1605.182316
6.654401773 265 1592.653043
6.371830713 259 1606.935678
6.468965559 254 1570.08323
5.572161401 268 1603.120018
6.303591988 249 1591.160715
6.320166819 273 1612.559712
6.615834033 231 1602.312901
6.903919147 243 1608.599334
6.083316427 264 1610.60956
6.084301587 267 1615.421241
6.518616539 254 1580.648571
6.137841726 260 1605.523287
5.524301969 281 1608.779377
6.52314008 248 1575.952053
6.636201528 223 1604.81033
6.884288336 267 1575.039085
6.409940449 257 1612.173192
6.473908322 258 1600.171498
6.310784047 250 1568.750115
6.403560745 251 1599.095622
6.050296115 273 1585.825398
6.234653009 277 1606.789302
7.4055033 239 1583.612913
5.69560639 292 1563.853307
5.569077098 271 1581.177254
5.430428811 283 1613.837733
5.586673929 246 1606.142737
6.317878733 251 1586.814147
6.849031791 260 1615.465978
5.752771054 264 1606.138207
6.152086503 250 1607.306
5.560452329 272 1611.751755
6.427750782 257 1612.395335
6.049089334 248 1591.802802
5.632313108 289 1606.801909
5.938539067 274 1615.266737
6.613438721 244 1563.408195
6.300502957 277 1599.651377
6.500586555 263 1563.041798
6.99494492 258 1605.937505
6.553593055 266 1584.610007
6.300845905 267 1574.26783
6.10166631 267 1615.797849
5.842891344 259 1569.997075
6.129461145 247 1570.958728
7.307168731 234 1575.102938
6.212958167 251 1569.278017
6.635035199 285 1593.900636
6.598367909 233 1585.276233
6.079604787 283 1603.666755
6.596400619 245 1596.251122
6.584602425 241 1583.285847
6.105419834 248 1572.440091
5.780975488 284 1580.517926
5.871572188 277 1598.182575
6.393841539 232 1563.058808
6.604084677 250 1595.704926
5.778918376 282 1616.326575
6.3490963 254 1594.717799
6.400651408 224 1591.472679
5.788361638 271 1620.038949
6.35118328 251 1585.041423
6.299066405 237 1579.192409
5.923504389 265 1617.147656
6.536675977 264 1601.839761
6.297143938 248 1605.750926
5.770526529 267 1588.91798
6.044498077 264 1610.954619
5.716819834 293 1614.030645
7.139684472 250 1569.902596
6.253048898 248 1618.172907
5.754378841 268 1601.052362
5.290659545 295 1618.493624
6.053438139 276 1575.275223
5.766594698 265 1608.530569
6.1054479 270 1618.827654
5.446913103 277 1584.336242
7.070203626 229 1585.919728
5.984316963 264 1611.433928
5.645862887 268 1570.419116
5.810038434 259 1570.958658
6.697936835 244 1578.50124
6.413217179 261 1589.734844
5.634235899 284 1612.696722
5.852947626 245 1571.219727
6.961533894 263 1587.394454
6.320910594 259 1615.7472
5.937268639 250 1595.182031
6.690783807 250 1587.441212
6.123317365 237 1586.136162
6.065042004 239 1592.846954
6.539587875 240 1588.9563
6.328866759 250 1576.986263
6.36656681 260 1597.978119
6.23883641 267 1606.503094
5.904808598 254 1603.216592
5.43952265 267 1579.353355
6.340059951 243 1603.794054
6.697148291 248 1598.18144
5.81680338 265 1582.60522
5.485081441 280 1576.762378
5.372236612 269 1568.49313
6.038382469 275 1596.935854
6.258988972 265 1563.46539
6.938958615 241 1605.65204
6.725744984 250 1610.020735
6.758234984 232 1567.048324
6.24414748 257 1613.511925
6.331984382 259 1610.152204
5.967438923 259 1613.556157
5.947453087 280 1574.351417
7.00766711 237 1575.959324
5.603764849 265 1600.805823
6.733216815 248 1569.137038
6.055706647 275 1611.681393
6.297982597 270 1587.330939
6.165005595 250 1568.323775
6.189080788 256 1601.922201
6.903610086 252 1566.206087
5.861668776 284 1615.212893
5.637983824 267 1593.665295
6.799653115 259 1565.056871
6.199809069 269 1571.555925
5.375268231 282 1612.670836
5.988781287 262 1611.694828
6.816073611 255 1573.047724
5.631910709 277 1597.266205
6.644713585 249 1591.131209
6.668219848 230 1573.398849
6.391464557 273 1619.45051
5.953953528 254 1585.367364
6.068217096 250 1570.285607
6.282076556 271 1586.840325
6.113698128 263 1578.951945
6.932818189 249 1565.832266
5.829243421 263 1568.820451
6.166936318 252 1591.972242
6.497279073 261 1602.065422
6.039201044 272 1566.753203
5.967027263 273 1603.304067
6.32067563 265 1575.509036
6.160885261 256 1577.843032
6.492072751 243 1597.799831
6.330128035 245 1568.94856
6.380559724 265 1606.074972
5.943137514 275 1575.181604
5.815194055 275 1601.074631
6.414317672 248 1587.831001
6.374743716 249 1618.32584
6.329210645 264 1584.799499
6.015194148 263 1569.879266
6.66870656 258 1575.957501
6.164912457 273 1605.9516
6.225260402 271 1605.066477
6.660323915 242 1563.58429
6.195690774 267 1585.162115
7.231321384 245 1609.473966
6.433976563 259 1599.076072
6.861313997 221 1614.098936
5.955876512 255 1615.126593
6.60353445 252 1595.014971
6.454116164 268 1570.878259
6.786648817 253 1574.884359
6.048638419 271 1600.112685
6.403647678 247 1587.070141
6.56160855 240 1578.908081
6.130687692 264 1583.599989
6.447526863 256 1607.658568
6.114937489 258 1586.287388
6.760856696 244 1587.426787
6.443112072 248 1574.400309
6.274289101 274 1594.614694
6.31774942 259 1618.411945
5.612673852 271 1606.636504
6.746846983 240 1578.389404
5.208260357 272 1568.254124
6.23578605 272 1569.728967
6.199775454 243 1570.068398
6.483280848 236 1617.850976
6.636914226 242 1605.734422
5.948890085 257 1607.808994
6.053512833 262 1612.985855
6.789623245 250 1609.859235
6.380128056 240 1562.752505
6.119869694 260 1599.494434
6.570974862 258 1597.189804
5.919791407 285 1584.557195
6.056387021 273 1587.308107
6.012452246 270 1572.809924
7.081875851 229 1566.82228
4.909378004 275 1615.145855
5.147248391 285 1619.941965
7.131483117 240 1567.475056
6.04308444 248 1570.43213
7.178907085 209 1567.106566
6.238962546 261 1583.646386
6.377887656 256 1608.159676
6.313057657 263 1586.140365
6.287692923 246 1604.321622
6.135183912 265 1614.010518
6.949216805 231 1567.081477
6.048657218 260 1599.91085
6.32408451 278 1565.717119
6.857950479 257 1613.768408
5.252170186 276 1605.806868
6.228838792 267 1580.742091
5.855093217 275 1577.637093
6.671404664 248 1568.504554
6.535182727 236 1612.184294
6.584387566 225 1604.546758
5.924112845 261 1565.63781
7.035239372 239 1614.074243
6.281808404 262 1619.965607
6.591755003 256 1593.986178
6.280359314 266 1592.181242
6.652327218 257 1597.49671
6.788515467 254 1577.55552
6.425593042 246 1565.591309
5.928602788 296 1605.620429
6.45183585 247 1601.062708
6.245943632 256 1580.693532
6.581267521 264 1571.320433
6.861743325 253 1587.283621
6.546566502 236 1570.849501
6.143545677 263 1604.305506
6.418233737 249 1586.021498
6.497567758 259 1579.39127
6.74560574 258 1582.559996
6.849242994 258 1571.105076
6.792305051 241 1596.160168
6.355099773 265 1611.053108
6.134723723 280 1596.253133
6.05030845 261 1580.473464
6.333157968 256 1576.973644
6.214282403 278 1598.15616
6.149039575 264 1590.143081
6.268450053 261 1583.653181
6.150836193 282 1584.607712
5.712033392 251 1609.166696
6.727354117 230 1614.343077
6.658798131 233 1565.090297
6.334030389 252 1611.398991
6.523894798 231 1599.574323
6.204407156 261 1562.676921
5.678112954 276 1592.31294
5.176210822 298 1618.851911
5.930326503 254 1619.851349
5.891290838 273 1599.725804
6.038428314 264 1590.867394
6.421731921 255 1619.439444
5.808166627 259 1604.969914
5.976212616 264 1609.565291
6.402807412 265 1609.812481
6.10831787 263 1607.598135
6.592885395 259 1564.721584
5.852418356 262 1607.957138
6.960315403 264 1603.322877
6.76336799 252 1618.43227
6.356554127 263 1587.804684
6.518525617 261 1595.997669
7.428498969 245 1620.617981
5.968129934 256 1595.730744
6.149005221 257 1579.065952
6.312001013 259 1565.635503
6.731905473 258 1577.53406
6.403463332 253 1577.909901
6.505069265 231 1575.614257
5.518397609 269 1590.893363
6.666778036 247 1563.122257
6.182273269 274 1610.201783
6.576885635 263 1577.115683
6.345298526 246 1571.562495
6.113222252 283 1580.963723
6.174539439 263 1606.98625
5.700014168 266 1611.696734
5.440878225 286 1585.875555
6.208958975 241 1576.409589
6.297059723 250 1595.250183
5.518011655 264 1591.128639
6.226383444 248 1578.144785
6.434215518 254 1576.32665
6.948627121 236 1607.796084
6.427579846 264 1601.195598
6.131691772 262 1574.778775
6.154927406 253 1570.377828
5.952991711 250 1569.175531
6.176030537 248 1568.763104
6.228726424 264 1570.7975
6.086695297 256 1563.43384
6.097656173 266 1564.613799
6.663723053 242 1566.762691
6.306730113 246 1612.494671
5.764804011 276 1601.850935
5.472689624 260 1562.688464
6.002517339 257 1605.230838
6.225759203 248 1618.952651
6.504516823 261 1570.906852
6.720480048 248 1611.228806
5.699291391 285 1573.24838
5.80569997 291 1596.634298
6.353648144 261 1580.187195
6.07065586 259 1586.723486
5.956653578 278 1615.340237
6.213880924 242 1568.089104
6.182482335 253 1605.702854
6.073688566 279 1584.120325
6.815289837 245 1602.511004
6.768008325 246 1588.835483
6.36765847 243 1600.486125
5.741835947 277 1563.743711
6.707286575 249 1572.46968
7.018728531 235 1568.270751
6.21958804 255 1575.832727
6.882882827 256 1617.258329
5.804380678 289 1593.292657
6.815916745 256 1592.566434
6.496960615 252 1619.158518
5.081808209 276 1564.742492
5.948554807 260 1588.972391
6.192367302 249 1604.20569
5.611445157 271 1610.679749
6.319429286 262 1613.462344
6.502949168 242 1568.943001
6.612017956 272 1597.527266
6.482550721 248 1607.64224
5.755115921 277 1565.681784
7.098121366 231 1585.965467
6.325312631 261 1615.092425
5.274009331 300 1603.507489
6.421937981 259 1617.624501
6.349479923 258 1587.390377
5.677322127 281 1564.350323
5.961799336 257 1572.879453
5.471244412 287 1607.147831
6.70908178 254 1610.577319
6.496857927 234 1596.213136
5.750578279 270 1594.621957
6.044672956 263 1589.920224
6.859584856 232 1564.65841
6.341682708 250 1569.655709
5.967109317 272 1606.427827
5.576316015 268 1569.372872
6.082007776 274 1565.91543
6.293233504 244 1614.406144
5.82065757 270 1573.507343
6.349672084 254 1582.309869
5.991266972 280 1608.726394
5.434958503 271 1575.372325
5.505084684 298 1614.100182
5.997728533 262 1578.771601
6.121759027 275 1600.803051
5.941874568 259 1580.326589
5.937880788 258 1564.080349
6.448236666 250 1572.380837
6.275553494 268 1592.094728
6.515753179 248 1582.243875
5.953137259 275 1579.680018
7.069229482 247 1569.277064
7.003225461 236 1575.574089
6.555829903 226 1618.139272
6.034801034 248 1568.060043
5.734054941 282 1580.519175
5.800147836 268 1581.9393
6.317195087 274 1616.888634
5.815825978 255 1587.233771
6.164725401 258 1569.692358
6.680875465 272 1597.419188
7.073393869 231 1566.631667
5.896377345 254 1618.281856
5.582774508 275 1618.213
5.792727753 242 1601.259755
5.840433487 266 1577.299145
5.942342301 259 1605.13455
6.716607255 260 1564.827515
6.516143114 259 1566.955512
6.355887914 275 1598.595556
5.837760603 239 1587.357141
7.476313327 240 1592.645198
5.823880748 267 1575.089789
5.701395952 259 1582.610271
6.761803517 261 1599.838149
6.25230107 252 1583.383256
6.014564872 247 1582.1669
6.60312485 238 1578.193243
5.93817461 276 1605.131276
7.083150768 247 1591.242588
6.773716755 246 1573.216196
6.530440056 249 1605.442838
5.755262168 262 1601.299161
6.232407161 264 1583.580006
6.252061152 261 1585.488844
5.573005721 249 1598.296342
6.692182113 254 1571.041115
6.343281128 232 1575.103995
5.813212464 259 1589.592577
6.699989171 239 1573.281469
5.786951052 262 1587.946563
5.204115407 263 1609.714186
5.976741619 268 1586.166685
6.843113677 251 1600.914939
5.554934499 282 1613.425037
7.226960043 223 1592.524499
6.196156463 269 1582.164326
6.033601263 280 1570.123255
6.031048145 265 1614.194692
7.158728171 244 1581.69277
5.932407885 272 1604.888187
6.500921918 254 1582.8616
6.207880711 251 1563.309286
5.751019453 283 1573.896904
6.750827469 260 1617.250956
6.811507177 246 1578.004915
5.479854051 270 1590.404923
5.424529351 282 1611.166237
6.746277995 242 1571.224628
5.857122113 269 1573.430771
6.711769932 242 1564.270863
6.300712706 238 1579.064581
5.867204967 274 1588.325325
5.928515485 253 1578.292967
6.386100484 243 1569.375056
6.062013692 270 1589.051263
5.838640295 248 1583.984847
6.440400532 256 1607.7882
7.492212461 241 1617.527718
6.558307718 234 1564.509611
5.798802973 276 1591.330246
6.768002594 257 1600.659546
6.23771021 257 1594.51361
5.101314288 294 1579.400782
5.237333511 264 1603.548486
5.750612763 258 1578.538303
6.398261328 264 1567.157835
6.344601438 253 1590.811324
6.542318692 231 1591.962425
6.609835801 253 1579.494916
6.616272078 261 1594.29373
6.654442734 263 1583.455336
6.257367506 260 1606.811855
5.729172519 252 1599.590639
6.486434958 238 1575.831169
6.980361089 254 1586.993129
6.530674647 264 1567.244984
5.812937985 285 1571.190039
6.594480762 245 1589.816387
6.401786655 239 1608.054695
5.502045991 270 1617.702121
5.790628682 271 1586.489439
5.461827536 260 1596.819854
6.986355985 251 1598.508316
6.704803276 245 1569.204811
6.445515251 234 1595.532805
6.702661872 265 1615.207499
6.231050149 232 1586.403907
6.567079546 254 1577.560584
6.453208698 259 1618.163424
6.713893795 256 1568.923415
7.218422227 251 1617.853205
5.403422826 291 1571.304451
6.615500818 239 1572.3715
5.847856912 263 1580.90143
6.624935209 263 1612.393243
6.544442865 244 1611.104527
6.933649758 247 1613.330617
6.208212711 270 1596.33265
7.278747586 239 1593.316273
5.429714187 276 1585.21939
6.263099142 260 1611.94502
6.356906224 263 1587.352791
6.3128128 258 1593.112457
5.670323757 270 1609.204628
6.083627301 264 1618.866923
6.173382095 254 1599.02877
5.807560392 261 1575.486966
6.252425275 251 1603.802568
7.075122586 221 1573.627158
6.296561651 252 1602.226079
6.304001981 260 1610.907189
6.165877669 262 1612.155479
5.362407362 282 1606.84212
7.116389303 214 1596.667537
6.462625555 266 1584.033954
5.979306594 247 1613.414012
5.820902249 249 1597.918613
6.415572598 277 1611.886185
7.109398573 234 1570.760995
6.427819947 257 1609.142397
6.39169506 274 1609.83666
6.797548902 278 1608.885011
6.355935165 263 1608.880753
5.474093731 257 1594.091702
7.297609537 254 1573.653827
6.016117873 262 1619.315228
5.618409475 278 1572.509377
6.27384132 259 1605.001541
7.037345774 248 1616.967932
6.615898035 254 1601.370002
6.159014418 249 1580.987101
6.419379731 237 1611.258856
5.820140168 249 1573.881819
5.936395953 265 1586.067046
5.959324906 256 1582.285645
6.72417404 242 1604.608056
6.48652527 261 1584.927874
6.599892677 260 1593.119573
6.05280947 278 1569.928848
6.206115991 255 1578.399634
6.623936422 242 1587.282811
6.206692793 262 1600.13439
7.583553424 227 1619.617277
5.77263081 273 1614.743967
7.507199368 239 1599.316686
6.987888034 250 1588.178039
6.604961286 267 1589.970808
6.561268437 263 1580.780149
6.398222302 248 1606.098767
5.40418868 284 1599.077825
7.146450511 230 1574.859484
6.426922939 247 1569.981607
6.958995864 253 1592.489161
5.853163899 261 1581.303594
6.092970275 262 1569.156673
6.322153454 269 1619.655256
5.325333837 271 1596.089301
5.973693525 268 1576.259738
5.67549605 305 1574.210074
6.461062003 254 1608.167729
5.841905438 290 1596.253824
6.045738949 276 1593.287352
5.724288489 247 1569.536289
6.521234969 251 1565.455917
5.372802906 299 1604.544849
5.933053361 249 1593.248949
6.001743851 266 1572.105854
6.202965215 268 1615.415216
6.388177606 262 1615.874578
6.439147253 243 1615.896125
5.017989108 299 1620.619414
6.834387078 257 1575.688362
5.690317458 280 1567.639006
5.709720236 278 1598.103013
5.578006519 262 1612.71889
6.599976752 239 1604.45928
6.169474173 242 1608.263274
6.105220305 277 1567.723401
5.983694331 268 1564.872818
6.211581436 254 1563.198377
6.856475551 260 1574.734717
5.876908307 268 1578.75791
5.384972248 276 1598.551827
5.54376899 273 1575.842777
6.424664306 266 1567.385389
6.139828081 254 1585.040681
5.94332423 279 1620.064422
6.957435819 251 1583.621306
6.121220931 257 1587.159252
6.411309769 237 1576.696668
7.034693661 254 1611.415014
6.261234253 234 1582.870551
5.663425191 263 1582.222338
6.340716774 253 1606.519999
5.836761703 276 1601.316896
6.57759539 236 1599.944012
6.184896159 268 1568.048921
6.484381983 262 1600.78491
6.74316004 236 1601.033056
5.539626965 280 1610.674311
5.673897835 276 1581.983338
6.822399623 233 1586.675244
6.546723118 259 1613.123962
6.43982608 250 1573.975272
6.199582935 250 1609.062087
6.760892393 223 1611.21049
6.08519344 256 1607.518327
5.84248585 262 1570.489779
6.635673311 267 1588.213701
6.788099551 243 1567.575294
5.937499546 261 1586.292237
5.794953042 280 1602.390742
6.153761816 255 1588.543739
6.712562331 253 1604.031666
6.210034202 261 1588.854601
5.803387847 264 1604.501171
5.755722253 254 1592.930608
5.735851641 280 1616.253871
6.725067582 257 1577.240975
5.672153668 279 1620.002209
5.954191309 262 1579.258011
6.509197439 246 1572.719411
5.98363105 284 1610.489535
5.826880828 276 1620.357156
4.945902118 278 1605.800972
6.994127715 246 1568.660512
6.564917272 253 1567.713406
5.825789904 280 1605.433692
5.351223232 246 1598.818271
6.361260769 253 1563.016689
5.719378108 274 1584.166584
6.489732596 257 1599.855147
5.360528774 284 1568.16199
4.93046031 283 1582.243021
5.285158864 279 1613.074886
5.331945676 285 1578.337019
6.985878421 243 1587.727449
5.906231808 256 1608.144731
5.940944706 263 1586.036886
6.164983271 272 1575.586376
6.597605053 248 1593.218712
6.258084291 272 1584.539663
6.127781773 270 1587.594098
5.956353729 254 1567.442399
7.046108137 249 1566.406728
6.169307609 266 1563.878561
5.7607681 280 1592.595548
7.075224466 229 1581.452663
6.780500809 240 1589.994319
5.67794084 277 1616.004007
6.150399429 270 1591.055059
6.417390642 250 1612.688467
6.132362629 239 1564.896198
5.197662976 300 1596.055834
6.754900865 255 1596.642316
5.724237398 277 1573.226668
7.044696086 250 1581.555977
6.029943016 282 1586.831276
7.041900901 270 1565.785994
6.131283464 254 1573.189802
5.861550513 284 1567.224544
5.73160615 273 1568.070288
6.299191358 248 1576.296769
5.926345222 258 1584.734085
6.210175534 252 1569.475455
6.098059449 274 1573.553544
6.367160102 263 1594.695765
7.00410883 252 1616.493948
6.875192638 244 1567.60155
6.930170026 252 1570.940542
6.092622175 242 1597.987117
7.198115429 246 1618.338407
6.257018161 261 1577.611993
6.980476621 232 1584.040737
6.814234102 237 1577.169129
5.920228579 264 1597.45274
6.563960645 252 1585.761872
6.036652296 259 1574.230896
5.500957635 258 1596.538225
7.079051905 234 1566.518369
5.844340621 257 1584.039848
6.112592938 253 1574.862197
6.343603784 259 1570.112947
5.865613301 254 1606.046372
5.364376525 259 1608.673504
5.927158286 279 1567.860271
6.274005332 254 1609.150734
7.078750891 239 1564.028268
6.252739618 274 1586.722598
6.727737223 254 1593.826129
6.27182122 256 1574.589575
5.867940404 278 1571.554099
5.413657215 285 1616.594139
5.563109308 282 1588.602285
5.990569126 265 1603.672169
5.793247045 277 1586.156273
6.289464917 256 1584.451793
5.867143825 274 1587.348449
6.517186175 258 1590.480935
6.10398435 272 1588.931743
6.60251003 260 1566.958921
6.679657099 259 1598.64358
6.613132261 258 1595.114573
6.772814457 247 1574.093055
5.877768188 270 1615.819886
6.24277532 256 1602.570781
6.980557046 250 1576.883176
6.447162324 252 1587.512587
6.189685218 227 1572.541617
6.538598612 248 1616.865058
6.180768463 260 1593.48192
7.113383198 225 1568.928321
6.141760446 265 1607.58132
5.567128327 291 1609.99129
6.585543569 248 1576.009766
7.135747802 230 1570.230778
5.518323289 290 1580.36558
6.191104867 247 1613.971797
5.854023659 259 1571.216917
6.088346065 273 1593.972791
5.650654732 290 1590.448938
5.847990309 259 1571.891512
6.466735753 248 1607.864096
5.63641822 257 1584.117129
6.337070622 255 1576.531718
6.600692991 269 1611.428047
6.658791574 243 1577.6738
5.695490737 268 1617.153165
7.153078953 228 1568.261129
5.975767411 249 1570.868745
7.153804504 242 1603.568173
6.188829179 262 1602.273058
6.534868504 281 1564.047057
6.121217355 267 1574.196928
6.548911598 268 1600.191226
6.760039564 269 1564.918846
5.613640545 270 1583.010997
7.213260455 251 1582.278674
6.37642796 275 1593.196862
5.761050535 285 1584.251251
5.824879875 275 1577.877864
6.780363746 276 1607.849823
5.337663393 298 1611.961465
5.793553104 264 1599.805321
6.973946064 243 1600.256101
5.763301354 272 1588.740541
6.554130264 240 1570.954911
5.864011697 259 1584.830054
6.300011206 262 1565.511267
6.127829952 265 1563.303001
6.411329698 250 1613.131309
5.946407163 277 1588.121598
7.469190438 250 1589.609446
5.875101909 278 1570.202331
6.085288268 282 1570.84119
6.179019418 270 1592.692707
6.665820032 251 1605.729178
6.536737126 260 1600.02212
5.387667258 242 1577.347218
5.456082737 291 1607.470161
6.416055713 254 1596.178475
6.352991437 270 1588.949781
6.195736943 250 1591.558695
5.639032243 268 1613.651108
6.205171388 274 1596.864123
6.070367734 284 1604.499241
5.988676333 266 1598.804186
6.071931837 247 1605.536187
6.528971244 268 1563.490917
6.112408361 277 1578.607644
6.225147959 248 1599.55091
5.72803249 262 1612.561794
6.400115947 250 1600.034968
6.413657421 280 1595.643774
6.792248246 248 1604.151824
6.563642046 248 1613.713254
6.299865062 262 1577.065342
5.895829153 262 1603.949103
5.374110911 279 1614.577444
6.032143505 264 1585.973979
6.31010628 259 1597.644154
6.730570516 239 1583.647816
6.281404412 269 1595.767104
6.627368422 241 1598.318253
7.375476001 220 1588.931604
6.681116867 246 1578.073718
6.526373 254 1567.2885
6.054594058 268 1616.973286
6.412452065 255 1610.036981
6.11511878 250 1577.962226
6.068997545 247 1578.703514
5.899979934 251 1606.355535
5.943895873 271 1573.22171
6.056859157 253 1618.23256
5.971918253 294 1609.792799
6.26602808 250 1570.058466
5.727755432 264 1597.467769
6.56404318 229 1576.931142
6.308529368 248 1567.272597
6.831423837 277 1597.614263
6.379060021 247 1602.515306
6.313786599 255 1610.993615
6.217466007 241 1605.983293
5.769222279 281 1598.976329
5.99528141 261 1606.851905
6.062911148 266 1589.738328
6.445619878 246 1594.60941
6.453921322 259 1605.304361
5.930018965 279 1563.101953
6.615669108 250 1591.981904
6.078807548 273 1563.519502
5.667431858 267 1573.347745
6.122467692 266 1615.471158
5.914223132 242 1590.50551
6.64379771 237 1593.920336
6.011000419 287 1601.983975
5.770865737 268 1615.561621
5.896464721 271 1618.460982
5.942597834 263 1603.798564
6.22827403 229 1585.040124
6.111544382 239 1578.786582
5.745922565 293 1607.133055
6.414221021 258 1609.649714
6.255835424 259 1599.381205
6.996143287 260 1583.524271
6.56454184 262 1577.987151
6.628577076 240 1564.266011
6.528947295 236 1576.7586
6.42136338 270 1565.625041
6.28643538 258 1615.138748
5.640185502 292 1580.680254
6.030237326 263 1584.297184
6.643348452 241 1565.02567
6.19739642 252 1563.781536
6.348694917 252 1573.765613
6.176687037 247 1586.19239
7.027194991 248 1578.085843
6.967081571 232 1582.483897
6.316182126 275 1571.77797
6.653811898 235 1569.302649
6.82199164 243 1620.15844
6.182290554 269 1585.576937
6.223568685 259 1582.033257
6.0084821 270 1607.640343
5.631582464 275 1609.559374
5.973734689 295 1575.157864
7.010263485 240 1583.961244
5.976317168 281 1611.583709
6.6516486 245 1569.857669
6.137529007 257 1584.667671
6.248489638 256 1619.623432
5.47385077 285 1615.125919
5.348637855 240 1600.060026
5.949370915 282 1602.655072
6.131192047 260 1606.494954
5.587644814 257 1601.016649
6.91697746 254 1579.322732
5.517075735 286 1575.50889
6.812528554 239 1590.703589
6.29157977 261 1606.724501
6.030296429 270 1609.653628
5.45975434 271 1600.90601
6.461817533 250 1598.730506
5.793943965 258 1611.89373
5.57114403 260 1608.042419
5.967079546 277 1595.574376
5.730867782 292 1586.938924
6.578031715 240 1614.547375
6.749486379 262 1564.40156
6.522930282 249 1588.285462
5.931645914 254 1563.569653
5.858878303 286 1605.234262
6.053651393 271 1592.500163
6.665061787 243 1572.57196
6.159641731 270 1619.211718
6.48296691 243 1563.216961
6.610942002 268 1578.585369
6.57543548 266 1604.760878
5.913184926 248 1599.208914
5.790851576 271 1580.631844
5.565872365 254 1607.358749
6.531439272 258 1587.857803
6.268139418 245 1609.150281
6.172842396 258 1571.224391
6.805722465 255 1611.683953
6.351899039 270 1606.348957
6.209759355 271 1601.472263
5.972430539 253 1584.375157
5.478485573 259 1604.328496
5.726925385 265 1588.350641
7.371703556 237 1576.534014
5.501484818 271 1579.609738
6.423923713 261 1599.61698
6.546633901 252 1574.477513
6.444753524 244 1597.743469
6.442291392 257 1591.577727
5.679286726 283 1593.884675
5.415111174 298 1615.640921
7.147346741 242 1595.129179
6.618310678 244 1563.023965
6.286541019 262 1606.846085
6.362132835 283 1595.673165
6.670037129 247 1610.93501
5.63063789 299 1602.167235
6.312534741 261 1619.955475
6.419106465 273 1568.810994
7.02019659 234 1584.133668
5.459530943 286 1593.735275
6.944001993 242 1605.873344
5.679115428 287 1575.18493
6.148307272 267 1605.036014
6.3045881 264 1620.577878
5.530140448 280 1618.576271
6.012929299 263 1565.43989
5.466923538 260 1593.030589
6.889397031 250 1616.695133
5.443257366 262 1571.188648
4.820332996 300 1586.961799
6.635260125 265 1588.756342
6.147428649 259 1619.309994
6.103749361 270 1589.570804
7.003010004 245 1583.778757
5.844376877 284 1567.014721
6.392369946 232 1591.352304
5.895012105 257 1588.45357
5.964805298 275 1591.492783
5.889389201 267 1605.414366
5.782788363 273 1604.738278
6.2091555 249 1584.900474
6.35156119 263 1606.994056
6.263624972 278 1573.716367
7.241949224 229 1585.18566
6.262684687 255 1612.410666
6.12877299 240 1619.40781
6.069254606 268 1577.236164
6.637176944 272 1562.911509
6.193541321 268 1617.111831
5.705178649 279 1611.128516
5.977939513 243 1602.614291
6.193888999 268 1569.952618
5.587119279 278 1598.472902
5.441720495 264 1585.608155
6.291683067 263 1609.23286
6.128609688 262 1572.533237
6.455827236 249 1576.353912
6.90055939 255 1576.405983
5.993116435 263 1617.355651
6.175488508 254 1584.43943
6.664973195 251 1582.783541
5.829139078 280 1581.344635
5.555802684 269 1573.782549
5.196116764 279 1575.956397
6.241307716 254 1586.111608
6.189968634 251 1565.583226
7.19433797 223 1584.283024
6.129318199 238 1571.824065
5.864675663 271 1572.967391
5.928457446 279 1603.294931
6.301627442 262 1604.556671
6.165652671 269 1606.902832
6.518989237 266 1564.086411
6.552572533 244 1591.623599
5.851136967 281 1564.992513
6.005482647 256 1594.099185
6.765995147 248 1616.477787
5.444627232 264 1588.998695
6.457843065 258 1575.277408
6.940795738 251 1580.701188
6.192520338 252 1606.144648
5.902145596 273 1615.799006
6.62434306 248 1567.095163
6.476908216 241 1586.70461
6.725442947 269 1582.134529
6.248422142 250 1570.082861
6.829150014 246 1611.68784
5.909072679 277 1608.241075
6.56585913 272 1589.744552
6.601073138 234 1599.1485
5.796136648 287 1568.134803
6.69699421 254 1569.157851
6.884947063 265 1570.705535
6.881441279 248 1614.564339
6.598232037 259 1610.210986
5.386500367 278 1589.628669
6.459243978 251 1565.429896
5.960757831 262 1593.513641
6.359052627 250 1612.28826
6.094713107 256 1616.801709
5.815302741 267 1586.243773
6.146877626 267 1604.802756
7.042846897 233 1589.388512
5.748840956 254 1618.583143
5.698700044 271 1572.851848
6.145179551 256 1579.354792
6.590763942 269 1574.786737
6.371626626 275 1601.015743
6.827140678 250 1571.203505
6.149021495 235 1580.355431
6.702784252 252 1584.907815
6.463956127 287 1577.254567
5.926978256 258 1562.69626
7.010318673 236 1602.456836
6.067285589 262 1583.293962
6.927421953 236 1569.384308
6.627911185 256 1604.031374
6.773244175 252 1617.769026
6.283388529 275 1617.703601
6.499418418 251 1581.426241
6.512464874 264 1601.428631
6.595324296 259 1568.667345
5.722225974 252 1580.015275
6.425926385 281 1598.729141
6.376138618 241 1595.46405
6.152310144 264 1576.289901
7.095974746 231 1585.888767
6.471294744 258 1565.66535
7.154425394 229 1583.990844
