1.589640992 398 2914.889428
1.120468469 407 2952.786797
1.187876889 407 3096.173779
1.184641253 403 3090.474317
2.420314221 392 2972.573312
0.733576976 409 2919.10135
1.302129457 407 3037.508267
1.794339352 403 2886.51997
1.527591092 392 2901.572151
1.448077234 399 2946.220654
0.8033530612 407 2895.043532
1.140172039 405 2898.775714
1.140710754 406 2937.559109
1.948069843 401 3135.727143
0.8648691972 402 3149.753059
1.804067097 403 2938.592135
1.36677704 402 2902.617094
1.37837013 400 3091.844026
1.337576371 403 2909.673218
1.85496169 394 3050.198681
1.090843864 404 3012.665402
0.4892324721 410 2896.270613
1.543255401 398 2907.307621
1.629071426 405 2995.942104
0.5697541258 408 2907.5604
2.053037894 402 2979.418747
1.450439905 412 2956.28395
0.977868429 404 2924.8965
2.334559595 386 2910.914859
1.278915766 411 2956.937615
1.968734356 398 2976.335464
2.155805841 394 2947.851501
1.107679957 412 3179.936162
2.366904702 392 2925.533448
1.63012194 397 2948.064405
2.278113322 396 2964.088008
1.616396828 411 2901.264687
0.9510317539 405 2931.027261
2.419019301 395 3002.85242
1.755526468 402 3031.567195
1.623977865 404 2978.764014
0.8521470538 406 3030.361146
1.681999506 398 2918.490261
1.442419359 405 3041.69712
0.299821703 410 2941.700129
1.626708022 401 2959.236485
1.070774288 410 3050.814938
0.8051749102 404 2918.713635
1.662898776 406 3093.737046
1.497585721 400 2926.470025
2.18410765 392 2982.607775
1.465517646 404 3165.065424
0.9466225863 411 2911.159232
0.321542792 407 2971.958923
1.09893117 405 2968.30919
1.73435941 409 2969.391444
1.083361213 401 2969.943801
0.02352688383 409 3005.538949
1.45067282 393 2948.507087
1.405411413 401 2890.576442
1.007688823 408 3086.92771
1.469941544 411 2925.193324
0.3953164006 407 3028.36839
0.6011444683 408 3198.750959
1.038195561 406 3040.196061
2.581461889 393 2999.684981
1.488934607 397 2951.541093
0.7837290732 410 2887.221491
0.3239791185 406 3054.342774
1.038094051 410 2921.008906
1.228242423 410 2937.552976
2.149025819 387 2991.392937
0.217031571 410 2955.420896
1.966946577 395 2909.573368
2.589063385 403 3065.739385
1.011104772 404 2902.942788
1.871852175 389 2899.698616
0.728679908 413 3170.199916
0.3544337269 411 2976.761724
2.549242544 394 2900.595215
1.043887919 408 3090.262989
1.625102818 405 2931.141059
1.293271285 405 2952.804713
2.116003278 391 2910.671319
0.990959344 407 3133.386615
0.9272939433 407 2955.05094
1.747028117 398 2946.600642
0.6166464097 411 3092.48026
2.235285581 390 2992.746578
1.421685576 399 3045.457772
1.598763043 403 2959.672328
1.487621913 405 3187.629742
1.466152661 406 3071.257638
0.3662479444 410 3038.084821
1.573099901 404 3042.090569
1.722467301 409 3068.125955
0.627746811 402 2967.350198
1.546959879 405 3051.240532
0.821538025 411 2932.292965
0.9321324043 407 3117.746128
1.934342435 395 3006.082145
0.7453699403 410 3026.630695
0.8568955778 406 3016.629355
1.303101196 409 3030.09208
2.421697907 389 3012.906606
0.7497890634 405 3142.053944
1.785780511 399 2990.610623
0.6318936706 412 3009.628733
1.587723201 404 2962.203342
1.13700984 408 2943.230549
0.9882659997 403 2952.255645
0.5750476763 408 2992.037164
1.172296563 397 3030.342856
1.93291645 399 2993.99894
1.497457311 407 3012.645944
1.483806994 402 2899.397021
1.071793384 411 3009.504713
0.7008326398 406 2891.293825
0.8373504348 411 3075.401236
0.3772350119 414 3060.831534
1.159930763 403 3005.729653
1.275170688 408 2941.175429
1.244730798 410 3175.539208
1.430178508 403 3033.789861
1.604206264 395 3168.859162
2.134628056 391 3016.505595
1.165904924 406 3029.107509
2.465638376 381 2978.205189
1.767665303 397 2941.435229
0.5370281791 410 3207.570283
1.225096171 401 3001.768552
1.074373901 403 2968.294094
2.173529214 393 2913.702284
1.394280275 401 3014.905743
1.907533922 399 3129.333502
1.420050898 405 2934.238703
1.951066966 397 2918.686173
1.085654895 411 2994.002524
2.333846884 397 2956.650073
0.8886343132 404 2999.917246
1.174172157 408 3114.914208
0.7257727224 404 2984.004885
1.129078682 411 2931.313827
1.969318784 391 2902.469902
1.568425414 406 2922.14375
2.446831656 389 2975.918189
1.213880287 401 2907.230874
1.438110579 405 3168.366449
0.9664351889 407 3013.730406
1.547474038 404 2954.247239
1.474953512 404 2933.793693
1.315118226 404 3195.325079
1.657762662 398 3174.911064
2.138894332 395 2892.631168
0.8824037135 408 3266.726977
2.171324828 391 3083.895235
2.653214695 395 2915.49508
1.527720267 407 3303.530153
0.3767703631 409 3101.707129
1.28214022 409 2935.529642
1.367437156 407 2913.9175
1.2089522 406 3025.331581
2.346605952 393 2896.202727
1.557943102 400 3037.500111
1.819870218 396 3058.385304
0.9575188569 404 3019.550465
0.06740921942 411 3076.113138
1.845225477 395 2910.528344
1.010337894 409 2950.808775
1.979172937 397 2918.335551
1.358056081 408 3207.285232
2.549905546 391 2975.800186
1.214815807 405 3124.461962
1.062506305 409 2931.321605
1.436703005 406 3041.126843
0.7170975508 407 3146.188802
1.558441077 408 3201.98032
0.7177625636 412 3048.894966
1.549891999 402 3190.35446
1.639005992 404 2917.78112
0.8416427012 402 3071.177007
1.146372508 407 2996.607928
1.205136794 406 3012.134449
1.205328108 405 2888.259783
1.228127345 410 3159.356089
1.17161482 401 3027.280806
0.2610691502 413 2954.008474
0.9509994637 403 2947.458994
0.08024814757 412 3293.729436
1.817771775 401 2972.668326
0.618151955 412 2960.268352
0.9925596036 408 2927.577195
1.544433596 404 2895.628708
2.277457623 394 3001.83435
1.358619304 399 3263.093805
1.920703766 402 2900.824086
1.494810514 407 2885.222943
0.1126858736 404 2986.685465
0.7836832819 413 3208.331983
2.193951067 404 3012.887718
1.818337132 402 3044.044816
2.170507086 388 2884.736023
0.1585376962 409 3143.260252
1.209687086 406 3118.14916
1.239906877 408 2910.819566
1.047417306 401 2942.907426
0.9839659509 405 2932.668056
2.162249335 396 3093.209367
2.106762443 387 2954.822941
2.052337573 397 3037.657273
2.01557985 401 2963.792099
0.8453576615 406 3133.534069
0.7278948347 409 3224.550041
0.6627720569 409 2934.46928
0.8782952639 399 2921.212406
1.926156491 401 2981.083024
0.9466948388 407 3022.79543
2.403690861 390 3069.597805
2.157154058 392 2997.36953
0.7921582501 410 3043.749997
1.779286459 390 2884.820983
1.89544108 401 2980.074576
1.864275071 400 2970.056253
1.952350743 393 2927.390911
1.572714213 401 2986.655356
1.642986097 393 2952.676643
1.221761429 406 3033.299061
1.306930809 407 2958.498843
1.300066055 404 2899.706384
2.527677294 382 3056.81434
0.9795949212 403 2968.719549
1.841969883 399 2887.911593
2.300619212 394 2930.660315
1.076649839 407 2908.363536
1.796321727 396 2929.428202
1.333696247 399 2991.843714
0.846304472 410 3037.014079
2.249241905 394 2958.518385
2.212258526 398 3119.958181
1.05925485 402 2913.191841
0.7877172088 411 3177.582371
0.6209852081 406 3106.206924
1.794697699 397 2987.330706
0.8533229325 411 2889.533139
1.345449977 399 2983.332475
0.7503556014 405 2964.032518
2.381549581 393 2898.360337
1.946113829 399 2914.862686
1.846246835 400 3040.571598
1.045499972 410 3095.47524
1.150616101 411 2922.483446
1.493096404 409 2919.267623
0.7250509313 409 3014.541172
1.003701812 409 3025.617273
1.727353891 409 3065.533485
0.5365007262 405 3173.607908
1.811518607 401 2895.08847
1.555207709 404 3012.0361
1.589152254 399 2943.669148
0.4896427501 411 3157.313879
1.810626697 395 2980.914704
0.7650143195 411 3299.587566
1.59508135 393 2991.245597
2.772821364 380 2944.572473
1.428657887 406 2972.585677
1.518487539 401 2988.733608
1.072990698 408 2948.877707
0.2313706427 410 3165.144907
1.932592703 397 2989.02296
0.5717818556 407 3186.030113
1.289449432 409 2951.790975
1.947972666 402 2906.199242
1.369153016 404 2931.304327
0.8440799234 411 2991.554977
0.8236161868 409 3027.128036
1.367134028 400 3126.000401
1.767760577 397 2918.718724
1.309855205 403 2923.554596
0.2626707986 411 2888.575123
2.584280642 397 2960.100898
1.741167658 411 3048.823599
2.063976889 405 3054.003317
1.064783171 409 3042.052161
2.618888299 389 2917.429603
1.319932556 412 3131.773994
0.9391774193 409 3313.05948
0.7358140032 411 3049.237468
2.638878569 380 3014.586883
2.197353037 399 2994.106114
1.243028925 401 3103.095356
1.159426758 408 3042.968533
0.5486999215 409 2894.227123
2.195885479 396 2900.221034
0.8559258372 412 3223.403104
0.6623737111 409 2919.789511
0.2777702859 409 3132.466536
1.804691351 400 2939.859683
0.9117997734 404 3015.975315
2.528409091 395 2928.373847
0.9614234276 402 2899.493456
0.452047012 408 3023.761289
1.30794087 403 2931.85096
1.034249266 406 2935.776564
0.4340340326 410 3167.240895
1.203528221 407 2945.55856
0.2518909127 409 3040.548463
1.639734671 399 3011.986734
1.741870915 402 2960.848179
0.9773975309 407 2957.861
1.858491169 397 2937.545627
2.061298259 405 3118.264222
0.6178223931 402 2958.510057
2.052699958 396 3205.913985
1.120755591 407 3056.775711
2.234057293 388 2938.56728
1.233208639 405 3056.663298
1.766963233 397 3030.133472
2.007728258 396 2991.92407
2.021785744 393 2899.242437
0.5627310982 412 2950.98531
1.538552584 404 2967.006822
2.056782156 394 2927.002956
1.528569354 400 2935.830205
2.150859801 394 3097.984575
1.010218446 411 3113.460141
1.582205402 400 2899.524137
0.8590225048 406 2928.39414
1.397203477 407 2955.247158
1.456375818 408 3294.967097
1.859653773 405 3023.132628
1.120024899 396 2906.268875
0.9289656228 405 2983.434413
0.6409704969 408 3172.795537
1.128403771 406 2914.248798
2.07089175 394 2904.748658
0.5593968081 407 3165.039093
1.433823793 399 2949.823421
1.317407111 407 3147.883904
1.733649895 403 2976.150247
1.593440951 400 2900.771546
1.011670468 409 2998.960059
1.815928679 400 2911.248672
1.766198715 400 3003.236714
1.397116105 404 2977.374291
0.821395024 404 2896.282918
1.749137495 402 3041.138278
0.9160026868 407 2992.798492
2.091009027 403 3080.190316
0.450041834 410 3201.58971
2.630685047 384 2895.091402
0.713378534 410 3026.511406
1.003570111 403 2962.29427
0.5338733416 406 2891.103817
1.782633273 405 3024.153186
0.6229794417 406 3007.654326
1.909847836 401 2903.024301
2.622477195 380 2958.352101
1.595191908 407 3046.482183
0.697231764 409 3000.263848
2.319731736 391 2958.332984
2.053900319 407 3051.62617
1.431967549 408 2886.248453
2.314354915 390 2941.299363
1.048121975 409 3051.368939
2.516747622 399 2958.224665
0.2353660235 411 2944.401157
0.8780427695 404 3173.974642
0.6053200961 400 3139.125243
0.9831310234 406 3324.006964
0.78081695 406 3043.634456
1.369587306 406 2921.222231
2.779925654 387 3006.951472
2.210227063 397 3059.776429
0.5848070958 409 2998.420742
1.11781184 407 3156.98005
2.03845668 406 3056.331674
1.6402565 397 2940.461336
1.528126178 402 2968.175635
1.525274787 409 3112.409764
1.369496871 398 2941.196283
1.080507425 406 3115.218788
1.563769607 393 3042.376573
1.977307038 396 2884.840816
1.814675256 402 2994.776639
1.073269738 406 3089.366426
1.172223359 406 3150.11658
1.260288041 408 2960.011401
2.421736183 398 2896.033274
2.085630556 389 2899.739403
1.898615456 402 3037.918589
1.289524565 407 2996.074598
0.9997521571 401 3007.771901
1.795002139 406 2910.099849
0.7013829486 411 2980.870484
0.5908640974 411 2979.704265
1.943059381 406 3198.660511
1.494641418 406 2926.327915
1.239070003 409 3002.620467
0.8204784604 410 2894.582946
0.8194711168 405 2962.779513
0.2981478089 401 3018.016912
2.310611482 396 2985.016571
0.4969158105 411 3085.453518
1.853813616 397 2991.987807
1.637441163 404 2938.836288
2.136731872 390 2916.576827
2.378279308 396 2891.454982
1.56501625 398 2890.904591
0.7602393555 409 3057.176193
1.529301298 405 3004.075591
1.749866481 398 2914.21013
1.167361 403 2964.811752
0.3619859032 410 3095.751943
0.3917185601 409 2891.594964
1.073899532 409 2952.107281
2.014163203 391 2961.841976
1.601581722 411 2884.553377
1.700717852 401 2891.75204
1.310001151 398 3010.326215
1.25283146 402 2917.605375
1.178490269 404 3305.237803
0.6280071036 408 2945.046881
1.481016097 396 3024.251895
1.318415095 401 2942.600512
1.381869118 404 3178.883927
1.120210936 407 2948.857126
1.561741246 402 2945.111408
1.696418222 398 2957.987048
2.159402933 399 2998.071277
1.430710323 402 2934.054897
2.38484791 392 2901.844885
2.788504284 383 2995.649122
1.62759487 397 2934.699037
0.6514398125 408 2918.870792
1.139207169 409 3091.965145
0.5115914968 408 2998.376066
1.876423982 393 2900.537971
2.211353882 400 3129.218139
1.705798574 406 2894.171804
1.086550133 404 3040.773626
1.346946427 403 2911.320052
1.65235124 394 3003.488415
2.315383195 399 3059.720784
1.874791632 401 3038.767837
0.1725907692 409 3124.354906
1.460738653 399 3231.852981
1.60366389 404 2950.877703
1.132285556 406 3182.984412
1.420895249 407 3162.297559
1.475937932 400 3127.715104
1.829107632 406 2887.199766
1.584729202 398 2938.551512
2.068073323 400 3035.120333
0.3005247182 412 3252.864774
2.305091163 396 2922.325434
0.689516304 411 3056.82607
1.726330159 403 2921.313611
1.395132255 407 2916.989751
1.585879668 404 3266.310526
1.059785565 406 3224.905981
1.463769204 408 2973.758358
1.718767661 408 2919.623964
1.166428028 406 2898.971146
0.5474021602 406 3091.792886
0.3418203804 406 2891.872685
1.258014487 403 3072.206051
1.457037861 406 2982.008425
0.8732242072 409 3148.623262
1.802594351 400 2894.804085
0.4823584193 406 2996.171805
1.154907204 404 2923.745639
2.549115507 387 2950.331285
0.9292406226 406 3012.899387
0.5549797852 406 3016.891551
1.324700498 403 2959.310973
1.842619614 399 2954.552458
2.751265133 388 3003.2769
1.361695796 402 3003.120773
0.7789356392 409 2918.307238
0.2118549812 411 3018.429397
1.678119123 403 3125.142041
1.956584847 404 2902.720405
0.7120412644 395 2958.607837
1.543056883 401 3032.860448
0.1040450799 414 3108.122451
1.225032514 408 2922.352307
0.8705202793 408 3004.169558
2.696126903 381 2923.80856
1.038206172 409 2884.887675
1.409976258 399 3059.17169
0.7737272621 405 2898.789367
1.483287266 405 3132.942667
1.857556052 399 2972.972909
0.9259255635 409 2982.156055
1.881219635 402 2995.916421
2.915575669 387 2985.068011
2.905619586 389 2911.122009
1.046808981 403 3219.264534
2.500633397 391 2955.936776
1.279736965 407 2930.229012
1.139462042 401 2923.070713
0.1529276932 409 3032.465727
0.6244894229 407 3119.260775
2.537107452 387 3014.2769
1.334044041 402 2946.080741
0.8543646721 404 3101.832928
1.41416159 397 2965.537613
3.033098051 387 2908.127395
1.818392005 403 2933.516251
0.5655125761 413 3198.871911
1.705230908 401 2916.584127
1.121137379 402 2932.374222
1.313943843 405 2975.478796
1.041165887 409 3028.768553
2.230932485 397 3019.500147
1.741108568 392 2890.03464
1.619648689 400 3113.999101
1.437411845 411 3003.453666
0.708806845 407 2979.481957
1.79766331 407 3039.475732
2.188906418 401 2925.497994
1.300715556 411 3053.838696
1.685011754 409 2981.591729
0.9682358868 408 3021.296864
1.581005678 403 2959.857022
1.325567852 406 3092.094955
2.552023637 384 3045.887245
1.491806871 399 2914.611258
0.5024100527 411 3014.598226
1.520913598 401 2893.838017
1.448333602 399 2919.574095
0.9238835168 405 2916.146003
2.593310398 387 3114.706331
2.050451781 402 2951.548836
0.9742062246 400 2955.681698
1.127944964 400 2932.163158
0.7751128559 406 2939.640276
1.735628147 397 2982.096253
2.101370738 389 2904.211959
1.294764135 407 2968.617962
1.392633821 408 2887.500986
1.358367057 410 3046.734762
1.802620243 403 2930.198471
1.05388667 406 3225.608896
1.234047985 403 2926.468979
1.861500207 401 3112.399145
1.43019457 400 3048.922889
0.7560967879 407 3014.350993
0.8303875108 400 3003.369989
0.3858663851 408 3067.108926
1.006915424 409 2905.973558
1.67970961 404 2898.042028
1.293522534 393 2895.57206
1.826518986 391 3037.336324
2.063250599 405 2968.392344
0.996664675 408 2896.968865
0.5378398678 407 2993.969281
2.006901777 396 2924.709167
2.408008234 394 2891.524303
1.756591139 398 3032.293774
0.7408625548 404 3263.540315
2.036212365 403 3113.823986
1.144404399 400 2960.217263
2.532775745 381 2926.847953
1.761225363 404 2925.076026
0.2326784638 408 3181.611911
0.6506083778 409 3130.176803
0.5574157749 408 2968.026778
1.313093635 402 3127.913314
2.701029674 392 2908.767932
1.002544019 406 3032.110748
2.01070668 391 2918.667083
1.028371827 408 2920.424607
2.613714496 387 2918.609335
0.6809604155 405 3159.306538
2.475836341 389 2945.555365
1.330499132 397 2982.228168
1.757694356 402 2972.678086
0.1482908219 408 3032.121278
1.58972075 403 2940.969371
1.44314299 400 2939.210309
0.4608651252 409 3101.037628
0.7075654769 403 2972.78989
2.300253452 394 3026.072297
1.707616382 400 3036.51429
0.9862432644 406 2993.211154
0.6929322071 413 3015.896846
1.139313123 405 3047.056837
1.877928169 400 2972.250583
0.4400356221 400 2892.538603
0.1415290707 411 3346.428346
1.332479168 404 3082.606483
2.053262416 405 2959.424101
0.4482611324 406 3157.258562
1.652007474 398 3012.174788
1.16903257 408 2939.265329
1.449015582 403 2980.258074
1.104410371 402 3075.345225
1.402397367 403 2971.393798
1.38360418 404 3108.511613
1.211033283 404 2898.387669
1.373814488 400 2947.883303
2.62807368 398 2913.237641
1.274471483 395 3065.498943
1.48066197 406 3169.551422
1.594278998 394 3016.978498
2.079391969 394 2958.934795
2.542186683 388 3037.04748
1.39083446 396 3011.073685
2.096533744 401 2899.012683
2.064715457 400 2989.550638
1.273718404 405 3010.368812
0.3371701685 410 3223.649791
1.235386727 406 2930.48352
1.940351919 398 2960.798241
0.6465946979 405 3082.280237
1.825162625 399 2985.153087
0.6772792671 403 2988.909931
1.594235718 402 2887.745464
1.468317604 401 3061.273418
0.7642031525 406 2954.283996
1.002996761 407 2900.551831
0.9635522434 401 2953.495646
1.855421034 395 3040.117813
1.441091706 400 2898.691916
1.626209764 389 3112.061691
1.380055555 406 2955.139499
2.71715915 391 2895.533453
0.3105764238 407 2993.182541
2.336753448 389 2890.923446
1.211833583 409 2956.203101
0.7305559411 412 3148.194106
0.6454593051 406 3026.584146
1.921335434 395 2896.220024
0.5514413079 409 3021.311005
0.7514469134 411 3007.331081
2.507328302 381 3010.191484
0.9880218372 403 2996.260247
1.829714122 393 3008.507945
2.354350186 401 2956.608712
2.041025734 393 2965.182815
0.6094833802 414 2921.747803
0.9470903495 408 2986.467791
1.852006397 395 2955.984814
2.17155302 394 2929.490975
1.299267716 404 2940.785186
1.009862354 407 3064.711035
1.568071271 404 2997.001878
1.305750017 400 2885.587849
0.593949801 412 3286.169185
1.394950275 402 3053.400304
1.000168807 407 2908.511148
0.9899341813 403 2990.959978
1.874921155 396 2922.3874
1.932265986 399 2917.382196
1.421819862 400 2955.846397
1.290312381 400 2931.511295
2.704471818 397 2925.712419
3.139523162 385 2937.729425
0.5318270281 406 2991.031424
1.560200202 407 2940.57314
1.309154871 402 2986.183773
0.4957495563 411 2912.846739
1.907824752 405 2966.87686
0.6678720362 411 3053.427
0.9423438546 407 2955.55653
1.99018365 406 3134.53883
1.198019692 405 2922.562317
1.437789605 406 3201.241088
0.9210446187 407 2974.185033
1.988670105 400 2890.454077
1.004097706 401 2945.744296
1.879813506 402 2933.050553
1.630610729 397 2958.879424
0.5594402113 408 2987.755912
1.578109463 403 2931.888117
0.7737007928 409 3148.236986
1.514422465 402 3029.501385
3.167941073 394 2965.909922
1.643728759 401 2935.360633
1.870788645 401 2892.724412
1.655455345 402 2995.944787
0.7575633609 406 3149.214303
1.135546799 402 3023.100023
0.6387564621 407 3200.56481
0.9486986277 405 3052.35856
1.280602769 398 3015.845022
0.5089435834 411 3213.827402
1.057461186 408 3043.479355
0.2066823932 411 3023.238353
0.9794647101 404 2951.75701
0.8931766868 409 2997.663547
0.6966659107 407 3151.386676
2.682998716 388 2984.694295
1.553367561 397 2950.266984
1.416548973 403 2994.109226
0.5194966509 410 3058.375365
1.339300698 404 2908.183479
1.085758428 407 3104.632409
1.555373417 403 2927.672467
1.772833551 402 2930.205872
1.702832682 401 2946.496282
1.379766391 406 3228.570775
1.539372832 402 2984.220109
1.347674858 403 3065.180653
1.335294514 397 2941.753915
1.807523293 403 3127.0236
0.7705736367 410 3023.138769
1.436942586 411 2897.31829
1.578973187 404 3007.862847
1.478948562 404 3008.807241
1.56781149 405 2904.059873
1.173367093 409 3037.725545
0.4423264943 412 2925.941702
1.557458844 399 2912.298866
1.534502278 406 2981.735902
1.500680273 400 3017.76945
1.873604418 400 2921.892007
1.329478165 404 3159.438348
1.34469471 407 3204.673292
1.328355317 398 3155.501676
0.3212427747 407 2942.072253
2.07189537 396 3043.190683
0.2677950287 414 3140.640654
2.137943313 402 3067.663095
0.5743490147 409 3059.933494
0.8218610818 408 2982.870541
1.801474249 400 2942.792922
0.8348802261 407 3080.955953
1.447397445 404 2992.674697
1.181091966 407 3103.956822
0.525654592 407 2911.722381
1.928660541 400 2990.468273
2.199183912 386 2890.585935
1.626854393 401 2941.113572
2.511851072 398 3011.254569
1.927726068 397 2900.084179
0.7256427192 407 3003.596035
2.180403714 392 2897.705858
2.886015793 373 2902.192897
0.6252387516 408 3038.166726
0.9242093774 407 2968.734827
0.9838577438 404 3028.195732
1.852082278 404 2913.647738
0.9647708043 409 2885.455421
0.9942487723 407 3044.68251
1.481971486 402 2896.682135
1.169555342 406 2927.806329
2.02965629 394 3024.159174
1.680472502 401 3004.475033
1.257676765 407 2888.41118
0.8061114364 410 3096.876837
1.655365608 405 2896.878282
0.6123394315 408 2934.083206
1.216347477 404 3036.860842
1.267821607 405 3043.205784
1.594710524 405 2942.578614
2.803536499 380 2895.879568
1.015408041 409 3279.79634
1.996331621 386 2894.173188
0.2494480458 411 2957.972398
2.440708408 395 2958.201218
0.6070887423 407 2924.779202
1.825377691 393 2890.108298
1.576809579 394 2968.161833
1.547882243 401 2902.692905
1.95419685 386 3000.290758
1.887862531 393 2933.39931
1.383542507 407 2911.745684
2.691333315 393 2949.923558
1.578160902 403 2895.011427
2.180363591 399 3057.518831
1.810742075 397 2885.707423
1.504548593 401 3050.6376
0.972073077 404 2923.17486
0.2756973895 404 2980.919426
2.057876787 396 3019.158242
0.827033913 409 2890.849927
0.453971037 412 3143.066867
1.541577445 401 3069.71916
1.18464756 403 2903.830584
1.378062633 398 2989.75774
1.501809692 403 2902.950741
1.460759807 400 2926.903451
2.024354333 396 2898.331789
1.550871081 406 3183.330874
0.9798417561 407 3016.589116
1.195041415 411 2899.813644
1.93648474 401 2903.55231
1.412397915 403 3193.958089
2.735586677 386 2973.169016
1.213258964 405 2923.426443
2.238823155 398 2959.359789
0.3871139609 412 3034.2967
0.8855219165 411 3040.531069
2.828699076 390 2918.090496
1.410226293 404 2911.083355
0.9849623493 406 3007.747489
2.692460386 384 2902.737259
1.030985451 407 3099.663552
1.439565048 406 3030.2321
0.285551866 410 2984.743322
1.817229564 407 3088.094986
1.04689812 403 3000.117852
0.7507275732 409 3080.321269
1.608666651 406 2906.507585
1.405067695 407 2977.369824
1.202955183 409 3119.556847
3.403738245 377 2992.919597
1.687200418 398 2954.658132
1.963559671 402 2885.134847
1.534378605 412 3215.998068
1.470906663 410 2891.473375
0.5429823796 405 2999.645916
0.5257733921 409 2887.178164
0.8887688177 408 3133.758392
1.208164031 400 3002.070984
1.365444835 405 2929.994751
0.6123434028 412 3165.456893
1.702744095 407 3066.122868
2.354154272 391 2893.701659
1.434790702 406 3063.780362
1.574166152 392 2998.813103
1.138429228 403 2904.400564
1.612437843 400 2951.556807
1.679740957 400 2917.228277
0.8860309377 400 3009.082246
0.5843639256 405 3020.167651
1.586330506 406 2935.256282
0.8627245845 404 2947.658387
0.2863530595 413 2964.759919
1.815118398 407 2985.371789
1.191625667 405 3070.446221
1.83788029 404 2974.005549
0.8935053305 412 2954.484912
1.700857489 399 3030.585669
1.304761804 406 3020.075635
1.133284939 408 3108.481391
1.184823015 401 3246.796436
1.797270632 393 3033.091905
1.638790366 403 2905.845348
0.3949958192 408 3086.652604
1.088985716 402 2964.378265
0.3190654322 406 3019.936688
0.6330693119 406 3074.770359
2.536418356 387 2941.328271
1.161548407 408 2954.154999
0.7977190218 408 3028.705782
1.092763782 408 3095.445177
2.313437042 392 2963.825951
1.735041899 394 2980.022893
1.37401072 398 2973.42169
2.337605482 396 2965.939213
0.7533372483 410 2963.908807
0.2357969437 411 3117.633778
1.134180046 410 3023.718917
1.596765549 405 3083.601909
1.528692853 403 3032.906432
0.5978714827 411 3089.636421
0.5942791731 410 2891.399588
0.6254553308 414 3177.151157
2.728615439 375 2979.676624
0.7314084623 410 2920.298836
1.734048913 401 2980.473986
2.48486688 379 2986.461928
1.122062316 409 2888.26711
2.0777878 392 2923.038726
1.590072174 406 2913.796592
1.832946349 404 2936.690703
0.6815512513 411 3314.143487
0.7382730946 411 3185.11873
0.3701514577 411 2941.452488
1.142764663 403 3118.184497
1.244084081 407 3021.874007
1.301335835 403 2947.850373
1.677115413 401 2902.483875
1.034945707 412 3258.692301
1.65018569 396 2890.358563
1.522440974 401 2900.515139
0.6554765366 407 3137.787643
1.560285882 406 3181.353118
1.222691914 407 2956.866625
1.285201571 402 3005.140868
2.378812641 387 2903.81381
2.286413086 391 2899.516774
0.8710299329 398 2976.255119
1.614745311 402 2931.990963
0.9643422013 403 3071.437482
0.7088354061 412 3181.448009
1.674923142 398 2951.634583
1.969059267 400 3048.761918
2.456493174 397 2907.555461
2.423594058 394 3060.69727
1.823034424 400 3081.445261
1.290207886 403 3035.608788
1.654848176 408 3054.187696
0.5889562772 399 3219.0141
1.529491181 401 3042.659107
1.189879909 403 3132.80679
1.702896312 405 2964.394281
1.579739566 403 2912.818992
0.832838015 409 2886.664284
0.7083485615 406 2936.859272
2.733416205 389 2943.566391
1.103792968 410 2934.239639
1.540307094 401 2964.573452
1.817314608 402 3067.058636
0.1759168559 412 2947.171632
2.628902332 393 2940.079368
1.174124775 406 3099.421169
1.637096031 402 3050.445585
1.481971943 404 3041.559471
0.4895283503 409 3130.732195
2.409435951 396 2925.802119
2.096151307 388 3049.579395
1.513770715 396 2903.732695
1.719297529 405 3056.103596
0.9498722785 403 2898.056203
0.5060560669 408 2977.7463
1.884900501 398 2898.052416
0.2438663835 410 2921.700684
0.518492991 412 3065.732122
2.442721292 387 3016.80968
0.7354066259 411 3280.635943
0.7776550048 409 2933.176497
1.614117025 400 2908.628802
0.9233474845 400 2892.725736
0.8021609566 411 3105.951994
0.3096727635 410 3083.822318
1.352376826 404 3014.222185
1.27262825 408 3252.877044
0.3543410688 412 2906.467423
1.721942699 405 3185.282525
1.556340095 399 2973.02327
2.33359157 399 3047.944925
0.9920877946 408 3177.775267
2.403210315 396 2947.289264
0.2702013984 408 3009.821374
1.754863968 398 2910.856177
1.075962348 405 3055.902846
1.21952761 397 3005.738746
2.047478125 399 2912.812125
1.286674836 399 2971.261729
1.904735342 401 2942.061175
1.568784526 398 2935.008282
1.082207607 402 3042.500838
0.4806299023 406 3030.53664
2.330295966 380 2922.425298
2.061810844 405 3010.04295
1.736699565 402 2939.547971
1.17369962 406 3058.727465
0.9484169584 408 2925.050949
1.169507237 409 2913.092939
2.583163728 400 2930.408503
1.335394473 401 2913.340245
1.604532754 395 2980.389345
2.185031964 403 2972.819133
1.745251086 394 2959.887953
0.1514861146 412 3136.901934
1.657771851 406 2889.372852
0.3598251576 413 3000.567488
1.437479921 403 2930.57003
1.33748259 410 3003.051565
1.123708718 412 3063.767176
1.477455105 406 2931.443144
1.18591153 411 2985.538652
1.501370205 408 3039.429751
0.1731745943 406 3187.64097
0.9377038572 407 3002.642123
1.563743051 401 2897.035875
1.555299979 403 2885.95936
0.7092615053 409 3075.481832
1.809150289 407 2908.832183
1.308752267 407 2987.38205
1.023937901 403 2988.469225
0.3163997424 411 2901.533937
1.285119499 405 3114.035816
1.109984673 407 3001.599325
1.901220684 398 2892.758905
2.367596574 395 3068.008307
1.375874328 407 3129.676636
2.685692201 390 2906.468752
0.9978382424 407 3054.114831
0.2266609848 405 3105.730415
2.354682295 380 2903.041159
1.507737348 403 2950.114264
0.5875778395 408 3156.023664
1.701761428 403 2957.085138
1.159037708 409 2941.056489
0.4682628189 413 3214.304713
1.128163101 404 3006.459236
0.9812259858 410 3178.155467
1.701577032 399 3024.339601
1.247006543 406 3036.633747
1.521549663 397 3025.295882
1.320866772 406 3025.097609
1.824899924 407 2905.069707
0.5324691971 413 3229.431615
1.814738958 403 3272.283645
2.810934585 372 2989.245109
