5.871199768 277 1863.204819
6.517591536 269 1857.543147
5.026891175 291 1869.081534
5.889047884 265 1822.806049
5.346007167 291 1847.106708
5.720125824 289 1833.932443
5.386585279 307 1888.338886
5.3362145 305 1823.88803
5.608672758 303 1861.627294
4.950402123 290 1889.191557
4.757675599 309 1866.155446
5.160838962 286 1876.463984
4.590723534 303 1865.729055
5.656948045 298 1835.97004
5.162395627 295 1851.516919
4.450715581 341 1876.707115
5.275769557 280 1823.951781
4.91525376 312 1846.219248
5.324723105 290 1845.038485
5.685573976 293 1831.998472
4.660371114 307 1855.935532
5.307785725 316 1887.567365
5.074144765 317 1835.287244
4.7652651 318 1850.656968
5.000351223 288 1889.634729
5.736751427 276 1836.344609
5.622330971 308 1860.004062
5.429173982 274 1885.514646
5.565035106 297 1836.702857
6.141322013 283 1854.502718
5.378639329 326 1868.669202
6.201833257 284 1826.970109
5.246596176 279 1837.896582
5.434986389 296 1830.484039
6.135863051 278 1839.975036
5.961126873 275 1854.745951
5.524266334 288 1892.681586
4.950754296 298 1842.922471
5.541254977 275 1850.445485
5.437774264 301 1863.930231
5.345751863 288 1856.087451
5.582683811 275 1866.574634
5.778996046 295 1838.335667
5.938838806 297 1839.063692
4.473862154 310 1826.601761
5.149294003 315 1890.539434
5.101104777 311 1858.093971
5.290807684 302 1888.616653
5.849483887 286 1838.306154
5.664359963 298 1883.793631
5.583032584 288 1891.940758
5.319303173 299 1884.993773
5.803280605 291 1856.413788
5.000352953 296 1849.593516
6.899728541 278 1861.151434
4.778726148 303 1858.772003
6.051143713 287 1822.675771
6.301411882 281 1836.352406
4.838474644 309 1882.19766
6.06209921 272 1845.378308
5.212380881 292 1859.274707
4.634456144 316 1848.847948
6.517526389 285 1828.125316
5.63861424 302 1877.720945
6.351635631 280 1895.915931
5.708774299 296 1882.934762
5.545009745 291 1888.376433
4.392653582 310 1829.913748
4.858916565 302 1885.823507
4.991096998 316 1823.543738
5.191613911 287 1822.850704
5.402770986 288 1894.667302
5.31579263 293 1855.70426
4.687832594 313 1846.330051
5.289588655 303 1870.895637
5.057572276 308 1864.06077
4.95695692 299 1879.255914
5.776138823 293 1839.597475
4.693676078 295 1829.357711
5.215916665 291 1853.088032
5.816570549 277 1829.357826
5.167225181 323 1824.003163
5.927388762 288 1824.351474
5.758771469 289 1892.060915
5.003619683 306 1844.107861
4.842503573 294 1885.726841
5.64676123 291 1838.148438
5.952470634 269 1877.050615
5.847504845 290 1861.741107
6.150235505 292 1856.456897
5.588604226 292 1833.782459
5.545252683 280 1852.446613
5.736699522 291 1848.943295
5.466990764 292 1844.376354
4.824532164 307 1867.533168
5.042537562 293 1863.923765
5.414669422 287 1851.168628
5.186727568 299 1841.559403
6.106179292 257 1853.552539
6.184006047 284 1843.32574
5.485643671 278 1868.00176
4.650428628 320 1869.414165
4.918917724 303 1840.942822
5.280477417 296 1828.82058
5.442321057 298 1833.330786
5.713891888 291 1849.97734
6.385577142 283 1829.434956
5.747059647 289 1872.669066
5.811564498 277 1872.028024
5.765753447 283 1875.384345
5.239842476 301 1831.322714
5.788868738 296 1854.014377
5.703777363 313 1869.549912
4.599178073 308 1893.695238
5.070972624 288 1844.7388
4.973657968 294 1842.183799
5.612888509 283 1876.090919
5.305319242 289 1878.352419
5.110467199 299 1880.698799
4.89039685 297 1833.531738
5.318112151 296 1836.370197
4.747795814 306 1825.665196
4.429533654 314 1873.605592
5.754780766 283 1859.867223
4.944860654 303 1890.373466
5.860259602 280 1883.44666
5.788986388 281 1877.648855
5.558984309 307 1825.505211
4.572042238 321 1876.656632
5.859319303 274 1850.707823
5.728071397 282 1859.238729
5.613861936 291 1872.00661
6.000086839 286 1879.347458
5.851473322 281 1846.328045
4.744753294 301 1836.963133
4.776669669 316 1890.908467
5.821075543 307 1841.083834
6.212973156 287 1836.956315
6.215164364 276 1828.18912
4.546094687 325 1856.404842
4.777896786 306 1885.583054
5.581396899 302 1848.293989
5.924299726 267 1864.0087
5.945732985 293 1871.345066
5.399371797 296 1831.681191
5.579419467 292 1863.967645
5.481168427 314 1849.971378
5.833639827 275 1887.356165
5.572119375 269 1877.930454
5.882330339 282 1866.429318
5.496185018 291 1821.586448
5.400229741 301 1888.024927
4.88163177 298 1848.30262
5.062133096 305 1887.094226
5.806424845 275 1830.21064
5.834261051 300 1838.469574
5.984498589 282 1863.795872
5.416029947 301 1866.808839
5.093004624 313 1855.318462
5.121978701 290 1835.922095
5.256818379 311 1882.317514
4.563649524 305 1835.50915
5.237300086 285 1889.569944
6.199733343 286 1834.312043
5.308782427 302 1848.542173
5.507043993 293 1860.656061
5.507057964 291 1837.961686
5.321486217 305 1849.431917
5.344669384 292 1854.797598
5.890640201 280 1862.07001
5.504961844 294 1854.470673
5.571372415 308 1886.639866
6.179219625 282 1826.102924
5.512441888 297 1833.243954
6.045794924 285 1840.185839
5.989461632 278 1880.45453
4.88950471 314 1852.262192
5.093454632 298 1868.494233
5.543445234 287 1853.477709
4.947888603 294 1832.7304
4.828462038 293 1872.740217
5.808883873 291 1869.486078
5.731370165 296 1823.26911
5.158392186 298 1848.369427
4.719645479 311 1836.427574
4.963682204 292 1822.642449
5.438510219 314 1886.834877
5.807809964 271 1878.644049
5.8569183 277 1883.049819
4.849087492 311 1870.151337
6.095324013 294 1821.265261
6.229056542 271 1829.772385
5.781302469 274 1821.29376
5.469609753 306 1854.837945
5.317591788 314 1841.175748
5.536135246 299 1870.304337
4.665817296 321 1886.287827
4.918107265 303 1833.418906
5.295942019 315 1873.175266
5.757183395 301 1861.769307
5.822122151 293 1876.403392
5.484811005 305 1858.376144
4.6468892 332 1863.725472
5.586759457 281 1875.10895
5.858646725 285 1891.80904
4.875203356 298 1868.536638
5.624072608 271 1864.521422
5.630217004 284 1876.808661
4.735165031 309 1830.638771
4.625279473 291 1878.006134
5.701143777 294 1825.081793
5.216894448 298 1872.947061
5.668255585 292 1873.927185
5.437389306 285 1843.77497
5.482644981 278 1843.176593
5.958904174 280 1872.740559
5.760472564 272 1830.457191
5.711847471 294 1838.635393
5.591989783 291 1878.600968
5.522172267 297 1866.915762
6.160821332 267 1824.837264
6.306355691 286 1822.900364
5.389872552 280 1858.045473
4.736670221 310 1867.176764
5.480760271 292 1860.347569
5.180954785 303 1874.691079
4.814792241 325 1881.85804
5.472043339 303 1875.641458
5.669712204 280 1851.613698
5.615999309 298 1891.140829
4.770902667 334 1879.958404
5.22712532 290 1866.199986
5.572560862 273 1869.690048
4.860265819 308 1888.076761
4.359896976 316 1868.913638
5.957694726 263 1833.325379
4.609071503 313 1893.592683
5.86279874 296 1881.533087
5.259251619 303 1847.110475
6.316626829 265 1844.875806
5.581542646 307 1889.919843
6.058340611 276 1837.975642
5.299185341 303 1891.420589
4.585458928 323 1862.844302
6.445622397 269 1830.327528
5.212087956 297 1874.513024
4.934459953 308 1828.721639
4.713727363 320 1894.45809
5.54276812 294 1863.626797
5.490137135 287 1849.652478
5.556722151 311 1859.183276
5.738398856 274 1842.254622
5.026948674 299 1829.628231
5.517338052 279 1831.588064
5.438724246 278 1859.637365
5.357511975 303 1855.758556
4.978641886 320 1893.285885
5.227130963 298 1878.331366
6.074269731 267 1826.311887
5.532664529 263 1822.686882
5.549960945 283 1887.694141
5.803173565 289 1838.191176
5.106053729 325 1881.883289
5.784620907 303 1875.168088
5.367824617 304 1872.866703
4.675966182 301 1883.457325
4.887258951 297 1892.926388
5.847608359 255 1848.162345
4.852087203 295 1877.798448
6.424301468 270 1885.470719
5.176585043 300 1838.210537
5.339344815 300 1862.418482
5.607107886 282 1871.051807
5.247489614 293 1854.283134
5.039958254 318 1892.357775
5.945265988 278 1850.308136
5.489156284 277 1876.848075
5.365023827 297 1858.951781
5.329099975 287 1840.384403
5.302519532 293 1889.000386
5.890669059 295 1831.272881
5.560823192 294 1880.583755
4.475788893 312 1822.992482
5.279601615 302 1838.257121
5.346961751 286 1872.692762
5.888299264 269 1849.225375
5.02602653 302 1833.152389
5.259981689 304 1882.592624
5.045613 297 1863.354347
5.137552158 310 1874.568824
5.917281319 285 1895.668955
6.081942782 255 1840.630953
4.849769862 304 1869.33648
5.314109533 296 1889.18931
5.774217054 275 1832.632317
4.45867523 335 1887.511625
5.408199607 283 1845.201707
5.499476976 288 1848.939527
5.087241887 292 1874.455441
5.555594597 287 1863.634631
6.240949135 289 1876.841951
5.223366753 308 1827.26396
5.794402723 277 1859.824197
5.615305277 292 1877.133803
5.565926251 275 1832.745889
5.372528607 302 1837.368786
5.488502124 296 1826.699463
5.137957719 296 1835.243603
6.687263041 252 1841.924787
5.048927473 306 1825.022823
5.38651635 298 1836.010618
4.943784706 308 1831.117568
5.766632356 298 1822.551733
5.669685797 285 1836.786575
5.456261231 286 1859.463091
5.277243778 306 1881.187252
6.138800707 268 1847.30985
4.693205814 292 1851.282356
6.355900287 278 1831.133069
5.947099196 280 1865.685566
5.974015477 277 1878.3531
5.661106773 297 1853.735633
5.937872993 290 1880.450553
4.99542092 294 1874.509572
5.173820848 298 1852.180008
5.434232766 306 1848.927303
4.963394683 309 1871.3063
5.315287374 291 1824.309085
5.08599712 283 1828.123661
5.714075881 296 1875.602584
6.231170162 260 1831.006785
4.728071771 314 1890.948495
4.947716519 317 1877.959379
5.328716885 279 1827.608054
5.324181186 309 1849.563499
5.150855933 311 1869.75752
4.214922832 323 1891.832695
5.080468144 302 1837.908867
4.529158049 307 1871.521685
5.293026816 293 1851.253107
5.428975269 282 1857.111383
5.220450778 313 1835.103633
5.06579259 311 1889.059511
5.705776965 285 1870.155343
5.218656184 302 1892.664918
5.464161493 284 1838.496275
5.463548157 279 1840.347295
5.652999761 282 1844.57942
5.009753406 300 1863.562043
5.600428184 308 1831.989582
5.822702224 269 1870.433285
5.529702199 278 1866.605921
6.010132708 286 1871.545461
5.459698343 288 1864.51121
4.966447689 313 1855.57558
5.630031314 290 1848.61108
4.935302187 296 1823.283069
5.026328048 312 1873.695389
5.029098202 322 1831.573269
5.315876092 296 1855.087783
5.291031716 290 1843.6999
5.692535394 302 1847.014268
4.694533602 301 1885.290332
5.893202612 292 1892.535633
6.202842509 288 1843.959991
4.941695574 309 1872.787921
5.535669464 286 1868.828106
5.538248818 307 1877.477086
5.061141473 298 1883.636543
5.168123729 281 1845.43594
6.159265564 279 1839.540472
4.88630785 313 1826.387889
6.762147517 256 1838.369999
4.343481164 319 1834.14284
5.040984076 295 1830.78817
5.802664017 284 1867.986135
5.042589269 291 1855.903866
5.628976267 278 1823.87658
5.323306665 324 1846.190307
5.783897997 295 1887.973373
5.179898787 308 1885.450761
5.352448422 299 1885.666713
4.758895287 307 1870.986964
5.413880973 299 1895.014797
5.327298255 286 1863.990247
5.82460626 295 1880.421006
6.811608486 268 1870.279595
5.462001432 281 1831.416527
4.767020928 292 1851.432752
5.528004993 292 1825.90485
5.268741075 303 1832.166203
4.896070293 293 1848.233367
5.880003102 265 1830.369272
5.937993158 259 1882.047346
6.209316129 241 1849.665108
5.656712332 286 1833.595021
5.507252507 287 1841.36215
5.15480558 310 1872.863313
5.911638331 280 1876.076331
4.654924764 311 1856.233735
5.576872956 327 1886.077236
5.026952753 312 1894.008299
4.75638616 312 1868.734188
6.548679572 294 1831.282238
5.167985919 301 1844.578963
5.993660631 281 1890.561136
6.347978782 260 1829.482757
4.875893215 312 1872.568034
5.225312848 295 1883.026232
5.024181271 313 1887.240736
6.160799441 272 1835.113659
5.488553825 310 1837.667052
5.872642589 288 1852.295951
5.757192861 292 1828.237488
5.79801507 289 1832.473839
5.041012025 316 1871.1902
5.156298771 300 1859.271949
5.442243578 293 1892.468742
5.585981791 289 1851.509974
5.818778598 298 1871.926241
5.750955775 292 1881.512067
6.044263512 297 1833.019795
5.394672281 291 1881.861526
5.202655084 289 1839.921455
4.759207157 305 1892.283733
5.238975283 310 1827.389432
5.231588123 301 1839.750937
5.139821564 286 1882.77833
5.815655547 290 1832.185008
5.934121354 279 1858.3305
5.801422053 280 1879.763895
5.399526528 292 1846.098082
5.107471374 305 1837.717361
5.661620753 274 1876.285889
5.642364401 268 1825.461333
5.262695705 307 1894.724841
5.16058343 313 1894.42071
5.370030895 299 1824.386359
5.609932455 281 1873.450287
5.566078772 292 1854.216441
5.274943016 295 1886.609238
5.335827069 295 1848.921189
5.461550702 294 1830.58
5.66559523 285 1875.887081
5.059216417 304 1860.945286
5.418822185 287 1848.632561
5.740038739 269 1866.847865
5.31873936 280 1862.490175
6.116528397 275 1833.017527
5.480991205 298 1889.452174
6.6168489 279 1832.990482
5.182513937 296 1852.176421
5.69382725 279 1879.841511
5.508814988 300 1850.66273
5.256686887 290 1828.797519
5.042942325 314 1883.222201
5.200723128 287 1894.193868
5.565969074 286 1838.497498
5.514030309 307 1829.281651
6.272311779 297 1844.745682
5.771692737 280 1848.770449
5.759651814 281 1869.92169
6.136911835 282 1887.05198
4.507201284 285 1851.991597
5.940262624 272 1832.833226
6.091577991 277 1869.575569
4.778601803 311 1881.707295
4.374902729 311 1826.645016
5.525051557 299 1882.942903
6.504248851 264 1833.150875
5.04607015 321 1885.563674
5.827041224 273 1827.517187
5.226695976 286 1859.320024
5.799727988 284 1891.71504
5.908221498 290 1889.941692
5.377608039 278 1866.617489
6.355067222 295 1838.290642
5.046255026 292 1868.096422
5.410334374 308 1834.516135
5.729220851 290 1857.088313
4.910286262 292 1876.497964
5.084456191 307 1872.45699
5.629585022 297 1871.875953
5.581731935 282 1862.658367
5.358116791 306 1894.554516
6.397866648 260 1894.029329
5.320312926 299 1844.866327
5.909318217 285 1870.941894
5.23631157 306 1850.89729
4.668096683 301 1829.674841
6.233580475 273 1893.46352
5.947740325 312 1868.195299
5.374936176 282 1852.226153
4.84245241 311 1890.038935
5.648548759 280 1832.219866
5.632977278 295 1847.178461
5.4620064 290 1880.447449
5.467452328 310 1883.042349
4.82323511 299 1865.684131
4.838364775 308 1863.407429
5.432164195 294 1853.639046
5.641896226 284 1864.386112
5.706877794 288 1847.827324
5.742347631 274 1846.18539
5.683189392 279 1844.03768
4.78260795 317 1890.01147
5.13698999 307 1882.198395
5.465185991 273 1828.906682
5.426833264 298 1861.08832
4.697483812 315 1838.056262
5.581561297 300 1838.348545
5.387715966 278 1870.044746
6.223281215 269 1840.582796
5.605625934 289 1885.253247
5.625360392 285 1826.021088
5.534146208 316 1855.852852
5.466733091 292 1866.250626
5.546418873 283 1852.776781
6.15604308 292 1851.029591
6.047120461 284 1850.105713
5.522036948 274 1824.597775
5.666678722 285 1825.088752
6.21257729 276 1842.919331
5.368823215 290 1854.961281
5.610913381 281 1827.093518
5.579284802 289 1822.04945
5.079416639 321 1849.795377
5.733626424 298 1844.876929
5.775630403 281 1853.65767
5.410030036 304 1828.123758
5.176847421 288 1835.554598
5.725609391 270 1890.529969
5.563283061 304 1884.874541
4.959830076 298 1861.826944
4.811144352 300 1867.17614
5.100142461 290 1867.707315
5.564575134 291 1881.890719
6.033255913 290 1839.333425
4.866989608 316 1865.763515
5.212202106 315 1838.965285
5.554297341 306 1832.124293
5.52127006 293 1831.412796
5.422761528 291 1833.664812
6.183428647 297 1851.282339
4.361192994 341 1873.596619
4.940750645 289 1836.105654
5.461786472 291 1851.275601
4.827756781 308 1874.712112
5.516232512 300 1827.289346
6.506311459 267 1884.690693
5.653248621 305 1853.172811
5.431387641 315 1895.421715
5.364085196 307 1854.461375
5.16406976 288 1825.153177
4.525565198 303 1839.669598
5.444818656 289 1878.373093
5.93962992 292 1862.18689
5.358208659 304 1844.430755
6.04947833 286 1845.978007
5.449738517 295 1859.247731
4.331314162 325 1880.871384
5.663139056 278 1837.126017
5.545791884 300 1868.174059
5.603710539 282 1846.50789
5.088023716 305 1835.834
5.414757879 292 1867.020156
5.141507184 282 1822.033556
5.082930556 314 1865.318703
5.873928678 282 1835.603379
5.887161948 300 1855.735377
5.601178691 284 1830.791402
6.030794228 274 1850.391191
5.050599184 327 1893.46343
5.613703294 288 1888.323203
5.48105537 301 1860.255987
5.340780051 274 1854.391004
5.381196963 301 1824.766257
6.077717543 279 1892.163499
4.883331542 301 1888.553544
5.064652238 268 1860.444084
4.526182965 323 1861.018026
4.97557543 306 1837.050083
5.113638303 301 1865.696969
5.778791476 304 1884.353482
5.442903927 294 1828.858602
4.688618816 309 1894.679988
4.731816638 298 1821.366723
5.611153638 286 1861.380608
6.030248612 257 1824.876789
5.928470221 278 1842.350891
6.030084571 295 1875.766368
5.754945605 282 1837.519108
5.352688158 292 1824.687469
6.035343304 272 1838.158278
5.115895269 303 1859.320261
5.410536417 294 1866.918961
5.318272743 292 1860.902018
4.837064318 283 1867.372324
4.89526517 322 1884.891703
4.918003075 296 1863.051893
4.858412065 306 1855.857265
5.516993045 276 1830.027093
5.133650722 292 1851.812773
4.549161344 299 1857.864122
5.587498454 294 1880.141226
5.946435286 283 1836.833687
4.861042767 314 1853.98475
5.463566794 291 1824.745566
5.501315029 289 1840.373329
5.494877847 300 1885.708157
5.641625971 286 1842.228006
5.391759932 285 1861.913938
5.159872744 300 1851.848133
6.113020308 265 1853.041333
5.67021029 284 1825.951035
5.172107041 298 1877.26674
5.08229152 304 1861.553246
4.854217656 313 1856.214032
5.77224185 287 1844.643432
4.849734275 316 1865.118987
4.915640926 281 1823.754548
4.726031703 317 1865.764873
5.584042713 298 1878.143442
5.348830994 285 1845.829202
5.052546372 302 1893.474191
6.385536955 274 1846.962056
4.94323536 310 1840.231982
5.327238277 307 1836.166022
5.669776495 287 1857.907152
5.707401122 291 1824.138285
5.537697441 292 1888.501905
5.594143296 299 1852.654691
5.377204195 309 1867.756165
6.275804344 262 1877.160472
6.294027556 277 1836.669107
5.378629041 305 1883.210227
5.156520257 284 1824.096766
5.955741513 278 1829.821357
5.523942026 283 1887.268666
5.563757859 291 1864.793724
5.629127906 275 1836.616208
4.876391169 315 1828.735481
6.138022507 261 1826.782823
5.47650394 270 1847.606959
5.31381415 294 1828.243476
5.332464893 300 1823.083491
5.767879778 305 1891.219611
4.836852333 309 1854.48283
5.493704722 315 1875.51927
6.211489965 257 1855.707023
6.063714351 297 1832.264861
5.072976436 319 1880.791221
5.870213333 286 1847.672878
4.847770387 282 1892.414926
6.141866859 274 1821.521796
4.811540997 306 1836.705126
5.158867021 298 1890.843747
4.863254197 300 1830.31348
4.760703933 311 1880.699338
5.829134125 285 1832.825864
5.414213422 309 1824.749859
5.447179425 299 1844.379708
5.363479768 295 1821.399732
5.291345172 317 1845.184307
6.190375787 265 1843.613412
4.948758017 300 1864.523355
5.995594045 268 1888.758456
5.887215556 286 1878.474402
6.045462728 293 1821.53731
5.344810538 298 1834.532598
5.394527324 293 1841.866413
5.011425215 303 1875.158298
5.722609671 293 1821.917181
5.132297494 308 1871.078445
4.895385831 309 1846.262815
4.95569038 298 1875.866323
6.092016172 262 1834.420783
5.995742376 291 1882.359901
5.254012911 309 1851.216362
5.59472674 296 1885.238102
5.673981958 270 1839.036436
6.849068689 286 1876.039102
4.866733936 308 1855.305702
6.067063485 269 1849.41451
5.090952047 295 1862.723175
5.462882338 314 1856.631745
5.812329901 297 1856.333207
5.289267576 287 1833.497775
4.856313105 292 1890.053815
5.460366279 294 1866.92137
5.383475465 288 1847.213929
5.073780304 288 1889.453406
5.375731773 276 1822.701623
4.812698286 291 1848.585365
6.186005934 266 1872.208659
5.542000692 272 1836.891946
5.296263235 297 1876.995322
5.083739116 328 1893.892116
4.813837296 333 1877.690498
5.479080337 297 1839.018653
5.871155028 283 1888.261971
5.806647289 287 1823.327627
6.281403965 271 1873.263711
4.687868119 320 1864.3788
5.724336694 270 1842.768303
5.248718077 317 1862.766308
5.159845389 302 1851.639577
6.231243441 290 1850.145542
5.392030292 285 1821.99641
4.803172462 292 1843.983128
4.737323284 340 1836.586976
4.952557644 284 1828.583097
4.815831898 313 1891.116547
3.723439245 338 1880.813565
5.467749084 291 1828.205335
5.716857016 291 1853.580479
5.448743714 285 1846.161243
6.019273898 285 1834.779405
4.852615402 319 1822.217263
5.090885729 291 1872.265074
6.045000009 289 1846.619371
5.706693374 280 1894.709765
5.820806659 273 1827.404116
5.559849304 285 1844.516871
5.500782349 296 1856.756314
5.058931775 313 1867.013669
5.358493755 303 1854.346908
4.936026342 315 1827.360193
5.599015258 296 1890.313803
5.199400384 297 1880.78703
5.923303025 287 1826.019423
5.547416584 301 1823.993922
5.268483528 298 1847.077919
5.223606863 298 1823.320221
5.027880657 318 1834.839307
6.176607271 288 1834.973084
4.864836896 299 1873.36487
6.072607542 278 1849.993063
5.284046155 311 1823.976706
5.347434489 302 1841.641486
4.955178471 296 1887.031073
6.017779515 268 1833.226792
5.480975337 301 1823.770077
5.697924637 279 1853.103997
4.639850283 299 1887.13612
5.900117561 277 1834.392526
5.384634623 272 1830.086882
5.748416008 280 1830.970701
5.195096626 284 1844.046185
5.628912372 280 1841.305124
5.431349944 289 1894.324826
6.024018043 280 1891.750844
5.54201769 308 1884.522152
5.306118716 298 1851.506921
4.891193989 291 1828.183159
4.991772554 300 1857.348998
5.113609125 299 1841.975772
5.598778633 301 1861.640757
6.314151663 276 1877.884313
5.869821889 291 1831.485085
5.690211446 302 1826.937454
4.777703847 310 1836.746635
5.793004261 296 1869.812518
5.092208822 301 1864.578223
5.315233199 294 1851.596735
4.885932661 317 1871.520983
5.496856396 283 1863.802826
5.231962479 295 1893.251528
5.588061311 290 1884.477376
5.327244852 295 1830.710343
5.473569116 300 1875.642273
5.531101335 279 1840.965604
5.259029221 288 1838.692353
5.382536402 287 1833.321082
5.35281954 294 1887.939081
6.387753618 274 1854.8671
5.173598185 295 1837.779142
6.016251675 298 1826.189957
4.813832164 307 1847.684859
5.141409504 306 1875.615564
5.073827678 306 1885.100366
4.905064365 300 1860.01
5.415591243 290 1869.053286
5.288701583 280 1824.049885
5.558638994 291 1887.656455
5.093246006 315 1845.638754
5.93058361 290 1855.036651
5.527183726 301 1825.827766
6.161843626 278 1894.017479
5.504379458 284 1857.158653
5.131453908 302 1889.232005
5.475906398 270 1889.789442
5.524688811 289 1835.328883
5.280572071 283 1853.798235
6.015995902 279 1853.129151
5.429948091 297 1843.01642
5.908934284 285 1836.208811
5.541982085 285 1835.922199
4.555722219 322 1849.68574
5.94069629 261 1882.427375
5.208663818 320 1863.969131
6.170074912 267 1868.473325
5.457489736 287 1863.435834
5.313516837 292 1832.349015
5.397558951 316 1865.88872
4.555178979 305 1836.644423
5.477280866 267 1822.253603
5.932966139 285 1888.284963
6.174310264 274 1841.36417
5.143083229 306 1865.25502
5.214747161 310 1860.256172
5.129675303 314 1827.084563
5.949796673 292 1877.189977
5.346918564 293 1870.014404
5.863503673 288 1890.036572
5.069622222 300 1826.253578
5.335727365 302 1851.520055
6.191110626 288 1882.331146
5.24615365 287 1893.902888
6.39125358 253 1834.158786
4.584966311 312 1888.373408
4.987576828 320 1829.716285
4.611717679 322 1881.361419
4.997290569 300 1870.028185
4.860949753 283 1888.233386
4.873906256 322 1877.83964
5.71656268 296 1826.530275
5.545261747 295 1862.187968
4.332751016 339 1868.644812
5.074924649 305 1887.587595
6.101861172 271 1827.231836
5.235796736 284 1875.697912
5.614357493 282 1826.587462
5.015636214 308 1827.029554
5.376886372 303 1892.603303
5.694739034 285 1824.028408
5.348461996 288 1873.529345
5.026661944 303 1834.267468
4.789624693 322 1884.577038
5.31274449 299 1876.604181
5.611365828 302 1830.209578
5.473198635 277 1829.902379
5.344002896 299 1845.124222
5.590807814 289 1874.238986
5.00953053 300 1837.194358
5.00474378 307 1873.359035
5.510463577 296 1893.307036
5.548964189 296 1848.02502
4.234732907 333 1892.631832
5.646318532 294 1889.130721
5.274249958 296 1839.381721
6.616343373 265 1834.847133
4.774589578 316 1879.445429
5.745694857 300 1839.048469
5.342324067 311 1865.482029
5.501177721 288 1873.662196
5.007543926 310 1833.911685
5.383099681 283 1887.553651
5.843610405 285 1862.204484
4.662822525 314 1891.795774
5.19493649 302 1895.865677
4.871044611 292 1847.015803
5.839467748 302 1856.527875
5.349293854 290 1857.411443
5.908191784 271 1861.366539
5.088860592 305 1856.288414
6.020294035 270 1860.751105
5.151564981 293 1839.305921
5.531197119 283 1821.720479
6.040073031 294 1849.658259
5.506265939 306 1822.185744
5.66402547 293 1825.848499
4.881779678 316 1863.6553
5.700767888 288 1865.2373
5.1833236 301 1822.78167
5.538674631 305 1878.762693
5.384226914 312 1825.07885
4.374910806 328 1887.771467
5.695123182 284 1832.392064
4.793041872 310 1861.330882
5.680098764 277 1865.738811
5.498274007 285 1885.000302
5.474877017 277 1834.211431
5.352698924 296 1833.272611
5.370457323 295 1822.208436
6.340614679 264 1890.680726
5.582379381 276 1860.840343
5.42448818 306 1884.383579
5.754921946 277 1834.623593
5.842931102 283 1849.904733
5.424729773 303 1839.61378
5.641128681 290 1844.779949
5.518414159 292 1894.909902
5.682887249 288 1867.348221
5.086886991 316 1855.387388
5.028664919 301 1850.932843
4.910868767 317 1863.037176
5.597894959 292 1890.885055
5.458510462 300 1827.93192
5.738401177 289 1857.360023
5.368456264 318 1829.636645
5.044052274 302 1876.112132
5.748628072 299 1895.778028
6.286388213 289 1867.204656
5.311325824 296 1856.490217
4.790356906 311 1876.685503
6.066084249 269 1855.874613
5.307195223 291 1885.79079
5.524762031 292 1857.64805
4.642913684 300 1863.999437
5.256365738 299 1847.211827
4.57788063 309 1859.273436
4.866333284 312 1886.957553
5.088502466 282 1873.898717
4.861910426 310 1835.357693
5.745228374 286 1889.089415
5.569199281 290 1889.186949
4.814940486 326 1833.88446
5.798536999 274 1831.906657
5.592912907 278 1836.594966
5.356598663 293 1843.916709
5.233067682 270 1836.784477
5.133698491 279 1831.828725
5.301327192 294 1835.720509
5.70864131 294 1845.678762
5.889311479 285 1871.567212
5.822161278 280 1828.724299
5.282661503 315 1872.058346
5.436374397 284 1894.529228
4.653064958 300 1882.730763
5.250609115 333 1866.337257
5.819883593 266 1824.133008
6.015646102 302 1830.700265
5.564680869 285 1845.689077
5.023074278 294 1883.921183
6.235256188 273 1823.582755
4.331643086 329 1866.326148
5.299812113 283 1874.633726
5.608233026 306 1894.577087
5.589687395 288 1870.648624
5.996248933 296 1851.611406
5.717170143 304 1865.927583
4.775988162 318 1834.557093
5.891714526 276 1851.705616
4.911763666 302 1856.17845
5.140924245 293 1850.451946
5.512183534 281 1846.853423
5.626848822 295 1863.780066
5.740538528 282 1833.110589
4.690345094 306 1891.673312
5.67037869 288 1833.447576
5.207051787 296 1879.453081
5.240948525 307 1856.293153
5.667074363 304 1864.173844
5.715452923 278 1843.506717
5.189649207 302 1838.502923
5.252612313 315 1835.735208
6.159268964 286 1866.205721
5.204516247 300 1825.521561
5.868615282 277 1835.050218
5.902169261 273 1847.065511
5.386722543 278 1851.510387
5.993949025 258 1829.573795
5.83521191 291 1862.811871
5.915028842 282 1871.697784
5.603222788 298 1837.467768
5.49228523 300 1862.041247
5.806971917 297 1830.121951
5.212656735 297 1864.553409
5.40563248 312 1829.993243
5.726313781 298 1872.027592
4.976091403 320 1867.221829
5.825733294 265 1848.63564
6.004547267 280 1836.280968
6.308257711 284 1852.716996
5.071286743 287 1864.463622
4.749628249 308 1866.391029
6.015588635 288 1894.652652
5.83156497 291 1872.998661
5.154007216 301 1886.573904
4.399515241 315 1859.956412
5.349532823 289 1824.900565
4.791931124 325 1855.949683
4.422054802 328 1868.287421
6.561582649 273 1844.74795
5.07393681 307 1855.207277
5.611155879 285 1841.059586
5.918710445 299 1866.736108
5.94741182 293 1885.337793
4.952086106 295 1829.889813
5.087580453 283 1852.701868
5.220843873 308 1867.815696
5.555798297 288 1862.595697
5.420304261 300 1878.010893
5.53379333 294 1872.159753
5.901571031 284 1865.999773
5.743420635 273 1873.95838
5.866555107 291 1824.664348
5.517201352 298 1851.209761
5.05709145 303 1823.729711
