5.872573879 266 1776.024618
5.720936407 284 1798.486231
5.424138611 290 1771.254963
5.885755237 256 1764.079287
5.426854561 281 1777.310139
4.766989626 306 1778.296977
5.343945443 274 1769.563488
5.421556719 292 1808.280763
6.014373541 279 1820.948635
5.227474584 303 1804.717377
5.960682422 285 1819.619655
5.174921531 291 1774.445788
5.436138394 283 1799.97179
6.245328634 247 1767.500524
4.811818621 321 1766.452664
5.330029337 309 1762.52588
6.033052944 280 1762.27158
5.560753131 288 1765.231701
5.423129118 282 1818.674849
4.813998023 302 1764.133249
6.374152466 278 1773.393162
4.880001689 290 1794.802133
6.117334182 278 1804.511567
4.561512343 274 1779.250922
4.939969761 294 1818.006789
5.911019104 297 1779.67289
6.255312228 281 1798.687824
5.835463529 263 1788.55416
5.57368558 299 1768.010148
4.626476039 295 1814.760353
5.987808939 289 1815.164412
5.498428069 302 1810.666463
5.673346379 289 1769.200293
5.942714561 275 1768.160223
6.680897879 252 1757.855445
5.230174904 302 1775.109269
5.907522351 293 1783.825753
6.125696031 267 1781.883969
6.038335547 290 1770.74844
4.295513863 319 1793.301289
5.594023272 269 1767.161935
5.830825582 260 1807.36428
4.135214842 321 1799.701342
5.150602107 295 1820.103939
4.947446156 303 1776.964212
4.416968893 326 1768.562189
5.482623184 266 1817.842507
5.121195038 310 1815.811818
5.518332163 293 1814.175925
5.571948183 287 1756.475603
6.544419931 258 1770.390857
5.000263807 298 1793.581077
6.091533078 255 1757.020802
6.357514125 278 1813.153203
5.60412092 279 1777.050978
5.930921069 269 1761.699914
5.537537749 303 1778.239092
5.883601556 285 1765.545676
5.522962141 285 1803.046914
5.873989531 273 1784.286403
5.857699572 307 1802.152134
6.00128149 272 1798.369148
5.279161717 270 1784.416527
5.314713458 305 1777.979262
6.212174927 282 1762.831256
5.954354555 279 1814.740436
6.316075553 260 1787.824246
5.22461304 292 1813.299698
5.363624407 282 1773.284066
5.182555593 311 1801.008947
5.327924687 297 1768.734048
5.290062679 289 1764.642186
4.518369273 302 1808.950325
5.524566602 307 1764.856322
5.728052764 277 1777.122399
5.657203007 288 1766.874947
5.405509248 282 1777.886739
4.695322107 296 1773.666556
6.716082967 270 1805.837323
5.211253391 306 1789.320985
5.426497041 303 1788.000168
4.734377153 315 1792.277869
5.797329811 264 1821.21079
4.99167565 279 1791.195788
5.396067935 280 1774.553443
5.772652713 265 1819.875695
4.767237295 313 1777.558626
5.572160267 279 1769.736835
5.230917212 296 1810.307421
5.707106805 299 1806.781461
6.255179064 286 1814.319962
5.138676437 287 1775.728326
5.511838331 285 1808.46411
6.314464402 270 1816.760802
5.128559337 305 1796.67585
5.499012147 248 1754.25541
5.395728764 304 1806.894276
4.64020094 333 1810.69705
5.170561608 294 1774.096438
5.256508027 268 1763.883138
5.767878034 276 1767.880354
5.732259052 280 1817.844554
5.806231859 298 1755.534358
5.964903684 271 1790.102422
6.357578938 262 1817.252674
4.957574492 298 1763.198922
6.143131948 270 1794.596361
5.424415561 268 1767.114765
5.258744796 285 1795.433963
5.067470367 292 1773.434773
4.538297469 303 1799.774077
6.453825943 268 1794.439213
5.309812097 292 1805.994759
5.470614381 289 1809.977398
5.905803689 276 1814.46116
5.889913445 286 1803.014346
5.83791335 261 1766.322117
5.115272649 292 1792.468825
5.250980362 291 1758.240717
5.439923666 299 1782.742763
5.875907513 273 1759.608734
5.458727413 287 1757.897925
5.121918762 285 1815.912701
6.156299893 280 1758.906608
6.410307831 285 1773.656155
6.023685375 276 1769.566056
5.945532006 286 1769.614014
5.992033469 255 1776.375033
5.470605844 283 1808.453752
6.391987204 268 1762.635249
5.742320263 275 1808.854072
5.105338228 311 1819.954695
5.866007703 272 1819.219308
5.35118033 316 1820.043338
5.852224716 254 1802.843939
5.958620042 283 1817.354935
6.199085684 278 1774.429325
5.094869583 308 1792.955948
6.356821531 265 1763.810477
5.157814808 306 1785.304595
5.74669562 279 1806.177419
5.38415701 300 1799.362122
5.422058241 288 1820.905171
5.376977181 285 1792.045789
5.648205815 296 1770.73884
4.889942329 298 1772.460405
5.987801195 279 1760.068039
5.161928525 281 1766.780038
5.848418716 279 1776.452385
5.370908198 299 1813.881756
5.164612916 296 1815.269044
5.345294579 302 1779.003877
5.61526302 273 1812.120338
6.241496437 255 1817.60755
5.379415329 291 1790.505679
5.620479771 275 1771.885961
6.047463131 287 1775.122612
5.618213696 285 1755.844427
5.547999209 295 1820.923696
4.912569359 281 1777.52387
6.073496963 254 1776.672981
6.361162057 269 1776.929737
4.912907324 313 1789.943686
5.960862079 274 1768.498421
5.719361356 290 1761.640438
5.031730116 303 1783.092152
5.396741627 315 1756.298903
6.782748676 247 1791.928834
6.061232134 270 1808.158004
5.132303346 311 1781.68884
5.307748993 285 1758.173076
6.105961308 274 1760.205445
6.554541778 265 1770.958562
5.406819124 285 1814.578283
4.942760589 298 1797.61675
5.167898805 313 1759.061785
5.617998962 263 1809.024708
5.725356738 279 1771.506931
5.896539015 288 1794.266238
5.40163396 264 1765.812956
6.384780142 258 1801.055533
6.201821861 277 1760.181387
5.64840018 298 1820.105454
5.858231357 286 1781.723486
6.395339619 263 1798.391118
6.510940004 271 1762.74672
5.89742832 282 1766.752593
5.96969841 287 1765.614409
6.49786264 273 1766.04776
5.089041326 286 1815.872786
6.162015195 279 1757.61937
6.015799482 281 1786.638049
5.46829622 316 1804.250863
6.005064302 257 1788.963114
5.977408615 287 1761.725497
5.833899481 275 1798.762465
6.582585684 258 1760.02219
5.442797337 286 1789.842824
5.755758512 299 1783.33852
5.338552009 292 1792.365391
4.984861166 302 1783.103591
5.651772126 282 1799.39905
5.653737108 273 1754.49841
5.359667899 276 1793.401213
5.647051798 272 1756.331919
5.552106195 320 1765.528679
5.656422867 290 1802.499007
5.342392712 297 1764.354509
5.496076771 283 1792.902197
5.113466272 294 1790.690846
4.996224386 290 1767.323565
6.169599546 278 1769.814525
5.790214195 290 1762.211047
5.298338431 286 1815.589722
5.703508491 286 1814.682922
4.973853039 294 1767.066219
6.031825707 266 1763.111093
5.713934357 298 1772.86179
5.334722651 291 1771.654053
5.584645057 285 1808.84794
5.226519003 312 1806.583923
5.920814178 310 1804.089941
5.04041832 305 1777.305795
6.435089782 254 1755.597227
6.277065449 248 1766.442293
5.759855086 306 1804.699089
5.389612878 294 1770.998793
6.572931597 250 1758.012331
5.613194237 298 1794.747609
6.171154931 271 1757.443066
5.78523964 279 1780.728492
5.763929059 282 1776.506698
5.152410688 301 1786.970088
5.598972118 290 1785.100998
5.758871229 281 1762.546984
5.096966123 311 1755.154773
6.582458574 239 1783.384987
5.166332435 311 1760.329452
6.20260224 273 1818.107471
6.200443117 261 1796.710264
5.674400154 303 1768.517352
5.850101182 266 1792.903917
5.927271782 284 1758.829678
5.485739188 297 1756.616275
5.591327838 282 1782.191874
6.173355794 271 1773.470287
5.54132664 288 1784.146
5.708434029 287 1761.217417
5.828899953 284 1757.363548
6.061815297 268 1793.302847
5.829400819 282 1767.530936
5.163002905 296 1773.950784
6.027021198 265 1766.936587
5.572689455 278 1810.793928
4.8537793 291 1798.879299
5.762779361 275 1754.242333
5.672632996 288 1773.792696
5.834775638 293 1799.029748
5.546177621 311 1820.970307
6.224844767 261 1795.67776
5.264983764 281 1781.143827
5.539361766 293 1757.132468
5.868058684 273 1811.945187
5.186945698 302 1817.255721
4.838007121 309 1794.778062
5.078330197 298 1798.628477
6.180687453 293 1770.917503
5.838786135 275 1789.749788
6.434386364 256 1762.259722
6.6166268 267 1792.68412
5.908768054 292 1788.801174
5.421540311 297 1758.050925
6.279462194 271 1793.632504
6.142303081 274 1767.643533
6.314365438 274 1813.950599
5.34884409 275 1778.198433
5.390923479 292 1781.582172
5.712281455 268 1754.684822
5.965943788 264 1767.29047
4.74445022 314 1821.072847
6.146834314 265 1761.517243
5.84686915 278 1813.463526
5.794804461 289 1771.001355
5.826159346 274 1810.384452
4.977504815 304 1814.263021
6.398003644 267 1782.637593
4.985701845 300 1806.184043
6.040101024 257 1772.919196
5.424015795 283 1817.137782
5.544507954 292 1798.194468
6.133055752 262 1799.95383
5.408834646 300 1772.362927
6.286392884 283 1786.127154
4.700378647 317 1794.890965
4.518638091 305 1814.099917
5.54992929 281 1780.338931
6.256893973 287 1794.381363
5.007847112 298 1810.003373
5.418236845 294 1758.408793
5.873490366 277 1776.300594
5.380689499 270 1754.912254
5.566989635 269 1763.811112
5.270074279 291 1814.144478
5.08759336 300 1770.484131
6.127682525 254 1756.562341
5.610555464 283 1791.568835
5.461543168 289 1765.323334
5.158503153 301 1778.971351
5.740169233 274 1766.576501
5.480599915 290 1769.708354
6.194762631 274 1787.241421
5.278904329 280 1773.464334
6.350322313 282 1807.809902
5.473238877 289 1799.40003
5.217226215 294 1802.570874
5.620503596 277 1784.96029
5.138855928 306 1769.323254
5.200157033 279 1756.500017
5.816252964 292 1759.524321
5.420415871 290 1798.671664
5.429820303 302 1800.163214
6.178730002 285 1789.287552
5.611302297 288 1805.87652
5.78570805 287 1770.594673
5.43846612 304 1789.419114
5.934962319 289 1783.017939
4.999104075 292 1804.213102
6.309391757 282 1807.450145
4.133123412 313 1771.173597
5.490087742 281 1764.38376
4.890287598 318 1806.604263
5.599241233 286 1763.064178
5.711415385 275 1815.383934
5.708654978 279 1772.094891
6.118868028 281 1786.316075
5.663854376 290 1783.25035
5.916383238 286 1760.667875
5.86499608 295 1793.480426
5.016873628 287 1793.934979
5.266740144 277 1801.363693
5.104279108 283 1819.0832
5.517128236 271 1767.336825
5.321272199 311 1785.843157
5.277019552 295 1806.413825
6.349057097 262 1811.427158
6.187154136 262 1806.775912
5.702408971 291 1807.810894
5.208991045 287 1794.178134
6.788388876 279 1759.842394
5.093665144 305 1765.412477
5.369178891 285 1806.039098
6.53276583 278 1774.672105
5.996671472 270 1800.68174
6.404056973 288 1794.844355
5.641765749 271 1765.574286
5.323292806 279 1758.315781
5.769106923 276 1767.720293
4.969724728 292 1793.882783
4.663160077 304 1801.027755
5.312046562 318 1816.415481
6.096341807 278 1769.102325
5.300453491 265 1755.979024
4.38724365 298 1802.357758
6.083566977 250 1758.122928
4.998906684 285 1777.328355
5.895705625 282 1811.998132
5.41383355 282 1815.355122
5.390488549 287 1817.853403
5.255229878 305 1812.299797
5.303413911 289 1800.806917
5.839767768 285 1816.71696
5.300030633 297 1783.56089
5.750674164 288 1779.949043
6.331755009 263 1766.485363
4.973220785 304 1764.180936
5.761005464 277 1782.288937
6.173675984 271 1789.019979
5.652757234 299 1787.77876
4.881381722 301 1786.871656
5.615762803 284 1760.779869
6.344315311 272 1810.574703
6.512125416 266 1819.869462
5.492401087 290 1795.985016
5.761713169 292 1776.650624
5.209012147 319 1800.052231
5.421158412 299 1806.297396
5.479848044 288 1757.505203
6.21547641 269 1799.328109
5.55243733 286 1772.035217
5.455523292 293 1798.637963
5.253221835 281 1820.424416
5.800757235 275 1784.208205
6.405459804 277 1799.51989
5.272419508 301 1785.02699
5.955678184 275 1781.313909
5.523453959 277 1778.868032
5.710896701 280 1778.812356
5.400714016 292 1804.340651
5.540077994 299 1798.079391
6.069964663 285 1761.654008
5.890691559 268 1767.305666
5.55828538 287 1787.800964
5.353647028 292 1808.129498
5.310354361 294 1767.227776
5.456489557 288 1814.748423
5.514031274 292 1754.614571
5.835507231 290 1815.245337
6.605317062 247 1757.68096
5.861070275 303 1768.162602
5.681911319 291 1819.466011
5.464351628 285 1803.604739
4.809504573 311 1809.798732
5.509182461 271 1776.512309
5.375601467 283 1787.98897
5.741627553 287 1794.292304
5.634646114 278 1773.230284
4.978031595 311 1782.399945
6.596448209 275 1791.063754
5.149283151 310 1755.564431
5.107817258 312 1765.185539
5.778288149 292 1799.629117
5.597053079 286 1788.32503
5.817916975 286 1799.897052
5.854561372 267 1775.788788
6.009989889 271 1761.405406
5.924483266 289 1785.737687
5.505668382 298 1783.041408
5.560791327 310 1796.351076
5.260550562 287 1799.453501
5.714534062 263 1794.158754
4.537764515 318 1820.697282
6.492775636 255 1759.705624
5.245144532 309 1788.376601
5.502345613 290 1781.362356
6.231007476 257 1769.19843
6.303786725 275 1810.007042
6.23808258 276 1767.465869
5.966273699 270 1772.809857
5.333927031 270 1788.873183
5.662301256 280 1777.436886
5.030003587 307 1796.14425
5.243254328 295 1805.684097
6.127825714 284 1806.209823
5.623093978 309 1765.054845
5.501813801 296 1795.278012
5.456600369 301 1786.492903
6.10595086 284 1806.604882
5.778905262 291 1808.76715
5.636147251 291 1802.391988
5.972648323 274 1767.059129
5.606358014 298 1765.522787
5.518904048 318 1799.828326
5.234757885 285 1781.693633
5.266588132 291 1786.272934
4.318680776 307 1794.279647
6.46161555 262 1798.175752
5.48721178 287 1809.292191
6.410044602 291 1761.191821
6.220000235 264 1805.730658
5.75648231 248 1810.0411
5.420175608 279 1813.065813
5.934412108 275 1798.453513
4.72692814 310 1758.200577
5.958110353 292 1762.494322
5.867911524 278 1795.756926
6.649073918 271 1768.433937
5.774976588 267 1816.031821
5.984719353 289 1785.917052
5.292001223 286 1790.378092
5.919987253 296 1798.490262
6.279328442 286 1799.425829
6.295640514 286 1785.230737
5.75580839 278 1759.976515
5.70871206 276 1811.990264
5.460120697 287 1765.150116
5.174325506 295 1769.063897
5.939553601 283 1813.748567
5.908471127 288 1808.621624
4.675903025 303 1817.171538
6.173314244 253 1773.630389
5.614336786 297 1790.891108
6.603132375 266 1763.161103
5.420949643 295 1809.130558
5.912592779 286 1794.800674
6.233366807 306 1788.411825
5.339602814 283 1756.771986
5.976142996 280 1818.721702
5.294166482 293 1800.846875
4.967192109 297 1771.593891
5.912350943 270 1801.390838
5.867865258 278 1788.677054
6.036744578 283 1791.472146
5.316822577 296 1763.124516
5.720712153 284 1770.633378
6.128070396 285 1773.298719
5.164740006 289 1780.617984
6.617826574 241 1759.786178
5.189226061 293 1821.11379
4.906030579 289 1797.071401
4.946998051 283 1770.991247
5.606905793 269 1755.432234
5.395385103 276 1804.852696
5.634016853 279 1778.34362
5.81874508 283 1754.915649
5.616837625 284 1777.832752
6.17149299 283 1775.818845
5.852830848 283 1769.303586
6.473400684 265 1800.214864
6.506618974 243 1789.19899
5.899333641 271 1798.822951
4.977438576 301 1814.713459
5.912134291 305 1770.949068
6.134618688 279 1794.716337
5.840465881 284 1755.714046
6.094611715 275 1820.329846
5.175652454 311 1813.894344
5.393855251 278 1801.820566
5.871398398 291 1782.799248
5.760343073 278 1794.170131
5.531560861 281 1773.019399
5.277500598 317 1755.00455
5.573942464 277 1816.952205
5.824252481 278 1758.039768
5.995845865 266 1763.93439
5.374341132 282 1820.715251
4.745455579 318 1776.133752
5.528822452 296 1772.873445
5.597748508 292 1771.538586
5.18202001 298 1770.610502
5.50562367 292 1765.105143
5.13602385 304 1799.993743
5.112156766 319 1780.53683
5.599770431 267 1762.078163
5.878648528 292 1776.215481
5.792198135 264 1778.685819
5.889626693 285 1808.731235
5.488393475 270 1793.464244
5.703407254 264 1764.604983
5.485201747 284 1775.460979
5.670076136 289 1779.185439
6.037192054 279 1800.446692
5.087728291 310 1783.687077
5.976909332 283 1791.96287
5.981339973 279 1757.180197
5.859067119 267 1804.007816
6.020749854 277 1769.809805
5.496201954 299 1808.719709
5.999345846 278 1780.551421
5.465575764 277 1772.897517
5.744244444 302 1768.58199
5.400886218 312 1768.958118
5.904319281 264 1763.286953
5.96841311 285 1759.690907
6.039905455 288 1796.253959
4.5020593 291 1811.539853
5.595105433 281 1804.048335
5.795487051 276 1769.835872
4.779211436 311 1805.842578
6.862517654 261 1762.114873
4.930010867 314 1818.178202
5.658594718 299 1781.867187
6.206320322 270 1816.562069
5.838582956 288 1804.004622
5.769018783 290 1816.641363
5.762397913 304 1809.133837
5.188141044 301 1815.581132
6.225537303 288 1819.612755
4.622984989 311 1794.318523
5.288389033 285 1755.682274
5.602234531 294 1773.016192
6.427971386 278 1804.830527
5.925260103 267 1771.002911
6.041544192 283 1756.298125
6.185428578 266 1804.747003
5.372015197 296 1774.312463
5.201257518 309 1813.616397
5.802665797 272 1777.972679
5.440882956 288 1770.129739
5.28614493 287 1802.315361
5.190145638 315 1781.818896
5.89266654 289 1803.418854
5.505957029 279 1786.398687
5.917717608 292 1777.743858
5.091576581 303 1776.452748
5.474277605 302 1761.242337
5.897329231 268 1798.254152
5.595055554 292 1770.43337
5.150682458 303 1756.27329
5.415845109 300 1755.230116
4.722994327 304 1816.978947
4.949758897 315 1781.986708
5.089940976 297 1796.725615
5.902680365 277 1796.905771
6.232192917 254 1767.051196
5.620195364 274 1759.68173
6.494960881 280 1767.758929
5.706976968 274 1798.070614
5.168994096 305 1796.166488
5.680554666 291 1807.858398
5.403405432 298 1759.595557
5.999861768 268 1819.684938
6.532178458 276 1789.48601
5.851283375 282 1762.487212
5.507102923 283 1785.007988
5.818103577 270 1807.918596
6.021517978 283 1793.665547
5.308574826 303 1797.635957
6.237107708 267 1794.503002
5.653321538 306 1771.806686
6.551745814 253 1769.852309
5.423711297 308 1770.649321
5.863983702 269 1791.532988
5.495680555 290 1763.248372
5.155918545 299 1801.776335
5.386857556 283 1767.593296
5.176977319 274 1815.240018
5.587305073 290 1762.101742
6.163699481 263 1763.501963
6.089309575 261 1793.858674
4.702863222 297 1784.029561
5.570795989 280 1769.399256
5.499144397 278 1770.049305
5.444577138 305 1759.186339
5.067862384 282 1796.169613
5.515195731 323 1771.101733
6.364708328 282 1774.487894
5.514086132 308 1812.738994
5.119898186 300 1798.389519
6.221503911 275 1776.422912
5.202229736 318 1793.721605
5.127155553 301 1788.234615
5.876037726 265 1812.847398
5.564278125 269 1814.660053
6.308906256 279 1792.07426
5.076248488 284 1820.470034
6.440134479 292 1789.556981
5.833136929 267 1758.313966
6.204582893 280 1790.99421
5.28646328 301 1795.244034
5.326861491 287 1774.509327
5.012983236 318 1792.369692
4.789507679 306 1762.460047
5.670300149 276 1781.827244
4.813066633 312 1817.340816
5.269578675 294 1789.788861
5.70510456 261 1790.266532
4.942494145 316 1800.12862
5.69648424 272 1777.317822
5.046331033 307 1766.188448
5.854831686 305 1785.12103
5.982998363 269 1772.283068
5.438617467 290 1782.008706
6.180652186 271 1803.677677
4.652633554 312 1815.649962
5.616837839 280 1800.104533
5.180201645 289 1764.387034
5.125248114 302 1819.912534
5.852086347 281 1792.243379
5.976329515 263 1763.464971
5.694274593 289 1791.836782
6.223238092 249 1790.844012
5.348328683 297 1806.413757
5.341898644 279 1754.961488
4.202481162 309 1796.196819
4.936116769 312 1772.658169
5.519354855 302 1816.298823
5.757129224 270 1793.606521
5.165790786 309 1780.771904
5.319965239 305 1755.927123
5.467532993 276 1758.501262
5.084741028 292 1768.197455
6.036629306 289 1804.483302
6.097989817 280 1813.338767
6.207999034 273 1775.435288
5.648551163 264 1772.063695
6.177492401 274 1811.578357
5.572303302 294 1811.229514
5.861396788 275 1799.634027
5.372148665 310 1786.185151
5.42710171 285 1769.111125
5.936106667 272 1765.643527
5.650751642 294 1806.694043
5.491494084 272 1808.206042
5.771400176 300 1787.873872
5.536230028 289 1802.161917
5.726726367 288 1804.686765
6.240514419 256 1770.327585
5.925891557 281 1793.469263
5.639395965 294 1796.286861
5.947117118 274 1784.203262
4.817529997 293 1758.612075
4.847457225 301 1797.0562
6.222154138 264 1773.181387
6.264938082 269 1788.838049
4.822767627 303 1810.978268
6.318474714 269 1781.234844
5.429904544 298 1792.48977
5.860634293 292 1768.168244
4.585012524 296 1807.593135
5.177780153 293 1818.671948
5.655226731 290 1757.50118
5.710041246 284 1761.194568
6.455263975 270 1809.987479
4.912054094 309 1807.507192
5.30978889 274 1772.7107
5.469589787 269 1804.796681
5.639526815 296 1787.477392
5.282021768 277 1758.849862
5.760797569 278 1796.333354
6.290502001 257 1805.538704
5.653576617 277 1775.130786
6.357240387 274 1775.694201
6.204326713 269 1766.451365
5.044114005 320 1784.226449
5.799440365 296 1775.56867
5.149456504 295 1805.3534
6.371207558 274 1820.56662
4.934306497 322 1768.89863
5.779877777 283 1776.030875
5.98476463 271 1755.168371
5.78077222 277 1806.083204
5.950660765 278 1812.849459
5.722954595 272 1759.190646
5.503908423 290 1780.472588
4.951555243 321 1773.93047
5.498865683 309 1796.102272
6.017718986 263 1805.719768
5.383565336 287 1805.275501
5.803030107 257 1785.491467
5.78689562 285 1772.604759
6.745471644 263 1796.643294
4.799510218 323 1778.338843
5.543657245 290 1796.102082
5.383018006 267 1780.304034
4.943207751 292 1795.248664
6.152768342 273 1790.857746
6.38264306 268 1756.598185
6.008460895 279 1789.999361
5.360508076 272 1779.926873
6.013209964 280 1791.61519
4.849739466 317 1796.093936
5.460153461 265 1763.865872
4.965583334 310 1769.171237
5.477526129 300 1776.839733
5.788672678 291 1764.252623
5.058389636 282 1815.342489
4.880075895 291 1810.041953
5.871248425 291 1787.393174
5.471482635 271 1787.670356
5.309177572 299 1789.065575
5.603294501 278 1775.580651
4.895089814 290 1772.401584
5.066052721 299 1762.556606
6.222203029 273 1769.156397
5.48373852 292 1784.091502
5.900866048 268 1769.174365
5.627722292 270 1760.972105
6.737929193 230 1780.68869
6.382418306 251 1757.529584
5.902920752 293 1778.579824
5.443242109 284 1754.876735
5.163139204 275 1771.068582
5.554629918 285 1781.209558
6.206351244 284 1786.180575
6.065496957 269 1788.35299
5.637574647 294 1770.552897
6.375857415 293 1775.165265
4.565574629 307 1797.815037
5.216918499 297 1767.435716
5.751043004 282 1777.45285
5.475313146 302 1820.428353
5.67717892 260 1775.026156
5.488346574 281 1768.220405
5.485032431 290 1776.319568
5.09281321 296 1767.348653
6.52909705 269 1792.359419
5.89346878 300 1774.049718
5.634512118 300 1774.136041
5.799184085 287 1785.567052
5.608061279 285 1761.439487
6.382288556 281 1760.418012
6.097274942 285 1758.772871
5.691093667 287 1773.426131
6.022209661 265 1819.322334
5.983900422 274 1806.482758
5.738990147 293 1797.609407
5.975349269 280 1770.423542
5.684760182 263 1783.740064
5.109639864 307 1754.797496
4.987274055 311 1817.275366
5.512134225 275 1770.88199
5.52713213 286 1765.985018
5.697278694 292 1798.544436
5.404037921 279 1771.867753
6.243465136 274 1775.238479
5.460186632 300 1787.71706
5.780807165 283 1821.102443
4.520150027 308 1820.95658
5.310702078 296 1764.293345
6.060987227 282 1768.312486
5.313089101 299 1780.922405
5.843233444 303 1814.088432
4.960183819 302 1793.725141
5.078430314 294 1771.966642
6.467454267 299 1784.492419
5.359939645 286 1759.717039
4.715342378 302 1771.700586
5.074674356 299 1818.627944
5.114247792 311 1776.487283
4.885821935 311 1787.847407
5.018156253 307 1798.415171
5.339664506 293 1796.486687
5.880406349 272 1796.077476
6.124200446 272 1802.041233
4.853731489 309 1754.87976
6.085358477 273 1787.298777
5.499325916 300 1764.271839
5.926515746 269 1755.077704
5.902202271 284 1780.582906
5.401071896 299 1775.470563
5.545247423 278 1781.850641
4.922246207 309 1790.68112
5.506864415 295 1784.896059
6.552738614 261 1775.035926
5.472896736 291 1817.339152
5.426906959 285 1805.417676
6.153815235 261 1807.445811
5.931857305 273 1768.518136
6.135510917 258 1762.417639
4.923011876 302 1814.976573
6.221535786 268 1813.407537
6.39941497 267 1762.13716
5.192253498 292 1764.940124
5.673446679 277 1783.643999
5.830219327 287 1755.278998
5.586439227 269 1764.787988
5.747831812 274 1803.157806
4.955344825 290 1774.608085
5.646589373 283 1813.360148
5.970909097 271 1807.306628
5.454617518 271 1775.542808
5.23690932 308 1804.366067
5.486410824 315 1782.139359
5.176053606 270 1790.950156
6.407521539 262 1758.219938
6.000655854 258 1782.932439
6.459761879 238 1816.797792
5.843254726 286 1757.056998
5.683089981 291 1808.512948
5.847723487 282 1795.387919
5.710121608 293 1793.033935
5.653311839 276 1819.018643
6.234691326 272 1782.639123
5.754119188 290 1809.183563
6.067111256 279 1780.236195
5.910058348 278 1760.462372
6.153175539 291 1792.548779
5.094487781 300 1808.746218
5.48666694 289 1791.140211
5.759797547 274 1800.71106
6.164032602 275 1783.945883
5.924653866 292 1785.04202
4.810475419 314 1781.801248
5.159717467 297 1796.442637
5.493386871 283 1815.22316
5.426131972 294 1800.766854
6.298318207 267 1762.782085
5.688077862 294 1819.415385
5.77623826 274 1812.967163
5.813845317 273 1757.218058
5.692407428 284 1765.940743
5.990877213 276 1795.307723
5.789468742 288 1764.189306
5.882957936 270 1808.091488
5.917100115 274 1788.841634
5.735683626 285 1760.797759
6.384194573 253 1790.888938
5.641283918 281 1815.014384
5.329200959 293 1758.722744
6.121235291 271 1814.245981
5.80822231 278 1778.865453
5.547085117 295 1808.51454
5.422883288 278 1769.626578
5.94189491 271 1805.756368
5.495302422 268 1781.284485
5.215874658 290 1788.065573
5.602777025 270 1782.618531
5.246055442 279 1770.735976
5.397885444 294 1802.666148
5.08513206 287 1810.252809
5.625181902 286 1803.554387
5.566677135 288 1804.943081
5.338241326 295 1782.684536
6.321835703 291 1794.017616
4.747537628 317 1800.069108
5.008070076 287 1780.664079
5.572978169 298 1817.712187
5.305226326 302 1813.502372
6.174443662 267 1788.782952
6.045124412 259 1800.577139
6.620516827 271 1785.938459
5.329650943 295 1814.044622
5.35049793 295 1778.947407
5.257123329 308 1802.698498
5.090351668 298 1793.786024
4.981729403 299 1814.83735
5.560043464 280 1820.079102
5.209097261 287 1781.962726
5.25834771 289 1787.811033
5.694904358 295 1807.906706
5.232049084 290 1819.191666
6.128424305 273 1759.572462
5.333894499 299 1760.88796
5.440251134 303 1801.490546
5.405860068 301 1810.249596
4.683228888 308 1800.608705
5.529867725 252 1770.996625
5.409990202 277 1773.064299
5.821862905 284 1814.389012
6.050778171 288 1767.113427
5.534208681 280 1807.962473
6.827276709 258 1810.93054
6.004301213 287 1817.364197
5.430136625 272 1815.505443
6.158549553 280 1813.173139
6.012382881 278 1793.799029
5.731128343 291 1805.219825
6.123485796 276 1768.634702
6.042390527 286 1760.029085
5.610162516 286 1778.815069
5.714678621 293 1777.096419
5.711168433 273 1789.701844
5.941858222 270 1810.841132
6.262308223 279 1763.80155
6.200794679 283 1760.44661
5.816768212 270 1810.680785
5.560044741 300 1777.477799
5.254215478 297 1779.127008
6.426345632 254 1776.84284
6.384765075 288 1794.685037
4.987471452 298 1791.074155
5.928407418 265 1768.944943
5.285313013 271 1759.285903
5.423933278 279 1760.310766
5.134002489 279 1811.733974
6.155130268 272 1761.93613
6.045357345 262 1801.443175
5.829926588 307 1792.38213
5.938454335 263 1790.5121
5.252189163 292 1805.18198
6.01281953 286 1795.048627
5.631119807 294 1791.155949
6.129169174 262 1779.879369
5.504874722 284 1774.528576
5.592881918 282 1784.817555
5.408324847 298 1756.688078
5.387735145 292 1801.08173
5.075259439 302 1806.332698
5.803014469 293 1813.908574
6.027333404 284 1794.058208
5.485055752 294 1797.160403
5.566457741 287 1807.107845
6.155797359 243 1763.773995
6.365892355 270 1772.169526
5.451233813 276 1755.613257
5.800973311 284 1805.666385
5.554786675 289 1815.547591
5.944322111 270 1775.934492
4.996485948 299 1762.020939
5.502611286 294 1773.345048
5.21165889 293 1808.236792
5.371887118 297 1795.924347
5.118726675 291 1820.901919
5.820457077 295 1791.237717
5.748705837 282 1819.158109
6.200498189 257 1797.549196
5.732287891 277 1781.468982
5.503764792 284 1814.422336
5.019510261 300 1808.198098
5.834027445 286 1774.072098
5.212420028 304 1775.364649
5.562367439 300 1781.918993
5.849950142 286 1814.658439
5.710859896 282 1792.064553
5.755246287 298 1809.735417
5.672739745 299 1815.12169
6.081946771 257 1755.693879
5.652664574 270 1754.893156
5.835166503 292 1760.148825
6.013207403 259 1791.592763
5.816129578 294 1807.793707
4.193991002 328 1791.379772
5.976597186 279 1802.396853
5.59627184 291 1793.685663
6.111699554 276 1767.912107
5.218114638 306 1797.140183
6.60292518 270 1763.571063
5.649615059 275 1810.84418
4.822125204 311 1770.872095
5.380607294 296 1811.328624
