3.236287705 354 2173.46446
4.833467357 310 2181.466897
4.333147199 348 2192.418109
4.461179744 326 2146.581201
4.133675266 335 2192.563255
4.711394767 331 2146.167984
4.544967837 344 2172.512975
4.758474276 329 2144.731652
3.771929158 355 2196.630494
4.011059332 344 2180.355708
3.928329593 348 2157.14206
4.495675464 323 2211.951534
4.358994495 342 2225.12251
3.804602885 347 2221.835312
3.111192769 359 2206.313171
4.059554558 340 2176.365666
5.099797723 322 2200.450821
5.114265814 306 2202.41838
4.563904682 344 2159.652057
4.747810978 330 2155.755229
4.093260758 330 2220.85359
4.726955911 338 2181.940078
4.875822792 325 2211.744564
3.70294726 343 2157.543683
5.112637212 314 2156.668214
4.666857785 324 2225.134618
4.755533075 329 2191.018494
4.896719036 308 2204.332282
4.12455027 337 2181.999645
4.703385099 329 2175.421652
4.154555511 317 2166.875287
4.005071111 336 2206.705747
3.612977357 352 2166.692484
4.467176113 330 2189.443268
4.837508078 307 2152.358198
4.661194192 335 2214.093827
4.146826047 345 2183.365144
3.816330611 333 2155.482694
3.843796414 341 2196.960003
4.36360466 340 2210.931189
4.047067707 326 2211.677509
4.70239634 338 2209.454334
4.550330484 337 2153.943869
4.562444805 329 2165.651663
4.644791681 319 2210.05404
3.915803559 334 2185.39095
4.177236292 346 2166.71002
4.313084664 347 2155.633325
4.447663316 337 2173.566945
4.41787056 316 2154.270136
4.574423049 337 2164.863147
4.683730369 312 2187.571986
4.939946973 323 2189.32151
4.311247232 346 2209.799302
4.703554537 330 2164.67086
4.674477909 333 2165.30939
3.786984177 347 2147.47904
5.172377954 304 2164.782254
4.916687066 331 2161.306918
4.517425535 306 2201.863485
3.681356176 344 2207.200464
4.810942497 315 2183.6656
4.435827429 333 2220.842603
4.861915093 310 2143.38879
4.131773676 339 2212.066509
4.819696431 331 2148.036935
4.502859496 334 2161.870574
4.353830913 337 2152.397097
4.70582379 314 2171.052109
4.825480027 325 2178.804787
3.942831544 338 2185.601178
4.473510342 344 2182.297159
3.966507717 353 2225.036647
3.699920881 367 2219.562807
4.293327855 321 2206.36912
3.982022845 337 2145.241817
4.821848412 323 2204.565017
4.681256163 331 2151.237742
4.494865662 341 2199.288526
4.398003009 328 2170.036674
4.981125094 332 2159.267527
3.998286385 355 2212.751163
4.281556968 324 2214.010971
4.480058813 346 2185.674285
4.908242265 325 2142.709016
3.296691449 358 2206.170825
4.45138135 332 2158.65227
4.195937957 335 2170.771277
5.036896985 304 2225.62165
4.727688028 325 2219.678718
4.670797564 329 2177.625725
4.532261396 318 2221.097574
4.183729411 352 2199.656224
4.737046331 303 2176.741995
4.345036288 335 2181.735118
4.262040127 340 2226.422637
4.197910741 331 2142.445204
5.388851075 308 2159.455995
3.391006856 354 2224.828169
5.16137345 310 2222.723056
4.463183269 325 2146.013604
4.028887138 350 2144.730521
4.540634487 341 2218.638651
4.639147834 348 2223.394556
4.962435354 336 2175.727458
5.370846455 296 2202.951403
4.384924743 333 2182.772135
4.951468888 318 2156.019985
3.850376797 354 2213.492757
5.111597104 313 2173.205493
4.332650177 345 2143.981156
4.929478933 327 2163.358516
4.589305743 322 2144.459564
4.709289621 315 2185.129816
4.331661382 344 2170.44053
3.63189712 337 2211.871398
4.096727741 341 2146.432531
4.184692865 344 2187.352627
4.832267035 328 2185.782022
4.558969158 333 2213.560789
4.123227896 334 2169.014322
5.024200573 331 2206.003177
4.98312387 330 2192.437285
4.734753907 308 2163.604009
4.688355983 333 2187.18427
3.876487898 364 2221.045289
5.647332994 320 2158.4738
4.619036614 337 2209.537966
4.874051277 322 2147.974899
5.124806297 323 2183.773572
4.771552719 322 2188.495222
3.805560085 344 2220.605262
4.61800103 338 2168.124042
4.12618547 324 2207.988123
4.293369675 336 2193.497454
3.740339221 343 2161.246134
4.773508692 333 2155.772689
3.88776111 343 2223.313667
4.637305279 341 2181.373988
4.85217013 330 2213.416225
4.612622137 320 2176.890856
4.991009797 318 2151.454116
5.02696421 318 2163.90811
4.349748274 353 2200.379286
4.2624205 329 2171.052124
3.519989642 349 2157.770744
4.823626812 339 2148.543245
5.558976153 296 2163.541611
4.006957883 349 2186.32035
4.377934724 335 2203.733917
4.155479916 333 2214.552653
4.283615648 332 2223.245239
3.780094232 355 2171.49626
4.329935532 323 2190.020053
3.6900976 334 2197.180586
4.426513474 317 2167.993504
4.07125932 345 2213.119114
4.996903015 317 2153.905009
4.377500917 334 2164.865876
4.159718838 341 2197.618799
5.206174841 334 2187.40567
5.057682478 321 2179.879667
5.27232631 327 2210.213913
4.164570525 340 2151.050622
4.497029351 347 2188.678442
4.348407538 316 2174.766606
4.912269727 317 2224.414077
4.54654683 330 2163.046368
4.468054947 340 2224.969288
5.137759766 337 2159.406752
4.897057375 305 2194.924854
4.36082094 343 2205.238503
4.856872094 317 2186.612605
4.071200896 349 2226.837349
4.892505802 325 2163.578022
4.410174089 329 2181.355135
4.345234329 339 2192.363827
4.948943738 315 2204.310644
4.801715343 320 2194.920413
4.451017478 322 2152.926938
4.575237159 339 2216.672102
4.422194997 348 2215.107872
4.475453198 322 2186.124202
3.988528091 354 2183.149068
5.096019044 328 2208.737872
4.962197235 332 2223.497033
4.297413223 339 2208.321746
4.495014481 327 2220.104968
4.211397119 334 2206.031589
4.160481538 354 2189.880589
4.609566023 322 2192.059432
4.09897054 340 2160.250016
4.41478625 339 2165.480415
3.890231083 345 2212.729531
4.867957194 322 2192.820567
4.513729537 322 2207.678734
4.677377084 313 2142.856422
4.790898169 322 2222.19211
5.326342667 320 2148.567724
4.869687642 316 2219.702511
4.59408374 316 2180.11419
3.940788218 329 2164.380953
4.17319034 341 2223.516334
4.367155824 343 2205.008373
4.758008065 328 2212.584629
4.18566592 347 2195.567138
5.272035745 307 2177.00701
4.188907973 329 2226.957606
4.521754068 320 2207.277987
5.030915318 310 2220.184906
4.39913341 328 2208.956964
4.378854716 319 2143.954071
4.286309329 336 2189.982788
4.188531073 321 2218.285626
4.402676844 323 2178.331163
4.452404745 325 2179.486555
4.784021618 325 2152.610441
4.460344868 320 2151.288705
4.033954166 340 2220.556127
4.254557547 335 2149.294036
4.198625035 337 2202.595606
4.151499263 352 2194.147269
4.250630102 348 2222.804011
4.431545516 336 2195.752973
4.218474128 350 2189.383561
4.546712061 326 2170.767445
4.13799176 339 2150.023176
4.527670105 330 2151.492316
4.533047067 321 2142.101639
4.584297082 339 2201.047822
4.600190066 342 2169.123104
5.572248281 303 2208.702961
4.269207512 343 2218.21992
4.010423145 351 2226.732793
4.374041015 340 2170.896959
4.824083662 303 2155.773781
3.685561845 352 2200.752483
4.176515015 308 2161.784093
4.114027839 323 2183.195993
3.453606548 342 2173.949808
3.740278737 348 2193.827772
4.737919745 336 2226.084021
4.046556129 355 2182.298185
4.787444463 331 2176.716897
4.463324937 321 2148.760476
4.618369843 321 2161.246736
4.447291682 313 2208.39439
3.858804296 334 2225.44791
4.379842502 335 2219.120856
4.318503997 325 2174.398602
4.353843677 324 2150.726513
3.953055977 317 2155.196152
4.258332455 326 2223.395319
4.783097602 310 2189.396118
5.459793475 308 2143.091446
4.233803325 322 2147.179579
4.021997425 350 2222.152388
3.848939602 338 2155.092129
4.688230126 330 2181.163143
4.288977591 334 2183.674566
3.729167735 350 2207.252952
3.948869046 335 2172.325882
3.768421373 353 2218.576253
4.374200316 341 2200.334382
4.925799111 311 2142.139003
4.601492925 338 2223.84809
4.306459548 329 2147.72255
4.793551435 323 2158.101451
4.802900536 320 2187.673466
4.348855438 309 2210.501778
4.090530051 336 2175.122003
4.092865732 334 2211.886267
4.284932619 331 2212.397526
4.034786595 353 2190.485937
4.459623475 338 2217.984974
3.916786256 334 2165.940905
4.584121472 310 2172.486353
4.406300564 316 2154.777189
4.209596696 333 2183.491939
3.727680508 345 2190.491619
4.478658418 343 2168.362669
4.700812597 326 2199.490007
4.555307615 326 2212.452228
4.359076876 349 2174.11857
5.014261513 328 2167.234082
4.374520875 343 2164.296724
4.845168438 342 2155.742173
3.86543095 355 2169.744426
4.484135189 337 2212.042254
4.984230579 294 2199.037729
4.907452903 328 2184.203513
4.457864681 339 2199.32558
4.763309263 336 2155.672567
3.401054855 361 2215.962423
4.738804997 325 2216.743927
4.251690157 330 2225.483202
4.796064033 303 2147.876009
3.854096879 352 2217.708238
4.284085357 344 2151.585881
4.68893931 309 2148.758372
4.701369708 339 2148.41991
5.125597271 313 2179.536112
4.248978357 341 2180.416172
4.113837254 348 2221.078137
4.954386078 335 2147.531655
4.963951183 320 2150.770179
4.705355986 315 2173.763976
4.379311663 324 2171.229336
4.059246304 345 2150.379577
4.51185845 322 2187.875368
3.263495686 370 2192.635856
4.461112257 335 2215.970339
4.370596212 332 2225.045446
3.957272561 349 2153.992986
4.773132144 319 2169.364204
4.462600611 348 2218.861406
4.478809274 326 2143.107261
4.327014887 317 2161.381968
3.837272453 351 2222.08758
4.173505819 330 2146.763752
3.941324883 348 2148.41777
4.276653934 340 2153.204607
5.186755796 319 2189.46195
4.047831716 356 2214.918562
4.098327615 354 2176.302433
3.573660277 342 2208.750471
4.444407402 328 2144.070484
4.242730442 349 2174.602549
4.019513154 329 2186.643921
4.210561627 346 2170.51951
5.113125647 313 2150.48958
4.868386727 325 2163.011389
4.667513242 316 2147.793388
4.48252 337 2193.803121
3.531069689 346 2194.855876
4.325396661 339 2192.947852
4.558860652 315 2155.793366
3.375194946 372 2202.830041
4.7036405 314 2164.21101
4.270128633 332 2193.091092
4.311994344 331 2153.816849
3.43289059 365 2215.429819
4.410868989 327 2149.83867
4.045107359 332 2176.344651
4.880259221 313 2175.961968
5.392315676 307 2162.127941
3.277350779 356 2206.711098
4.553161858 348 2192.846436
3.467062283 351 2142.663049
4.053371397 348 2218.231706
4.91562193 297 2145.130401
4.135505376 329 2169.353805
4.6276232 335 2197.614698
4.135258461 337 2224.778721
5.220292596 317 2186.439814
3.976505582 348 2174.18645
4.318518966 317 2148.249458
4.889532805 334 2219.566406
4.86843407 302 2208.372101
4.01639598 352 2217.654727
4.169684887 339 2162.676636
4.191645802 345 2159.132257
4.956665198 311 2188.55211
4.563801382 333 2159.638324
4.560822063 342 2152.662042
4.161355363 345 2221.542123
4.7387167 329 2184.840014
4.530675522 350 2222.010954
4.116982057 337 2180.7731
4.226561357 332 2199.878938
4.140384976 333 2221.68079
4.216321173 328 2180.72809
4.115958776 341 2185.634292
4.322123714 341 2199.431518
3.610518011 346 2187.635588
4.036240392 334 2188.917324
4.684755362 351 2221.477273
3.528895518 350 2214.087722
3.659993502 333 2186.030951
4.533839157 326 2209.296356
4.89768124 309 2215.208104
4.860797562 307 2163.399668
4.726154398 328 2203.704308
4.701939813 331 2195.172625
5.022793231 320 2166.36379
4.312562611 339 2164.827072
4.07673476 334 2168.438012
5.065304157 301 2189.323456
3.898099621 356 2143.782971
4.886759408 322 2170.30119
4.137832387 337 2223.741848
3.963678892 344 2164.490844
3.552476902 344 2146.969439
3.752201688 352 2221.552737
4.147336336 343 2145.02852
4.387226356 347 2206.24925
4.312488054 333 2170.062541
5.475207505 292 2157.433262
4.367045354 340 2207.956138
4.590004614 323 2153.81911
4.072796707 353 2190.535828
4.124514945 363 2225.852803
3.742730533 346 2183.741554
4.311092013 341 2192.64721
4.664039742 342 2197.184993
4.139553984 332 2201.379825
4.284261272 347 2189.34316
3.83292589 362 2162.088219
4.464151651 311 2177.951192
3.640967404 349 2195.070593
4.057426377 340 2212.864604
4.342442223 337 2154.398493
4.769817876 318 2153.56804
4.470079925 346 2200.900068
3.64480872 343 2162.784729
4.449030786 332 2225.685324
3.972339157 328 2214.319773
4.605420722 328 2222.698243
5.338244149 302 2222.320222
4.025447701 345 2179.075262
4.690798676 330 2210.268197
4.138869697 334 2147.513494
3.781893692 351 2183.78782
3.997991012 341 2181.412413
4.358229401 323 2164.498944
4.516155181 319 2153.036322
4.862108805 351 2221.953933
4.938775216 318 2197.553556
5.496121201 303 2157.891569
4.149355521 354 2209.317725
4.759452662 333 2201.880898
4.323921994 338 2212.95376
5.1548842 301 2223.271191
4.474165205 332 2151.068767
4.451210583 316 2199.526304
3.869644905 360 2214.988383
4.43951393 316 2158.895582
4.612283001 338 2192.842156
4.857940743 330 2150.318015
4.415561399 347 2178.096693
5.384139333 303 2166.051484
4.44652047 340 2154.933749
4.198568007 341 2160.525638
5.314310037 321 2174.327924
4.435507802 339 2210.200241
4.486906772 346 2204.44882
3.987739315 341 2169.250981
3.927504274 333 2149.445638
4.164700921 347 2224.245815
4.495431472 315 2167.502321
4.073325814 349 2181.489979
5.436590575 299 2179.249779
4.68033564 335 2148.813957
3.814280743 336 2192.68141
4.851241351 337 2216.930536
4.344192958 326 2178.44901
4.287795871 345 2184.891538
5.027220195 319 2185.109414
4.073572667 344 2147.286411
4.621550188 297 2147.758307
4.348678171 349 2151.448461
4.149046318 355 2162.716404
4.411818976 325 2184.172409
4.773640777 329 2181.930754
4.466153076 313 2192.758407
4.475624345 310 2213.903964
5.042646037 317 2217.440997
3.994847235 325 2186.235519
3.918750761 351 2185.29641
4.67145566 340 2216.976237
3.243523642 359 2222.937201
4.937594323 318 2160.316827
3.930222503 333 2185.730225
3.812522549 364 2201.271778
2.831340613 371 2161.929716
4.584559427 328 2183.71097
3.989380456 349 2147.131488
4.199543344 334 2219.237674
4.087866199 330 2168.789459
4.555557399 325 2189.305653
4.114887646 355 2201.660665
4.868506449 322 2158.056472
3.863068136 341 2214.347351
3.751752589 349 2223.809725
4.855911043 307 2217.927561
5.31649753 308 2189.236834
4.845431466 324 2204.995288
4.632934552 329 2155.272237
4.305349711 346 2214.863304
4.528186811 331 2176.014831
4.510124798 323 2213.331922
4.997415886 326 2154.348926
4.520069989 340 2142.89324
4.349703234 338 2192.330842
4.003661732 346 2202.750911
4.676765124 350 2195.702566
4.515572435 343 2171.547119
4.77456713 326 2194.548347
3.870284879 351 2174.701922
3.521062854 343 2186.157635
4.49714837 326 2193.281038
4.159318082 359 2175.966745
4.704816288 335 2156.623615
5.486395978 305 2142.501545
3.472435883 341 2170.688278
4.041024206 339 2156.970626
4.238185593 330 2174.930751
4.094666899 336 2166.646523
4.636782563 335 2164.730689
3.785307492 345 2183.213564
4.661409128 332 2187.985913
4.405438605 341 2226.732221
4.765530796 325 2172.812066
3.999579396 339 2184.243821
5.242029082 328 2185.209837
3.796662394 347 2197.266858
4.649505003 311 2144.3557
4.170514892 330 2220.196766
4.182724166 338 2158.996805
4.679117105 325 2196.913886
4.486464981 322 2193.559597
4.328350793 333 2204.211016
4.116412746 323 2214.478189
5.39497239 329 2144.967094
3.008941805 365 2167.047951
4.437154719 334 2151.790681
5.071379437 331 2166.195956
5.346384877 319 2217.986258
3.566937948 342 2162.456078
4.159646061 341 2221.622474
5.240102188 320 2171.827184
4.911708705 297 2167.744421
4.158298956 345 2198.083112
5.525304715 322 2150.493387
3.389458625 354 2172.477791
4.855549234 312 2193.85215
5.088452387 322 2207.063867
5.030299576 320 2147.705085
4.468119682 335 2199.0619
4.231444411 336 2182.655931
4.684177418 334 2213.488523
5.58509489 322 2151.783717
4.66882776 325 2182.876763
4.357395412 330 2211.448868
4.97820042 324 2197.785708
4.95239431 325 2183.894932
4.724781849 324 2223.519085
4.466687337 338 2201.891548
3.755267283 349 2220.365934
3.861247815 353 2219.426339
4.318547895 335 2150.818056
3.942322742 337 2207.884683
5.115517924 343 2145.372825
4.059667314 323 2177.201562
4.473487311 332 2207.984455
4.089826565 335 2174.721727
4.145761558 354 2221.655623
4.954847658 309 2158.104793
4.599160154 344 2195.04859
4.142237282 340 2176.663039
4.497438128 307 2145.15765
3.874504572 360 2151.133449
4.872965319 308 2143.055386
4.718756997 353 2169.065591
4.589373991 332 2150.145662
4.872725964 327 2179.241291
4.470947878 329 2191.591819
4.302120266 326 2217.634912
4.630385715 320 2169.445852
4.249287211 334 2168.980054
5.013328426 326 2225.133715
4.126066761 345 2172.025623
4.794113848 296 2154.929681
4.881986278 318 2210.535049
3.797413136 360 2216.841612
4.740925364 327 2190.98381
5.273417318 302 2189.96284
4.308560301 340 2164.2257
4.172019908 336 2164.7416
4.199359745 329 2187.663646
3.81163305 352 2208.877316
4.400080611 335 2217.175183
3.120201321 353 2217.284236
4.434454442 333 2174.586937
4.592560235 313 2196.353763
4.452065018 342 2176.162359
3.741428784 353 2170.499793
3.812618521 359 2142.099429
4.381270823 313 2143.326579
5.253834453 328 2189.283086
3.99894189 334 2159.064526
4.59870719 322 2151.941231
4.416650656 323 2162.923155
4.819868187 310 2161.447016
3.913240656 343 2224.155962
4.420375117 340 2213.431188
4.625441141 342 2221.972063
3.66837387 347 2165.404763
4.05907712 346 2142.260431
4.527123396 312 2145.272145
4.922079786 337 2153.975872
4.205275334 354 2144.340855
5.398242383 318 2225.267504
3.804843839 359 2157.904795
4.104130142 340 2215.177572
4.317909925 346 2193.963568
3.876164897 358 2194.259973
3.774891874 318 2169.702051
3.839319988 335 2210.98123
4.143745478 342 2190.272846
4.763956992 331 2181.852516
4.901937085 311 2169.903945
5.027804066 303 2150.946194
3.942608663 351 2196.008318
4.40192769 327 2209.679308
4.436847573 330 2224.806546
4.75420915 299 2150.420501
3.584543586 350 2213.539509
4.835299267 332 2152.803603
4.86838988 310 2144.387597
3.196245503 354 2204.15002
4.075265511 336 2217.548646
4.807726466 325 2175.84831
4.326431017 332 2217.759857
4.275824843 328 2161.297332
4.167145781 335 2186.682326
5.199970523 293 2145.361298
4.319782419 341 2186.553865
4.068723976 340 2165.5133
3.940298377 348 2181.477375
4.343815595 341 2183.974289
4.786900543 341 2200.018256
4.096070354 362 2218.472683
3.827369868 345 2149.779387
4.286832972 352 2158.647335
4.011946054 343 2217.862549
5.358126345 307 2185.665559
4.109448539 355 2208.035403
3.484361153 353 2219.332428
3.927751205 345 2202.345408
3.633303387 353 2223.479915
4.114647085 349 2156.435575
5.032940015 334 2146.429739
3.759031025 344 2207.77584
4.196054762 333 2195.92045
3.727738266 349 2205.532147
3.542960189 358 2205.245509
4.040740616 350 2201.021917
4.463579429 345 2177.86234
4.9237136 345 2210.418235
4.077577329 347 2206.788114
4.72548126 325 2164.606612
4.910123843 331 2211.129954
5.081566513 316 2191.7188
4.284504925 342 2174.710302
4.541860429 312 2202.668993
4.635816612 325 2195.272114
3.454779877 353 2179.658693
4.439680922 343 2226.383426
5.094402666 319 2177.901371
5.006088754 310 2203.23946
4.138885102 335 2192.635629
5.030087281 313 2165.701157
4.964845745 324 2199.720163
4.281169545 329 2214.245033
4.410873224 334 2141.957216
4.370809814 321 2212.354558
4.107240717 312 2153.222267
4.120262899 347 2207.894119
4.174948784 338 2221.450647
3.970660448 343 2191.868548
3.999702999 345 2198.583145
4.560389759 348 2160.543839
3.845053574 330 2226.767713
4.073770649 345 2197.857985
3.841748385 339 2187.251706
4.343230883 333 2187.476873
4.882552338 330 2203.533439
4.390430416 314 2190.618148
4.27807462 335 2161.973988
3.4532382 364 2150.700224
5.078884525 319 2159.762143
4.402947354 331 2143.177814
4.044359773 338 2144.212251
3.649682529 349 2200.708139
4.541841358 331 2180.297108
4.006098567 332 2190.551018
3.382734829 367 2155.136876
4.071808305 334 2165.933932
3.941489994 340 2215.027475
4.1188882 329 2174.165438
4.27330219 353 2160.956026
4.077692085 345 2199.64963
4.489206331 319 2212.65032
4.147099341 349 2181.6699
4.546358156 338 2209.765973
4.564386863 350 2212.837542
4.084114187 328 2209.082677
3.958626438 348 2147.782739
4.777260918 321 2213.503573
4.712799158 317 2149.574153
4.629369049 321 2208.070382
4.178800744 346 2216.56804
3.745972043 343 2209.904907
4.182532507 334 2193.645244
4.545850362 335 2181.27378
4.22900465 338 2144.098724
4.004856657 341 2199.261428
4.252781892 355 2200.568727
4.727002338 332 2146.41179
4.649796235 319 2201.360327
5.13428164 315 2211.233358
4.274120839 339 2166.864159
4.056918859 351 2143.12364
3.589368821 353 2177.593941
4.520079284 323 2209.95266
4.076294171 327 2214.474347
3.629628013 353 2142.030576
4.763386213 331 2164.96295
4.966086596 309 2186.154803
4.918531251 312 2206.212251
4.074910079 331 2142.924832
3.956314043 337 2200.39434
3.954316494 359 2192.175559
5.344445927 304 2158.809487
4.166549035 343 2168.231368
3.75212794 350 2199.98806
3.73625089 352 2163.983824
4.965981149 312 2143.768928
5.309120191 322 2171.703113
3.844578176 351 2210.565398
4.106667846 356 2155.485062
5.136536 334 2213.273625
4.52357507 323 2167.336099
4.711375377 329 2183.549201
4.522896252 313 2162.883839
4.978346865 325 2164.427788
4.616439093 340 2160.219199
4.643955184 328 2205.091491
4.453365639 329 2202.386668
4.525779961 333 2183.796087
4.652165029 346 2216.010456
4.465368156 324 2145.907901
4.109435678 354 2201.42473
4.508175524 334 2190.889174
3.790014926 333 2220.901901
3.813622167 347 2222.035893
4.112187088 342 2210.067699
4.923716624 335 2150.587401
4.141169733 351 2188.791964
4.727276764 328 2182.404932
4.021891878 335 2204.285852
5.095134336 318 2190.120856
4.129040869 332 2214.63357
4.395018999 330 2205.893138
4.515900411 330 2203.872659
4.084643088 333 2163.833931
3.843701617 345 2209.816549
3.581149056 354 2203.996584
3.715094612 357 2217.675814
3.795428069 355 2145.706777
3.776536708 355 2167.183067
4.712292418 321 2147.682297
3.846480079 334 2171.000588
4.414394236 329 2156.607465
3.392651744 349 2144.408906
4.08963761 333 2149.996303
3.782226214 363 2178.82483
3.620830475 355 2209.604587
3.007957913 372 2218.071363
3.897346677 346 2207.470824
4.01629402 336 2197.846984
3.959813204 337 2191.009993
5.086724976 324 2217.400401
4.346531232 337 2162.434796
5.143416505 317 2179.906773
4.774715107 332 2203.522826
4.61269728 343 2216.246408
3.94852906 330 2197.678395
4.320811776 345 2144.351506
4.826620936 330 2155.031381
4.543051481 320 2175.308646
3.934451539 337 2219.996764
4.167743598 349 2156.878288
3.997599058 348 2152.950391
4.085136805 334 2163.42864
3.63963592 347 2176.469864
4.594321959 332 2179.331201
4.889279854 318 2223.493353
4.944183271 325 2190.783708
4.297855034 343 2215.534165
4.013305729 348 2216.666784
3.328075379 357 2168.599331
4.523942969 324 2183.800544
4.293484692 340 2155.931844
3.912545466 335 2220.083833
3.494777525 358 2209.815459
4.465467777 315 2149.577758
4.327915059 340 2204.71509
4.356758338 342 2186.597098
3.985226789 350 2176.945488
5.090799917 320 2192.951752
4.866626753 323 2172.981433
3.69874242 364 2223.689452
3.888071143 354 2221.326363
4.072857098 339 2203.763672
3.658271275 353 2212.078831
5.203860882 304 2176.125962
3.877289889 342 2180.759447
5.554836876 301 2183.429893
3.791867176 352 2143.486843
4.122996137 338 2181.900124
5.650491912 287 2195.439121
3.321633859 355 2179.122287
3.912874952 356 2160.58301
3.679784008 336 2172.967418
4.523788295 338 2210.485036
3.949753036 339 2157.166279
6.008415977 294 2184.494737
4.654367621 344 2172.515281
3.957587498 339 2202.1895
4.330705257 320 2155.376208
5.10923235 329 2167.298644
5.175289564 300 2144.198569
2.898798583 371 2208.576996
4.885616697 313 2142.556073
4.687351789 328 2182.052507
4.284006293 313 2196.315543
4.338180621 322 2185.52003
3.265595842 355 2185.522752
5.384940576 314 2175.283069
4.953631577 301 2213.841448
4.26811322 330 2199.81871
3.927705021 337 2165.696295
4.815566865 327 2223.769265
4.601104626 325 2145.017783
4.79694755 315 2187.097942
3.956051088 339 2202.653782
4.186661833 327 2179.515384
4.913143668 312 2166.677112
3.727398763 336 2143.129145
4.575420453 334 2214.263441
3.384538335 355 2205.375687
5.080116663 320 2156.123559
4.138578005 346 2173.868369
4.159282986 345 2194.029778
3.861707457 346 2214.360175
4.453413281 328 2223.75189
4.34691586 339 2220.236327
3.895978753 354 2193.931982
4.752935177 325 2155.300041
4.204353117 310 2143.283548
3.810440323 330 2153.810159
4.280868501 331 2210.50374
4.592618525 298 2166.966823
4.979995123 314 2152.270876
4.010146526 334 2186.546891
4.29839282 338 2184.865237
3.934964573 344 2216.223481
4.391160636 314 2220.508015
3.958515353 362 2223.779348
4.648444358 326 2214.270584
4.062889133 345 2171.836068
4.286789637 354 2206.03328
4.764158065 316 2160.520635
4.589706183 318 2144.980799
4.455626182 336 2172.576022
5.190765002 315 2225.889449
4.215786161 342 2174.38077
4.060108271 345 2198.341796
4.010296707 360 2158.344874
3.87803538 346 2201.164289
5.373199969 298 2144.569126
4.362831091 331 2205.731069
5.395938889 319 2225.398806
3.893760036 337 2164.107524
4.730589249 327 2170.246824
3.66118835 345 2214.725739
3.719810307 353 2204.624511
4.021235852 333 2165.892034
4.247787648 334 2165.245794
4.005658014 341 2210.847706
4.333150644 338 2207.773545
4.551452017 335 2163.304928
3.897195448 337 2170.248757
4.989861022 338 2151.01526
4.027421481 351 2218.53214
4.627792788 333 2199.290259
4.450560153 332 2148.951463
4.811875629 316 2167.667378
3.759837312 343 2207.423922
4.051223838 336 2219.449238
5.148412761 298 2173.480153
4.092395652 327 2172.198244
4.262874052 351 2171.394131
4.786062008 347 2184.466467
4.513885905 322 2204.124986
4.927963586 318 2154.730043
3.709516781 358 2215.151195
4.167032484 328 2170.021093
5.046067035 310 2160.272854
3.327491825 361 2146.550023
4.406003115 329 2222.95386
4.440276633 328 2181.692429
4.531176563 320 2152.279165
4.830388791 320 2150.286802
4.886313189 319 2186.182815
4.510565783 328 2176.167545
4.44474395 335 2177.919478
5.278136145 342 2205.888886
4.668119887 335 2166.356162
4.254758503 330 2223.953513
5.197608668 322 2164.168958
3.603863636 347 2226.958786
4.641426252 337 2225.287422
5.085047984 336 2187.67579
4.980278893 339 2202.272428
4.281620093 343 2175.17303
4.363171035 329 2158.997529
4.05983071 349 2168.377837
5.631683219 292 2174.863017
4.053833913 350 2142.302553
4.183585655 320 2204.85395
3.954356393 347 2198.602194
3.730628571 345 2223.539463
4.188953722 342 2201.794472
5.302569523 327 2177.944559
3.819992141 333 2193.336139
4.607157228 312 2207.810927
4.743410306 334 2179.087711
3.330163791 359 2206.905861
4.565422285 352 2183.551881
3.414879477 362 2203.772902
4.086661419 353 2212.84502
4.78459691 331 2205.242741
4.235031041 329 2158.045821
4.184061911 343 2206.494763
4.421378374 325 2189.804308
3.46196515 338 2183.269172
3.882757306 352 2158.22171
5.173919526 321 2171.467817
4.399088174 320 2199.62803
4.914474924 330 2170.165658
5.067600488 334 2168.301787
5.186061987 310 2144.170268
4.355393617 342 2200.806397
4.390547072 331 2144.299001
4.24661168 346 2210.690721
4.650840979 329 2173.897378
4.160896893 342 2165.945852
4.437934608 347 2188.575363
3.760289989 335 2165.770104
4.361097044 341 2166.014712
4.576794674 325 2156.060001
4.167352352 337 2154.886571
2.917619916 365 2206.914269
4.508742038 341 2186.442794
4.312981373 328 2211.409879
3.956472526 350 2204.92804
4.178972527 331 2149.531296
4.513282546 321 2153.944973
3.958435353 337 2168.002153
3.813335337 339 2163.154997
4.577326295 328 2180.381058
4.433001608 340 2211.116391
4.10795394 344 2157.395464
5.345570126 302 2157.633923
5.947485935 292 2154.647744
5.657484089 318 2203.656327
4.238323947 337 2219.74468
3.380009329 352 2219.066068
4.84275743 342 2146.795463
5.150636818 304 2194.609441
4.275919318 335 2173.830167
4.501381572 327 2171.606316
3.585622321 356 2226.447608
4.676493313 336 2216.058351
5.099438936 318 2163.197671
4.130826503 321 2193.947731
4.278503602 342 2194.306625
4.553091449 330 2142.08622
4.396052167 336 2188.60907
4.234549022 340 2160.127458
4.391906206 341 2161.554824
4.432586294 293 2151.973556
3.685848216 346 2197.360368
4.017890162 347 2219.972851
5.386215291 295 2202.795362
4.00998626 341 2164.074324
3.734304519 357 2196.42971
4.727910861 304 2216.849959
4.730836365 346 2192.235138
4.356368964 331 2170.125554
4.213149815 351 2169.71238
3.878942452 353 2203.822852
4.42998478 341 2153.060972
3.939610689 364 2214.529002
3.830406042 348 2189.905504
4.534498892 334 2152.756542
4.474622758 329 2174.818635
