6.705528676 250 1690.345953
5.70607517 309 1736.015107
5.557521007 296 1699.937546
5.18223462 301 1689.113616
5.318665085 303 1699.407872
5.164621073 288 1712.483578
5.486081037 277 1731.326202
6.181193686 256 1715.436706
5.437733578 292 1707.490931
6.331170423 264 1727.285992
6.510958398 257 1750.777101
6.388711311 259 1688.980353
6.320813314 274 1713.566614
5.72258252 248 1716.315515
5.049789327 290 1746.007056
6.698527755 239 1745.711252
6.110503696 261 1739.647044
5.238445989 287 1715.516687
6.785804738 265 1690.19405
6.298837617 254 1692.049214
5.608881365 275 1693.947413
5.772143384 271 1724.017504
5.622366897 276 1726.435837
6.334359201 263 1726.638205
6.032061563 261 1753.32209
6.181856304 261 1708.403862
5.342531307 310 1730.782277
5.632846099 266 1735.106943
6.396509786 262 1693.9133
6.358806489 263 1697.770264
5.543407475 276 1713.851799
5.895966681 284 1694.412428
5.413140647 268 1715.916887
5.132721292 303 1695.189604
6.302170097 257 1695.354439
6.584916658 267 1720.255632
5.924279376 283 1696.350132
6.31390605 250 1718.362726
5.071260838 283 1703.368198
5.611698041 295 1749.001584
5.137633839 301 1741.619235
5.701161891 290 1712.104904
6.659685376 251 1747.961632
5.503555896 279 1740.075717
4.614748482 294 1751.566072
5.526169737 296 1741.415166
5.633914246 286 1747.167495
5.530867116 292 1735.047022
4.982211419 292 1715.481463
6.147929388 285 1693.859429
6.24848816 259 1705.674786
5.440179619 293 1738.57465
5.79680281 285 1745.097377
5.065240695 295 1740.075485
6.121964648 296 1754.002576
5.43612256 285 1712.595625
6.085931128 279 1699.931786
6.470071362 272 1712.136612
6.008671813 279 1704.382033
5.816651945 303 1736.757383
4.678176495 303 1748.24969
6.004311635 249 1694.050293
5.243408641 274 1707.516733
5.764236741 272 1692.012998
6.37792755 261 1746.182739
5.44911782 303 1744.182046
6.469902314 258 1731.322867
5.843707766 264 1688.304174
5.792878455 263 1705.16602
6.111373824 264 1698.709285
6.123166831 263 1742.890457
6.067381354 270 1739.456838
5.372707587 277 1723.6328
6.186613833 262 1699.927163
6.621784788 257 1701.284655
6.168624724 273 1696.265033
5.346854302 266 1695.780636
5.79507396 287 1694.80493
6.011322235 294 1752.770199
6.059186285 303 1690.185267
6.425892513 260 1700.37653
6.165718428 264 1735.396736
6.195194184 263 1711.610676
5.376234046 273 1742.511628
6.509809798 254 1724.792206
5.713262395 266 1739.034436
5.383286459 274 1697.143318
6.238563318 280 1701.767275
5.709973645 294 1725.237889
6.001285655 266 1724.048066
6.224780352 265 1708.629751
5.437970009 263 1709.965808
6.608326003 255 1723.238866
5.849683094 289 1726.586989
5.512668626 264 1694.364834
5.852405178 276 1732.230119
5.961012391 272 1738.926404
5.322204653 278 1712.859159
6.421159481 255 1742.157264
5.154987732 287 1744.980948
5.874578745 267 1718.463639
5.480607756 290 1743.719888
5.167880415 294 1714.670163
5.873463875 266 1741.493107
5.508693572 275 1703.663902
5.238340935 310 1741.000281
6.474169474 235 1713.183344
6.631928982 279 1745.119241
6.281229626 269 1720.278052
6.36865417 246 1697.390826
5.867830101 275 1716.261022
5.094113874 302 1753.716282
5.661075405 283 1736.152436
5.184675894 295 1717.943847
5.683439215 272 1734.211152
5.382504423 297 1692.972328
6.571309858 273 1688.12624
5.685095536 256 1735.265926
5.852125931 265 1695.519292
6.066706195 276 1726.938953
5.231201671 294 1748.902989
5.706384778 283 1733.916227
6.053231914 248 1737.156379
5.461184005 272 1730.256176
5.173839915 274 1688.78612
5.712969385 241 1696.289091
5.820297901 276 1692.625774
6.102017917 261 1724.989224
5.792347424 285 1750.273748
6.371747035 271 1696.968739
5.494112379 299 1740.45895
6.034633858 258 1715.818014
5.159021948 286 1752.495243
5.468664409 256 1694.511835
6.429940667 271 1737.987427
6.571586427 247 1695.090036
5.6420053 280 1750.149162
6.467332828 258 1726.510494
5.618002979 261 1703.395318
6.521957298 279 1712.594036
6.530766186 273 1741.511467
5.519478305 280 1722.847286
5.289881776 287 1740.8443
5.769744957 257 1731.126732
5.725799677 269 1711.915347
6.343969293 266 1753.644436
5.021580415 311 1728.639579
5.589146961 265 1696.77016
5.337626875 284 1751.059376
5.776420184 282 1727.505443
6.379697824 264 1727.616017
5.559238318 276 1691.508603
5.816866206 283 1688.042677
5.678223713 300 1740.041073
5.463150371 291 1694.59623
5.386891378 282 1694.147024
5.920603215 284 1705.562382
5.932576817 290 1732.075802
5.707327488 282 1731.692816
6.206972369 274 1700.57416
5.641260665 274 1694.175286
5.653421298 272 1720.022081
5.676248968 289 1749.641924
5.589480529 286 1706.834199
5.943353653 256 1689.562176
6.295169096 246 1702.864228
5.567322589 269 1710.027515
6.33190959 256 1704.197573
5.439359257 316 1712.687502
5.364758606 288 1731.312283
5.200337215 278 1732.405536
6.510915106 262 1714.357523
6.18754719 265 1724.782722
6.49180217 270 1717.880856
5.959814125 274 1718.705153
5.956701496 271 1737.877717
5.925727666 303 1696.37906
6.066648734 275 1737.170253
5.550782852 285 1693.677672
5.595854917 283 1713.21956
5.957132164 285 1741.169658
6.638286325 266 1716.475275
5.974852137 273 1720.614241
5.402328431 278 1721.831719
5.478729381 284 1726.717319
5.709067439 271 1753.466313
5.440596844 276 1689.069054
5.748745641 265 1751.515385
4.964356506 299 1737.780615
5.156574431 288 1711.90197
5.584565209 280 1723.757379
6.816945568 257 1723.287301
5.679024647 287 1752.482633
6.078002704 265 1695.85809
6.880852684 270 1727.747963
5.810261196 282 1712.186566
5.948007674 277 1726.191349
5.384606834 281 1718.406172
6.170169203 262 1735.351853
6.392069526 254 1701.442557
6.443716328 262 1709.903175
5.806945125 281 1731.673463
6.042258235 257 1702.466202
4.896933968 296 1745.325252
5.768840051 281 1692.28619
6.106249628 273 1695.41223
5.470865956 297 1745.2488
6.120264661 274 1736.493359
5.078730761 293 1746.148764
6.23312493 256 1734.746768
5.165721852 304 1746.744663
5.496115313 286 1701.765331
6.33247067 273 1737.473153
5.864413267 289 1731.508971
6.646662449 234 1716.618228
5.721931877 273 1716.194001
6.221396735 271 1692.518325
6.867420556 251 1689.962932
5.519943441 285 1724.259533
5.711541167 278 1703.110767
6.124285558 275 1744.059073
6.220009828 250 1691.68821
6.395831334 284 1690.464249
5.651923364 275 1689.56787
5.977192682 272 1724.905995
6.056607824 249 1717.166967
5.434072377 303 1733.770675
5.586549508 292 1750.901465
6.572363526 240 1711.505708
6.566707571 276 1751.341571
6.033139005 267 1734.164986
6.618242383 275 1730.352489
5.874965454 258 1702.462606
5.965102313 264 1695.932273
5.871091874 289 1703.500239
5.76609437 266 1727.692596
5.678610601 275 1701.807385
5.816611516 266 1692.502758
6.152148174 272 1689.433967
5.049913941 305 1749.157709
6.410152204 273 1748.499316
5.820198597 273 1718.200186
5.284641062 298 1744.125231
6.439107972 261 1729.963698
5.579692371 291 1720.38048
6.033722855 276 1715.668428
6.595536345 258 1706.545331
6.632570644 255 1712.08473
5.709295126 279 1724.706592
5.360726848 301 1736.549295
6.107811857 255 1731.086449
6.045705125 288 1704.197542
5.607501147 305 1754.13459
6.301743277 276 1719.925318
6.35817373 278 1692.840896
5.500979474 287 1691.945814
5.863978144 280 1715.025917
5.316099426 274 1724.066968
5.931019618 273 1732.113703
5.531814222 291 1723.58681
6.190167333 267 1735.961488
5.669530789 278 1730.448188
5.875456051 281 1712.633908
5.199788241 294 1701.132842
5.759750898 283 1727.367794
6.020950784 270 1708.134281
5.49632535 264 1736.933038
5.430358252 292 1737.786126
6.725774101 260 1721.581097
5.532520007 272 1696.619923
5.468627896 269 1715.998136
5.776062914 282 1731.356332
6.057928493 269 1733.427833
5.583429226 291 1723.940213
5.663313914 280 1708.784829
5.469856906 278 1716.022143
6.57908967 240 1701.070137
5.751097271 252 1722.626639
5.420884598 290 1719.169923
5.886667102 268 1689.530282
6.103109539 270 1702.255314
5.373672401 295 1748.300747
5.659584783 277 1697.394286
5.462051511 308 1722.799827
6.290301305 244 1752.133812
5.525189974 303 1741.826971
5.819102221 282 1717.275819
4.667137404 304 1718.413583
5.449220907 270 1726.703375
5.495761238 293 1700.495822
5.611004408 288 1726.597755
6.114759223 267 1751.086568
5.736871032 274 1717.266881
5.104204205 284 1752.096507
5.534047676 295 1717.008282
6.194172026 265 1712.863889
5.709021248 283 1724.852166
5.651057143 279 1751.070693
5.597171271 272 1733.614933
5.372685514 274 1698.618895
6.7967199 249 1689.767035
6.202420267 266 1708.408425
6.413275665 260 1718.243001
5.608510077 277 1699.764701
6.097760595 254 1687.915289
5.674029646 275 1697.997178
5.333233914 293 1751.167646
6.095580252 269 1716.534141
5.525204312 271 1710.188746
5.786313193 255 1726.182135
5.078723904 285 1707.164181
5.295271105 272 1697.350998
6.074867266 262 1691.802868
6.04506341 275 1751.954069
6.48726287 259 1710.133035
4.972990604 288 1721.079046
6.023586159 273 1712.183425
5.649911596 276 1705.12077
5.975269764 261 1688.930378
5.165796255 267 1699.553774
5.333319712 300 1697.948743
6.59938244 271 1697.758941
5.629725513 291 1692.134577
6.585904294 268 1694.442579
5.657036681 280 1707.306811
5.698510479 307 1752.921382
5.525614765 289 1708.166588
6.111575403 281 1688.097718
5.565914544 287 1753.162006
6.071595755 296 1733.859209
6.495998858 259 1702.021377
6.206871583 264 1692.543595
6.483393651 275 1750.393179
5.735692993 266 1700.798673
6.061017292 259 1691.892153
5.758003791 275 1737.273149
5.092081395 286 1725.0935
4.996110122 321 1699.193597
6.901493813 254 1724.467744
6.221931143 279 1700.021102
6.057993957 264 1701.131979
5.597196872 294 1720.555508
5.88097496 257 1714.819475
6.164997087 256 1712.404423
5.739388503 283 1719.796726
5.621873149 287 1738.249606
6.54299762 260 1708.427992
5.783786074 256 1716.040649
6.168465913 271 1705.412985
6.891013953 262 1693.169364
6.354450776 257 1698.290745
6.471600101 254 1742.695537
6.027262797 265 1719.498844
6.059434755 261 1733.071304
5.683115748 278 1748.391485
5.511755966 285 1743.57802
6.189099152 254 1716.276908
5.591101918 271 1710.609758
5.367498645 290 1688.579302
6.031484127 269 1695.123499
6.619359833 265 1744.05409
6.200633194 262 1691.771735
5.685241451 295 1726.882333
6.330975801 272 1696.952918
5.673297284 273 1715.936571
5.582525058 270 1727.33029
5.916841406 256 1725.447252
6.117590584 264 1725.12017
6.652415721 273 1700.062995
5.835766924 245 1734.298568
5.038607769 295 1732.221867
5.370667811 296 1729.476813
5.344286044 275 1720.847705
5.866032869 272 1748.468081
6.482121298 257 1710.477051
6.285241006 263 1700.083903
5.971877592 290 1718.734729
5.263150114 293 1736.474061
5.923180983 271 1752.148746
6.049470354 290 1712.401628
5.936621705 282 1711.467216
5.771416198 294 1722.693356
5.548382448 283 1739.227654
5.651247175 290 1695.224975
6.029577845 280 1728.163198
5.457522548 292 1719.680529
5.28187877 285 1752.01471
5.610677177 279 1714.951367
6.490005255 287 1700.84742
6.209233696 276 1724.823259
6.013033327 292 1702.525875
5.887145798 266 1728.096954
6.315148779 252 1709.020036
5.705085253 279 1746.302442
5.910466944 259 1734.451243
6.93171179 246 1717.04927
6.303567905 264 1706.411337
4.760941395 302 1702.295957
5.632484364 298 1697.891629
5.973684709 279 1716.265591
5.08842037 286 1751.124586
6.157914032 274 1706.549154
5.44580722 275 1704.723237
5.813076566 269 1732.547249
6.224656477 287 1719.019428
5.628529746 279 1702.437353
6.123264887 282 1718.252731
5.906185789 287 1744.453541
6.285777653 260 1734.106577
5.347642282 306 1748.557506
6.244684351 272 1743.607119
6.49163292 263 1700.637257
5.723654831 301 1738.231078
5.166793323 316 1735.373151
6.152917042 256 1695.473052
5.480920392 298 1726.468622
6.741514021 239 1707.691883
6.250316668 262 1706.150262
5.841303819 285 1711.683636
5.042552391 307 1717.230994
6.337963668 272 1706.577959
5.738013658 272 1741.786437
5.812502439 274 1750.124762
4.685160232 277 1718.06304
5.663070085 262 1703.182312
5.595974408 287 1697.32467
5.148433939 264 1717.384161
6.575229245 255 1706.461825
5.163599229 283 1752.484907
5.553099652 301 1729.050865
6.038279429 290 1695.384556
5.548732575 261 1725.033091
5.42846386 272 1745.359101
6.023027333 280 1736.569022
6.005639816 248 1730.794135
5.527333563 291 1748.145217
5.735467053 274 1692.993208
6.499453016 284 1689.156571
6.602083744 268 1727.686338
5.166885375 292 1742.666505
6.424432301 260 1717.243803
6.544238584 245 1705.453926
5.624585719 283 1742.437937
5.71166366 267 1693.013072
5.634815926 287 1733.359822
6.321125882 280 1689.034174
5.877435834 283 1712.79819
6.690692812 273 1690.900952
5.960665369 270 1715.324313
6.363704545 277 1709.23157
6.223292968 267 1716.514019
6.267287037 256 1703.918258
6.059395904 284 1690.064033
5.335556718 287 1702.125159
6.72157302 232 1720.871029
5.556806221 278 1716.50209
5.428054101 266 1724.801263
6.064873664 268 1751.052709
5.230076671 297 1740.824845
6.671362268 247 1697.706915
5.301930725 287 1723.275287
5.997386499 257 1729.033929
5.867575655 279 1744.430291
7.17499462 246 1734.329486
5.955653046 291 1723.634612
6.334627749 272 1701.508836
5.953477856 269 1742.818609
5.248066221 286 1721.338045
5.586975449 284 1715.885449
5.405071978 267 1705.856039
4.94074471 303 1736.140603
5.763853151 269 1747.544484
6.901926914 264 1714.69443
5.370370959 277 1732.300638
5.215740691 304 1732.373388
5.261895197 285 1695.672041
5.735016705 257 1688.76849
5.413813983 278 1691.626105
6.097945914 280 1694.663353
5.611087609 296 1735.247885
6.064525913 294 1709.291973
5.193245478 290 1732.685737
6.535582756 261 1721.159519
5.288898404 280 1709.470002
4.979624628 315 1716.046286
5.444882142 276 1704.968085
6.965947588 255 1708.375737
5.412414634 290 1731.327441
5.904467391 270 1725.609407
6.09062309 264 1741.09955
6.019034737 273 1706.5207
5.773406882 262 1744.616986
5.836000382 267 1689.457364
5.911655939 287 1693.912261
6.325956078 278 1708.564282
6.365044203 263 1738.366537
5.762685881 279 1734.136401
5.397887002 283 1696.728788
7.006528295 259 1707.072952
6.075608458 276 1707.936188
5.472570605 283 1717.386378
4.727331324 305 1736.400226
5.473983617 283 1725.716659
6.232461402 272 1696.294917
6.402318318 268 1692.854011
6.226165108 259 1711.917382
6.791108402 257 1692.896447
5.471978766 300 1702.178425
5.208194787 279 1702.101584
6.551268327 276 1707.880962
5.585766308 271 1707.794993
5.703837661 283 1737.131602
5.593047286 271 1721.165312
6.002886186 279 1742.59179
6.492617672 262 1698.734466
5.891845512 264 1727.747605
6.155503612 267 1708.505168
5.612303545 258 1697.393358
6.215274422 279 1701.161532
5.997843163 263 1692.70428
5.231349902 292 1689.707911
5.202299759 280 1712.214324
5.512455207 300 1698.021233
5.46386808 285 1700.579136
5.672352756 289 1709.431014
6.284306613 260 1690.551449
6.427134387 268 1698.026953
5.735882809 296 1752.414223
5.390386163 292 1722.595967
6.016642504 281 1707.026796
6.295431371 276 1707.720466
6.160581285 250 1711.942972
5.480253881 279 1728.051505
6.668423318 258 1733.764567
6.22076488 274 1751.114023
6.809719372 233 1726.180687
5.567966656 279 1715.736855
5.629765831 279 1751.234684
5.594893029 277 1738.873835
5.346440573 296 1726.831941
6.292633506 264 1713.904563
6.022930091 272 1747.700073
5.495713855 280 1736.214737
5.58084952 263 1726.142578
5.874538484 290 1697.747615
5.698744332 281 1704.242349
5.351659972 281 1734.207726
6.275377299 245 1712.659218
5.908791518 277 1712.324802
5.796997871 289 1749.106575
4.951981551 309 1715.91728
5.890449329 253 1738.022578
6.655253759 264 1701.814523
5.496437648 288 1753.591717
5.161850186 273 1719.936102
5.52552786 274 1720.443476
5.88603697 270 1708.647329
6.415760442 265 1692.683925
5.431324833 285 1703.669321
5.410323685 275 1697.616242
6.144764917 269 1737.653931
5.719452993 283 1706.437298
6.142474085 260 1724.478936
5.685854997 283 1690.17259
5.436948427 264 1733.553026
5.339551368 285 1728.431273
5.849589708 286 1740.986797
6.008004177 264 1717.566888
6.895704586 259 1700.405112
5.982746057 271 1735.563614
6.029633674 280 1734.309868
6.590957418 264 1720.698807
5.391197889 283 1715.780488
6.407808612 274 1702.269612
5.962811542 282 1729.079869
6.309515383 258 1735.534457
5.177330334 297 1711.765973
5.428747447 292 1709.253668
5.976476891 270 1734.919823
6.356036301 268 1710.069056
5.944683776 261 1692.783345
5.925940611 263 1717.515075
5.466887892 284 1718.313994
5.833188436 265 1712.683094
5.207288956 291 1714.055034
5.606579334 283 1702.353438
5.897491786 309 1727.514588
6.270144826 280 1745.354859
5.001073484 300 1709.528386
5.019335597 304 1717.449926
5.429186049 317 1720.789216
5.877119464 271 1730.407564
6.103949935 284 1726.868956
5.986593456 295 1727.33551
5.597089973 302 1717.034308
5.864428109 289 1742.529391
6.666095379 257 1719.458662
5.348668238 302 1740.213199
5.39369046 289 1692.936773
6.207638098 301 1730.259782
6.048293447 275 1730.085246
6.14919145 271 1743.100368
6.058080248 271 1707.654463
5.123987976 317 1742.578873
6.47838103 252 1716.707589
6.588885742 276 1696.96324
6.055210348 269 1689.394791
6.402483543 256 1727.946914
5.504417023 298 1724.800034
6.239613916 254 1688.198142
6.155207183 262 1692.155396
6.171112168 284 1693.285552
6.766508623 256 1718.736945
6.002203542 270 1726.046492
5.238936648 303 1731.931388
5.207357804 312 1738.039212
5.52571116 278 1750.917844
6.021342967 269 1749.776776
5.96321229 288 1738.587799
6.402441995 259 1728.273408
5.750876747 292 1726.28198
5.443424318 274 1741.851216
4.90491605 289 1729.476289
6.522149379 280 1749.587
6.242837059 263 1720.41244
5.902130995 281 1744.572955
5.502365851 300 1693.45113
5.536551019 288 1692.594634
6.513136278 254 1691.603359
6.32586785 276 1739.521138
6.215332219 265 1698.745477
6.19055853 261 1744.169906
4.962670987 282 1695.924151
5.680656045 277 1698.351557
5.515471528 278 1710.451625
5.752965985 247 1723.939449
5.783768026 289 1726.262925
6.147704658 256 1688.172953
5.640779323 272 1691.055818
5.639944969 310 1715.435524
6.258150573 267 1717.81183
6.05451041 253 1732.061334
5.842985782 262 1700.613777
5.528437392 288 1720.715532
5.695455018 256 1709.161985
6.659952476 272 1737.294411
6.258065973 282 1732.462466
6.150669831 277 1734.130717
6.287648028 281 1730.685535
5.008686377 291 1726.793667
5.943855994 266 1692.158636
6.14695396 269 1721.121143
5.706510562 255 1701.37572
5.424998761 269 1701.552706
4.574504437 314 1749.713196
6.49862518 251 1707.815908
6.502513166 278 1705.64935
5.595533488 276 1705.416951
5.184574471 298 1713.900252
5.806529583 247 1710.577696
5.58953533 284 1739.960187
5.75150418 283 1736.4311
6.144037548 273 1702.791157
6.485647251 279 1746.34064
5.349947329 290 1739.831445
5.235036894 288 1690.83624
5.158144257 277 1724.896283
6.17083093 254 1736.652435
5.308425238 289 1734.156556
5.896131433 283 1690.853785
6.053838437 283 1728.618009
5.788662755 275 1738.859922
5.349117105 293 1752.031464
5.451110779 293 1723.255888
5.972687773 245 1723.051617
6.370138486 251 1747.619446
5.837253642 277 1747.955225
5.692771347 300 1731.964443
5.626191665 269 1715.452552
6.464676386 267 1708.117793
4.685784479 302 1715.414306
5.706473635 265 1712.945527
5.636416685 275 1742.078844
6.402960098 280 1713.666534
6.118846887 254 1731.434434
5.837800771 267 1749.019247
5.774412862 273 1715.65966
5.318515791 284 1717.790505
5.387417259 291 1725.7255
6.651280623 262 1712.784835
5.337295876 293 1720.976531
6.336315651 267 1695.613476
5.251733727 291 1705.446079
5.037470762 274 1701.338492
5.380265939 278 1712.440905
5.779415586 287 1688.907402
5.268699618 279 1751.767709
5.064013495 293 1715.893776
6.207884079 267 1689.202934
5.86068423 277 1713.98263
5.711781959 277 1754.058086
4.772428966 302 1734.041838
6.365577856 262 1741.330648
5.656946254 295 1749.486399
4.392674254 300 1746.906228
6.466236015 251 1729.158996
6.129074173 275 1710.886313
5.922536622 277 1694.790634
5.722540338 291 1723.966162
6.064775484 259 1729.98098
5.150230204 278 1728.493666
5.977155154 278 1751.873063
5.019201579 285 1703.012016
5.545588907 300 1744.469466
6.108099977 271 1696.260982
5.981751156 273 1738.1575
5.303679121 321 1717.772658
6.138964442 263 1749.522063
5.693821481 276 1754.193378
5.973879348 270 1695.744051
5.620988102 282 1702.049906
6.389251628 271 1745.001307
5.990606294 282 1718.304222
5.946044808 294 1709.948954
6.293177906 265 1695.102853
6.110539918 280 1699.832147
5.864479208 280 1716.458951
6.28672436 241 1717.305533
5.668229993 266 1709.436443
5.818733052 276 1714.558619
6.474050748 241 1710.610366
5.624602776 300 1720.450697
6.025609751 266 1701.670699
5.866770273 279 1704.202286
6.28233632 265 1696.349145
6.096899542 282 1729.951323
5.653424708 269 1694.390875
5.927741119 263 1710.67668
5.419794389 269 1716.869388
5.774544703 270 1706.690764
6.09281835 262 1713.325735
5.733006801 290 1741.183872
4.928115038 277 1753.63682
5.847891145 281 1709.137158
5.982224362 254 1702.798255
5.302694862 288 1739.355471
6.151767621 266 1690.185121
5.835253 286 1728.926116
5.822851604 278 1706.866726
5.436525668 298 1691.248832
5.700955814 268 1747.417262
6.359849931 269 1710.509593
6.377987303 278 1725.563753
6.144486001 270 1688.72577
6.55653918 256 1692.128741
5.369936818 291 1715.201078
5.777859589 272 1724.716826
6.315047187 261 1708.244051
5.157781406 292 1689.647723
5.032166146 292 1710.088084
5.765755205 290 1708.630119
5.701015017 280 1699.027226
5.826876823 284 1703.641401
5.466916109 282 1743.181017
5.598875094 313 1719.574701
5.269882759 299 1723.035785
5.773044006 268 1726.274667
5.674998543 278 1732.4488
6.118568577 276 1743.733107
5.482300334 288 1722.320577
6.040197816 281 1726.730021
6.313708082 277 1715.873486
4.924537318 312 1744.800973
5.390219728 281 1710.708698
5.976568864 286 1737.836381
6.141369545 269 1725.898537
5.907637054 277 1753.415515
5.83392278 302 1741.20332
5.948582867 277 1745.751119
6.117300882 278 1693.973192
5.187883739 291 1726.092676
5.563256092 288 1706.846495
5.568074516 285 1720.198282
6.332863016 241 1724.715424
5.199147121 296 1743.473238
5.472208491 285 1748.501538
4.764709167 312 1735.665038
4.855891612 283 1691.688739
5.869716757 263 1715.225924
5.977111002 263 1701.45321
6.540395042 278 1703.146924
4.87224062 293 1699.809916
6.320820606 254 1723.626728
5.404400556 283 1744.891753
5.985177806 264 1718.360416
5.780153769 292 1729.921075
6.334515409 273 1731.685326
5.537995741 321 1722.669629
5.773679982 274 1722.334064
5.849584555 260 1712.020526
5.331689256 296 1699.2778
6.006319942 256 1728.825162
6.183290808 268 1733.121223
5.896105275 278 1698.210927
5.653017856 277 1724.757679
5.827354797 275 1728.857026
5.190723933 301 1753.455715
5.858851777 268 1708.026451
5.57769235 299 1705.419195
6.05878188 254 1698.385432
4.93971807 295 1712.749321
6.024504356 275 1724.008728
5.614566683 288 1741.50472
6.234641935 241 1712.816648
6.268951748 262 1740.753967
6.252347918 268 1736.903108
5.953235382 264 1715.860306
6.091080042 258 1707.127473
6.271653924 279 1741.96325
6.049816852 267 1738.252741
5.885164516 279 1732.993755
6.009194578 271 1706.7063
5.781922112 290 1714.298621
5.803973607 274 1702.374757
5.418944239 272 1705.102769
6.241561784 254 1723.763369
5.425639863 287 1688.673268
6.405694054 278 1718.229212
5.769888158 280 1738.656276
5.75148068 280 1710.279807
6.310944584 248 1731.981762
6.104655974 251 1752.145327
4.691363521 323 1736.515571
4.754409379 280 1715.869575
5.771067761 258 1748.08049
6.674193579 268 1707.786945
6.116965487 265 1702.305762
5.852287772 298 1719.277546
5.808420053 262 1702.942679
5.928564899 288 1748.940907
5.507650449 290 1724.438675
5.786529573 258 1710.664177
5.496924054 279 1707.697396
5.837572786 282 1692.444003
5.896027155 269 1750.574711
5.751405261 291 1706.006155
5.838743339 260 1737.295231
5.391958242 288 1711.956323
5.740975988 278 1699.718833
5.294842882 302 1752.984019
5.374865768 292 1741.087061
5.955178035 265 1734.094566
5.765786246 283 1720.674819
6.55689511 234 1689.23565
5.491794255 284 1724.06933
5.921874366 280 1717.350563
5.890238379 288 1731.772348
5.864023069 271 1709.723238
6.244155236 267 1733.918987
5.613242171 284 1732.55969
5.515976697 279 1693.103507
6.464751115 265 1696.332389
6.006919263 277 1698.392632
6.288735943 252 1697.61813
5.405857625 304 1712.107107
5.35049201 290 1723.772057
5.914085944 274 1734.540024
5.615451281 285 1744.235219
5.570903963 271 1713.492449
6.860440523 279 1692.123784
6.555298203 277 1746.487153
5.721084043 283 1743.375578
5.570566283 281 1734.208293
5.48537368 282 1717.964705
5.5647831 276 1722.92112
5.973373403 277 1741.649627
5.904613169 287 1720.936086
5.606267732 281 1725.274918
6.12818095 275 1697.563237
6.755387775 269 1693.432848
5.207680133 301 1749.464243
5.843712274 292 1705.537269
5.793694419 286 1712.820986
5.66815742 271 1751.815817
6.467656871 258 1745.09695
5.987089429 288 1740.168846
5.099667645 295 1745.134589
5.920202929 281 1730.192548
5.905269586 280 1691.095231
5.877671593 288 1736.999686
5.644463982 286 1717.588944
5.522003886 269 1733.50058
5.923755618 295 1713.45912
5.816032606 289 1699.230118
5.80142312 275 1714.067048
5.406470566 285 1723.597687
5.975934877 275 1707.520977
5.460655749 279 1748.656862
5.597819355 274 1739.566862
5.479323787 275 1735.272091
6.213441228 256 1744.571565
6.521173542 251 1720.174153
5.359927408 299 1750.476825
4.861442902 293 1711.035056
5.362856443 275 1719.617854
5.825593961 283 1723.761479
6.689001462 269 1704.917674
5.447394177 293 1702.154629
6.184783325 269 1708.332917
5.132033334 305 1724.414818
5.835861904 279 1731.946076
5.489180623 282 1729.636803
6.390155195 283 1737.866868
5.864471113 278 1723.777095
6.459641447 267 1705.906015
5.758350802 274 1710.958487
5.939451326 278 1722.632423
6.024176939 260 1742.734096
5.64381563 290 1747.059228
4.314683697 303 1732.78643
6.719226593 255 1703.097882
6.088023403 274 1738.03493
6.27605174 268 1692.606693
5.965289667 271 1737.867765
5.774703914 265 1719.676848
5.512880648 288 1732.70889
6.367195233 263 1717.010626
5.515292177 291 1690.42415
4.864595132 294 1716.827294
6.842734764 253 1698.867433
6.040424573 266 1735.246059
6.079848803 256 1714.814615
6.322517652 272 1699.990482
5.628800583 285 1729.276114
5.977030571 286 1727.12695
6.54345815 260 1739.340097
5.989873769 282 1743.2806
5.622442246 295 1725.562219
6.057637702 261 1718.310099
5.56425312 293 1727.247387
6.719476876 247 1717.510927
5.467250598 283 1725.13508
5.859790514 285 1735.093781
5.888054356 280 1730.563044
6.067142865 268 1710.854096
5.705058251 279 1717.942668
5.729192738 291 1735.601018
6.538812966 259 1696.895503
5.741228727 278 1723.097761
6.402302352 261 1691.527906
6.623171427 258 1726.326722
5.245243392 283 1694.446163
5.277303327 291 1736.071199
5.67111356 277 1701.827101
5.958938658 264 1731.72608
5.967591633 291 1690.88706
6.668260817 251 1741.048009
6.115693377 284 1721.168129
6.190110949 260 1740.44835
5.97308205 279 1696.870466
5.8042224 277 1715.214248
5.856661477 277 1728.135445
5.941743875 265 1692.08453
5.590096096 270 1687.900878
5.939164278 269 1703.377631
5.494781527 276 1689.701575
5.394030348 301 1697.870855
5.741756158 290 1749.995085
5.578588918 292 1752.21482
5.587910107 280 1745.167973
4.874468505 306 1711.297216
6.247027664 260 1704.237414
5.26144381 296 1725.883908
5.806986844 268 1717.592441
5.726975748 263 1744.678581
6.454179268 250 1738.025652
6.388573453 259 1726.994665
5.427050359 267 1735.577001
5.826341189 281 1726.077696
5.990461494 289 1724.924018
7.061420771 257 1717.98014
5.991292483 268 1731.96973
6.131224123 273 1751.086806
4.821387258 295 1731.222528
5.83616845 261 1708.557766
6.266548748 259 1702.52447
5.305969112 290 1734.038619
6.51026866 244 1706.094629
5.578056515 294 1717.703765
6.175661629 254 1751.050679
5.973965603 289 1719.822918
5.958820418 273 1692.94941
5.386936248 280 1714.250098
6.571913263 262 1704.136181
5.757617567 276 1735.916636
6.428634822 267 1748.01697
5.69937764 287 1722.447834
5.91695118 279 1731.774243
5.826690501 272 1697.933732
5.892927075 278 1696.215454
