7.359874672 240 1356.200347
6.951062024 222 1362.516637
7.417449682 229 1363.792439
6.293645771 244 1369.63801
6.200092963 268 1364.052744
7.015258114 233 1353.294146
7.222517388 230 1363.745495
6.917785695 223 1372.436708
6.511375126 233 1355.323957
7.293194362 237 1341.392602
6.937937868 236 1369.15781
7.103541536 234 1366.45708
7.518980439 239 1345.891013
7.099613153 222 1337.810771
7.008841589 220 1356.894136
6.746599063 252 1382.00461
7.490332958 223 1338.262709
6.69112913 257 1385.348965
6.716199658 220 1378.535209
6.739596907 233 1353.771712
6.73679617 272 1347.414973
7.828720001 203 1383.25824
7.263444159 231 1352.347547
6.746250365 219 1364.709837
7.447627843 220 1354.82178
6.573683351 253 1369.046994
6.829985215 223 1372.89212
6.376866289 255 1375.09972
7.335283787 250 1366.904364
8.431752042 224 1360.312165
7.60672217 208 1342.468432
6.027486871 254 1381.364307
6.961889249 233 1352.185199
6.960954998 230 1387.569111
7.419288497 210 1364.984883
7.266063162 239 1343.553867
6.483076873 218 1345.582415
6.826848527 224 1365.432583
6.524427255 224 1383.981734
7.135766264 227 1355.879011
6.549792018 239 1387.411663
7.772683601 207 1341.171148
6.876370004 226 1349.295075
7.24974578 221 1348.476363
7.604572725 206 1357.868684
7.532281531 229 1381.741164
6.872502575 218 1376.663901
7.11024268 229 1351.076102
7.756197738 204 1347.98632
7.189648064 205 1338.188896
7.174617193 237 1354.139106
6.57306812 231 1361.425175
7.487967298 244 1363.845149
6.142736222 240 1363.43949
6.548695667 253 1366.499356
6.793996884 227 1380.945788
7.611863146 212 1346.267029
6.938860213 226 1375.731557
7.021384522 225 1367.165975
6.980070627 227 1343.502495
6.576116874 240 1372.247419
7.10037124 226 1359.790327
7.432114798 232 1380.562571
7.70578978 229 1379.819642
7.295766036 223 1345.530462
6.810902395 235 1382.961123
7.651792316 220 1338.926795
7.207277957 215 1384.127437
6.924808845 228 1385.89502
7.996811281 197 1355.302714
6.953738199 218 1361.813288
7.011782884 224 1382.808596
7.08172762 221 1360.478807
7.462453272 192 1380.905726
6.561249471 265 1365.662222
6.654138627 238 1376.041857
7.23228197 223 1387.169481
6.34450338 249 1387.961381
6.994477109 238 1346.089566
6.465265085 236 1358.10503
6.7810895 205 1378.379065
6.587028395 243 1342.114714
7.245072378 216 1350.405862
7.035946327 225 1355.961798
7.239063115 219 1351.901402
7.771112075 216 1375.149662
6.895624755 209 1339.315522
7.190034095 211 1380.10912
7.165987139 221 1361.398579
6.889048071 225 1351.774226
6.795667632 227 1351.468791
5.653679933 256 1340.723755
7.16193994 242 1342.860859
6.81066221 224 1345.531296
6.298472838 241 1384.395818
6.410828586 237 1350.999498
7.016747349 221 1344.010326
7.629720644 201 1372.89084
6.587228621 227 1372.630229
7.417550723 230 1374.633671
6.602874803 252 1387.501459
7.311344448 228 1344.710162
6.435910244 236 1364.96341
6.254973448 237 1344.19113
6.610050907 226 1380.612413
7.195507711 224 1371.621736
7.191994076 221 1350.12881
6.786154832 249 1344.065464
6.246615014 251 1374.72459
6.111464359 246 1346.615066
7.511071741 235 1349.99522
6.608503453 234 1370.599748
6.686154478 262 1341.097231
7.337328386 215 1373.308025
7.279722178 203 1367.553178
7.747241151 224 1338.772982
7.025164337 219 1369.924399
7.271861949 223 1362.815317
6.375689209 246 1381.613179
6.876951248 237 1349.456555
6.217116836 228 1344.407536
6.578002384 251 1342.172049
6.840341793 219 1381.154404
6.838309279 234 1374.7045
6.57436755 226 1341.94738
7.685513617 201 1366.042462
6.921974506 219 1338.391739
6.993409336 218 1382.33577
7.304813186 212 1376.962897
6.018744109 261 1347.431889
7.601704338 223 1368.664783
6.539770279 242 1383.754459
6.543075082 247 1350.851385
6.721957198 211 1352.702495
7.024378574 236 1339.558327
7.024110351 236 1378.066407
7.79206532 220 1354.729888
7.123477043 214 1344.699719
7.348640925 220 1340.801886
6.868236493 237 1368.737883
7.601359689 208 1355.691982
6.970723319 222 1364.692244
7.247948084 216 1343.891272
6.713458495 255 1369.435339
6.997518705 241 1363.039394
7.984284731 189 1367.924726
6.957359423 218 1344.269527
7.987193331 239 1339.290977
7.112020557 231 1384.909339
7.042465342 226 1375.396213
7.241777467 232 1342.358845
7.008731528 230 1375.650345
6.66886966 262 1383.333189
6.38522995 267 1359.363143
6.471747907 227 1369.040059
6.427739178 233 1385.937974
7.519478914 225 1349.627826
6.39113023 235 1360.247502
7.486101227 209 1374.478664
6.775925955 220 1371.782278
7.37367344 232 1342.611085
6.94826281 217 1369.119606
7.72648612 210 1362.725599
7.804913133 225 1353.590947
6.873408778 229 1365.809462
7.339321256 218 1365.375632
6.21724661 238 1372.856874
7.188245009 223 1373.367986
6.550765927 241 1357.224637
6.808748233 237 1350.552105
6.711887225 224 1341.451264
6.736496518 236 1364.938677
7.138894312 225 1362.047144
7.260718141 223 1346.980347
8.294290832 208 1386.522543
6.392299959 214 1371.894786
7.262735955 250 1367.299857
6.691949283 235 1344.748499
7.50331393 219 1343.381068
6.488816438 262 1345.03634
6.872292887 245 1381.372989
7.303780988 215 1347.443661
7.321498298 210 1377.400952
8.085361992 218 1347.43737
7.42635739 218 1384.285894
6.668964661 252 1356.374077
7.442638719 230 1360.062584
7.852447653 212 1345.049184
6.963234359 261 1383.990111
7.575291281 208 1383.559172
6.434787484 231 1348.986841
6.378290388 221 1347.368178
6.992092456 229 1352.828237
7.025071352 219 1371.749343
7.183632758 223 1386.346613
7.224403325 232 1348.755481
7.227976564 263 1351.370367
7.544988705 211 1363.842537
7.242584233 217 1369.091157
7.147227708 225 1385.465959
6.283800822 251 1343.45682
6.410851955 271 1357.699454
7.789696622 205 1364.400408
6.723491605 237 1365.758898
6.76859092 236 1351.491708
7.002982021 230 1358.022488
6.338060847 230 1382.616401
7.180238546 224 1343.58056
7.330220275 206 1374.488077
7.048141996 225 1370.316878
6.600288222 233 1354.615406
7.058914604 224 1369.901424
6.601007566 226 1375.742627
6.586396954 242 1365.724118
6.980294425 216 1349.527255
6.595528389 225 1385.927694
6.628079008 252 1382.413122
7.636293811 225 1337.048635
7.03121651 223 1375.646276
6.802847378 244 1382.195316
7.894928177 194 1375.63138
6.584083752 214 1376.230986
6.072048873 247 1371.409681
6.896476521 237 1369.681749
6.495859332 249 1337.601065
7.655141366 191 1342.800608
7.246435281 242 1347.761669
6.919066649 230 1339.712019
7.95370508 198 1371.801991
7.540101292 207 1375.864059
7.111255063 223 1363.844787
7.337221656 224 1376.766255
6.808334397 213 1381.34737
7.717436256 209 1342.587507
7.551705849 185 1347.554135
7.470424144 209 1375.038492
6.871427672 226 1373.936226
7.119485275 222 1338.730941
7.321761644 243 1378.862679
7.280792031 222 1344.571485
6.633921219 234 1367.272474
7.556826917 221 1384.454195
7.070747412 208 1339.28786
6.71382068 238 1378.840542
7.081098643 214 1339.065146
7.39265881 228 1352.439353
7.093851442 260 1361.610728
6.672759513 227 1386.233726
7.948215715 200 1363.89882
6.205378695 257 1385.732594
6.286589829 241 1384.296542
6.556293668 237 1383.283044
7.174221163 235 1364.945395
7.011080225 227 1350.153349
7.612501866 215 1352.642947
7.048812799 201 1338.208632
7.834167534 194 1368.790733
7.158483018 230 1387.335427
6.812464832 225 1379.185311
8.06764582 218 1342.000525
6.225900241 236 1374.453838
7.460168141 232 1337.429185
5.87501865 262 1348.540261
6.762638048 246 1339.41359
6.987319622 240 1355.718918
7.349780813 239 1345.738338
7.652039108 206 1374.160173
7.503135312 199 1368.809349
7.623142001 230 1357.762028
7.755028465 201 1386.541058
5.93287953 259 1357.881927
6.936205386 261 1384.654805
6.775443395 240 1385.230862
6.472876399 233 1369.8345
7.019632266 213 1352.563951
7.397884593 223 1356.264872
6.91359566 239 1355.767611
7.049115883 233 1355.099232
7.029871342 239 1382.552111
6.407150042 250 1348.339464
7.002767508 223 1350.879261
7.303363268 221 1345.147863
7.054981765 228 1339.888997
7.096773318 213 1361.753345
7.453717418 227 1344.957684
7.122583477 238 1385.967266
6.394383051 217 1341.204818
7.272223227 202 1343.945348
6.584484557 222 1350.884135
6.208730258 260 1377.343916
6.65543069 216 1342.295997
7.155293834 254 1378.05611
8.1550155 202 1345.634685
6.231331693 261 1358.726581
6.487646293 249 1383.968724
7.585834405 225 1381.5332
7.662542057 214 1361.39888
6.771947755 212 1376.326234
7.410568325 203 1369.916989
6.832023971 237 1364.369041
7.045038517 220 1375.774613
6.053063516 258 1374.28335
6.751917992 227 1337.465315
7.516007573 216 1380.407508
6.708801207 249 1386.425441
7.150335448 221 1352.404405
7.337242272 216 1338.71242
7.290633375 229 1366.412167
6.215613724 251 1342.407991
6.407612397 236 1341.520758
6.987081393 214 1385.685656
7.762644088 213 1372.189358
7.2796272 232 1352.119125
6.318009074 260 1344.180884
7.234544543 229 1346.490198
7.460137801 231 1387.158811
7.031210874 226 1374.654806
6.82349252 238 1377.924197
6.826562376 245 1355.709369
7.265889066 229 1380.241337
6.923613579 244 1343.953688
7.074931202 239 1341.753855
6.69852834 231 1366.061294
6.627503567 237 1350.655998
6.452143669 240 1373.18255
7.581756361 223 1349.237746
7.003057713 231 1375.359356
7.351360041 228 1352.721293
7.270790233 237 1349.511178
6.80852285 233 1341.711726
6.895084079 234 1340.690274
7.514681248 210 1337.870581
6.748742424 252 1357.94094
6.87279885 228 1386.674776
6.960497864 227 1372.45732
7.037542475 228 1362.318792
6.936504729 237 1337.388581
6.682910063 230 1363.350232
7.38857528 236 1387.005094
6.631660442 227 1360.349304
6.652488753 215 1358.820522
7.903304442 208 1343.567117
6.977799114 221 1339.815754
6.684802636 226 1369.070367
7.06559856 210 1372.406318
7.72213166 210 1365.356031
7.346177514 237 1364.686484
7.274606818 235 1340.906483
7.481319779 222 1343.089137
7.616360622 208 1352.878593
7.710727771 217 1375.430839
7.757465681 215 1347.146787
7.131814588 241 1382.269663
7.9557095 225 1373.129826
7.10296326 219 1379.956758
7.358587231 223 1351.502339
6.911073738 224 1373.135355
7.556376706 219 1366.170461
7.117941361 220 1381.675602
6.077051319 283 1351.132534
7.508315187 208 1337.354569
6.705964183 247 1381.255171
6.659683597 249 1377.358436
7.191262446 224 1380.984212
7.107028547 229 1359.387379
6.79302554 233 1370.291489
8.032262602 216 1364.011203
6.291510631 248 1357.281244
6.82006884 227 1376.536266
6.627293635 250 1379.298458
6.903958674 220 1340.22125
7.882255561 225 1341.881988
6.68884036 229 1348.965239
7.626296255 222 1357.607836
6.853537856 237 1374.717314
6.416664214 249 1357.677148
6.683742269 255 1387.930082
7.012113993 235 1357.424063
7.000985011 235 1364.247035
7.512158375 217 1343.975552
7.014088558 231 1360.564611
7.040486989 233 1352.305052
6.73421117 215 1364.14319
6.543300547 230 1379.293132
6.655962762 224 1375.652321
7.231170093 236 1373.226999
7.323891117 238 1380.879278
7.457320474 214 1366.052354
6.904124776 222 1352.939063
7.383689964 222 1365.027589
7.526955643 197 1386.224901
7.045770705 221 1381.256992
7.836389193 207 1350.571723
7.465515053 223 1368.662104
6.856243612 232 1358.157135
6.123934793 233 1380.877988
6.937689235 218 1363.470452
6.988907625 228 1345.979404
5.985289832 236 1378.145189
6.824323611 233 1346.203203
7.215160841 204 1381.538544
7.965414931 199 1372.119948
7.074312002 217 1351.146219
6.866623691 224 1385.215835
6.836142447 230 1370.601534
6.900524778 225 1370.287746
7.083763808 232 1375.198013
6.933809467 229 1339.34028
7.37192945 222 1341.127945
6.489529777 234 1353.644089
7.084381635 216 1356.346514
6.485380302 206 1360.097552
7.332189593 213 1352.110965
6.460558012 242 1362.725768
6.497441488 248 1359.597578
8.156392286 208 1386.998788
7.317683079 210 1348.41986
6.529991675 241 1372.893123
6.694065804 245 1367.128176
6.527506318 226 1386.701087
7.199091477 247 1359.039251
6.696752684 230 1373.949395
7.669857205 227 1367.108735
6.490035194 242 1372.390524
6.995558441 234 1356.313406
6.649184871 238 1382.930988
6.11219123 235 1361.1296
7.091897138 209 1375.472411
7.69468818 215 1357.937872
6.770704415 239 1339.685115
7.09681941 214 1352.698502
7.763766946 219 1342.086994
6.747633969 223 1379.500512
6.878878187 231 1379.124608
6.784083979 259 1362.114492
6.865265063 215 1344.265125
7.431581599 222 1344.461332
7.199351027 229 1344.629401
6.833930869 214 1388.069178
6.799700028 229 1351.23076
6.960258712 223 1385.701025
6.927535164 252 1366.054183
6.924301811 236 1376.012102
6.506245264 246 1339.202161
7.45182369 227 1338.834752
7.124033923 237 1372.217752
7.182754245 224 1368.935263
6.426043998 245 1385.42662
7.536518918 216 1342.792124
7.161660566 223 1378.785718
7.440233876 222 1365.89566
6.522086717 258 1385.59577
7.838256097 202 1355.854759
6.963171928 238 1377.319755
6.329766507 232 1375.772108
7.978496493 207 1386.633599
6.01569701 257 1387.936625
6.919511359 233 1352.371568
6.600587119 245 1362.046296
6.554152588 216 1351.568416
6.849248691 217 1339.517182
6.336748271 251 1383.502416
6.255183587 236 1346.584999
7.241867578 239 1341.508586
6.65870564 239 1372.725885
6.060962084 252 1346.08793
6.662486125 242 1351.674419
6.816543275 243 1372.921173
6.526174467 242 1340.263624
7.152019878 214 1350.046423
7.336083778 216 1355.306091
6.563557979 248 1373.423701
6.754039489 218 1381.180872
7.23974157 230 1387.530074
7.326438577 232 1369.264011
5.945740532 248 1356.172513
7.069013816 220 1384.869174
6.216410171 241 1383.539322
6.833005743 214 1372.646083
7.272364223 245 1366.675677
7.090500067 236 1348.680519
7.598050068 219 1382.790243
7.76090564 228 1339.121384
6.939479638 223 1341.366788
6.704803258 201 1341.356178
7.361412747 215 1365.871707
6.732374091 235 1380.610963
6.257632755 233 1355.883212
7.135101912 252 1376.122363
7.0272921 230 1383.54171
7.168273827 220 1380.356029
6.53576727 255 1357.124612
6.78098293 252 1356.689196
6.727229829 231 1356.273419
6.812086803 218 1369.832459
7.137626923 221 1377.645522
7.147312002 233 1376.741784
6.645350519 233 1339.104288
7.029914798 223 1363.125441
7.204993146 220 1361.607237
6.645133501 229 1342.371442
6.324212207 226 1388.139149
6.996758635 201 1348.306983
7.138891436 245 1348.812604
6.545379896 240 1369.957836
7.046542919 211 1368.46387
7.064503794 226 1344.03857
7.048129729 223 1358.296977
6.283953319 232 1367.279724
6.24991595 231 1368.8877
6.900641409 251 1349.954774
7.558741977 235 1347.37387
6.477209823 252 1350.585594
6.868848154 227 1357.39806
6.991336603 222 1352.348337
7.252360837 231 1352.5148
6.238220819 265 1359.362888
7.674664466 206 1376.58032
7.135281542 234 1354.004587
7.104972828 216 1367.230897
7.519543861 223 1356.015638
6.972189629 206 1353.556756
7.483530485 217 1360.508065
6.687118061 230 1383.239226
7.486191838 208 1348.242688
7.556673445 225 1353.557281
7.006362746 243 1339.199564
6.853179907 237 1354.837503
7.868755652 202 1338.376551
6.873767324 216 1380.022545
7.177781635 231 1353.869344
6.447694677 251 1362.329631
6.473208007 226 1341.583475
6.899001072 241 1370.327805
6.662341258 246 1375.328588
7.028508462 236 1347.847299
7.165141508 218 1373.806554
6.972096136 222 1350.913579
7.463767327 218 1338.68249
6.550628291 236 1380.757288
7.08156754 221 1374.96729
7.175778018 221 1344.235748
6.409760823 234 1362.528897
7.003866718 225 1352.650099
6.876017528 225 1352.42638
6.581786127 215 1340.264325
7.351842568 226 1341.156943
7.156427722 220 1377.113797
6.868679389 225 1374.751346
6.927250844 246 1359.700994
7.448889535 197 1342.867548
7.12712445 247 1341.418712
6.400954064 250 1358.506212
7.222898164 232 1362.635253
7.053931331 217 1376.991547
7.377864144 211 1355.836785
7.43362927 216 1371.917856
6.804553173 229 1374.661846
6.52442127 234 1385.269015
5.977141051 269 1362.32938
6.774481108 231 1386.990243
6.845367845 237 1344.449375
7.073405851 243 1378.102681
6.895606942 248 1361.50148
7.169752966 229 1337.2396
7.102077357 224 1350.024304
7.97067624 225 1341.017738
6.3363038 220 1342.967276
6.872218134 234 1353.111129
7.814217364 216 1338.000119
7.01169803 222 1372.357013
7.311184954 205 1352.229095
7.621634684 207 1371.515045
7.876718757 221 1380.692523
7.017519532 228 1345.007802
7.313148801 214 1388.042636
7.892341082 204 1354.727028
6.296524045 228 1355.266416
7.522337125 198 1364.575024
7.163124971 231 1348.784764
7.099241517 222 1354.526827
6.879320715 233 1342.852724
7.495508205 193 1353.703043
7.128882209 232 1340.145339
6.91567388 231 1359.588801
6.630252136 213 1353.314781
6.910777165 228 1380.231453
7.126890978 231 1376.286591
6.847254061 231 1347.630737
6.438994204 256 1348.798907
7.034204088 249 1359.153903
6.809307241 233 1341.938624
7.249705697 221 1346.211178
7.243437902 239 1358.629941
6.915818424 218 1353.595486
6.155110671 229 1375.737267
6.192385043 242 1364.810042
7.387603869 238 1380.800141
6.481769475 242 1384.276308
6.930149075 226 1362.022617
6.139706213 230 1386.813295
7.564331163 237 1383.739425
7.215545656 233 1383.811987
6.148243826 223 1381.502499
7.505812548 216 1359.685461
6.303568571 237 1385.445934
6.431198879 247 1342.905077
6.824950376 235 1377.053233
6.703578364 213 1364.286921
7.367539723 227 1385.078154
7.244360037 207 1373.856101
7.347489822 233 1354.887663
6.792532964 244 1366.750761
7.433692053 203 1351.174477
6.656155338 235 1374.481284
6.600891333 240 1360.672503
6.611953207 246 1385.76011
6.838159976 231 1373.576768
6.760690342 217 1368.23897
6.989155648 224 1364.425543
6.661809946 230 1371.485096
6.620594377 261 1382.44215
7.441672419 216 1351.233813
7.115573534 248 1379.602227
7.414229634 231 1355.999693
6.898827193 243 1385.093119
6.310343971 238 1338.088985
6.780305318 227 1363.306171
6.890280428 223 1369.74137
7.466776051 224 1350.592082
7.648931751 221 1367.690235
7.145773454 234 1370.66888
7.267650295 228 1386.149731
7.504950335 206 1348.526168
6.151124991 245 1360.833767
7.372381272 220 1376.578329
7.862502954 214 1345.095654
6.754763516 225 1370.626432
6.920130069 245 1357.147907
7.005968923 227 1382.082385
7.020862042 243 1344.228345
6.543863838 220 1378.171569
6.897698271 238 1353.446924
7.260944191 239 1368.042103
7.458911974 222 1339.123241
6.577556498 239 1385.597733
7.289160341 225 1344.075785
6.948046632 238 1379.442151
6.810868689 219 1373.148504
6.881376629 224 1337.973059
6.502144481 237 1355.906983
7.328863 222 1355.966291
7.013434641 204 1377.67883
7.209232604 228 1385.062067
6.837780596 233 1342.085195
7.337851877 212 1338.696226
6.723392409 226 1370.646652
6.250290657 245 1368.700684
7.556320038 213 1382.024849
6.831477063 223 1351.778953
6.570586949 252 1374.877938
6.659234204 246 1338.392337
7.852012457 231 1359.077802
6.822118535 224 1360.167916
7.578511776 221 1354.851331
8.210086143 190 1351.721162
6.533458108 228 1372.252774
6.789499401 237 1374.024592
7.093456787 223 1357.153277
6.355216953 250 1372.051052
7.651405388 212 1352.21372
7.856399684 205 1351.172787
6.698414021 232 1384.824841
7.224063071 240 1366.539065
6.510973498 227 1386.398627
6.796049624 238 1373.967361
6.480772327 234 1373.650422
7.171821067 223 1364.018659
6.830145482 239 1385.620642
7.15586894 255 1383.969305
6.167020626 254 1351.526512
6.630030247 246 1375.976744
6.833529279 204 1347.072511
7.267360522 209 1346.636829
6.772788462 242 1383.359721
6.576055925 238 1368.397697
6.65959094 253 1380.343978
6.708631798 234 1371.81514
6.628075426 248 1361.726267
7.183288339 231 1342.546624
6.26354224 241 1346.881574
6.793400017 213 1370.331772
7.972250484 225 1358.55693
6.820571086 238 1382.356413
6.935894055 211 1348.829682
7.061821368 231 1360.073204
8.027559802 213 1361.636573
6.772336634 253 1348.236821
6.932229125 243 1374.618998
7.667546581 209 1345.463761
7.361909989 230 1372.488465
5.980324306 224 1367.568316
7.778441398 203 1373.682851
7.340093326 206 1346.589933
6.8106909 238 1361.007988
7.17290124 221 1386.578459
7.728055145 219 1365.227311
6.780317172 237 1351.395556
6.122692471 246 1356.769731
6.760512544 232 1369.578027
6.766593205 243 1381.558216
6.670145773 230 1379.581905
6.559229704 241 1342.306661
6.818498485 253 1358.252165
7.449535288 225 1386.153442
6.83757316 218 1363.024584
7.095134015 247 1362.597234
6.473888928 237 1352.222077
6.47320829 215 1347.150638
7.627674284 213 1378.390661
8.036439482 213 1383.413998
7.373212772 227 1344.704663
7.312277697 222 1380.622658
7.685537864 203 1340.542122
6.845041633 228 1354.068043
6.554058788 242 1370.896241
7.515210297 217 1339.657757
6.560372281 240 1357.170191
6.69399318 237 1385.658191
5.912870322 260 1377.148649
7.559693713 230 1381.802609
6.949745506 237 1343.959164
7.696587176 221 1344.762278
6.754288424 218 1364.398108
6.555173577 255 1359.945325
7.111887378 209 1360.612134
7.23437589 234 1358.787811
7.552666672 205 1344.676933
6.943919755 225 1352.7535
6.82921992 225 1340.005161
6.711480639 227 1364.600169
5.903956982 253 1376.52197
6.972945286 222 1364.812949
7.729238864 209 1337.705112
7.234422084 224 1364.784228
6.146453559 257 1371.23324
6.95179864 229 1341.9435
7.524953084 212 1342.549958
7.189532984 245 1344.653874
6.995935022 234 1378.134573
5.947780184 248 1374.288947
6.648724976 220 1343.726017
6.747044329 230 1339.413504
6.48346883 245 1349.310783
6.737058839 233 1352.410152
6.471759871 249 1361.542228
7.139923549 227 1379.194975
6.128051631 239 1375.435898
7.471258084 219 1370.30242
6.615781247 241 1384.29383
6.774627123 254 1363.17975
7.20808708 219 1347.295037
7.32133634 247 1384.500014
7.245315143 236 1369.339628
6.534944021 249 1371.23601
7.735584248 212 1362.376873
6.7572938 219 1380.059267
6.432864 237 1365.943125
7.408149094 211 1343.966605
6.90321648 226 1340.902361
6.758320261 231 1354.883763
6.738629687 231 1340.405776
7.956190977 216 1343.442877
6.659266941 220 1344.581174
7.263746528 221 1383.732455
6.958459655 221 1345.461015
6.911386681 220 1343.968023
6.723531594 245 1341.608447
6.492817435 233 1364.002096
6.549114772 240 1349.347115
6.807354198 223 1337.428738
6.784796279 234 1339.965267
5.876902841 239 1344.04418
7.035104043 223 1355.281891
6.412636087 245 1361.784139
6.887891957 253 1363.135183
6.039905473 272 1384.82621
6.777778728 236 1351.414816
7.39773859 228 1357.116186
7.201349659 216 1384.728311
7.377667109 211 1369.919452
6.859053267 213 1355.650398
7.368539362 208 1375.048304
7.529259344 234 1354.492502
7.324480613 204 1355.719566
6.921990315 213 1346.162835
6.918053533 222 1355.142717
5.886707684 273 1384.112936
7.451309457 223 1352.057595
6.866985853 243 1376.794242
6.530242954 231 1344.259159
7.607486668 200 1383.002205
7.369850373 249 1384.481011
7.62469771 207 1354.025636
6.761301832 232 1358.369226
7.499854312 233 1356.623138
7.387277246 234 1355.912503
6.77074325 226 1373.503916
6.187782045 265 1338.877549
7.396157006 210 1380.806858
7.723587894 215 1359.205636
6.789758142 233 1387.171618
6.348948275 258 1374.057497
7.065813014 212 1356.235548
6.321919621 234 1366.956588
6.674311695 239 1351.267687
6.598962243 238 1366.146499
6.889738734 219 1344.740669
6.502056682 248 1372.009226
6.543098053 234 1376.660682
6.53245034 227 1372.782827
7.266338955 218 1367.698651
6.487283527 213 1371.766399
7.710083529 219 1347.121217
7.344595888 231 1358.002223
7.417121251 233 1376.319051
6.728167554 240 1341.688301
7.177662904 211 1341.097788
6.413538692 246 1354.241579
5.966220062 251 1364.247232
7.05538532 219 1386.648214
7.479187585 226 1353.949196
7.05226187 221 1355.513205
6.636955871 254 1366.734067
7.205011976 206 1341.853483
6.946943024 227 1384.357982
6.907920507 223 1359.244685
7.37528192 241 1382.474668
7.555411622 196 1381.090746
6.983253387 237 1354.930166
7.095393718 233 1368.510699
6.701310344 238 1346.993082
7.104611477 218 1386.691965
7.785205554 227 1361.102193
7.67928729 211 1365.707003
6.253109972 233 1377.042864
7.580062192 211 1347.683549
6.389969706 224 1374.623144
6.782934785 235 1360.63942
7.673312674 220 1350.624831
7.796523546 199 1366.540838
7.472154951 230 1373.281564
6.528486167 239 1373.345445
6.930181135 216 1352.288864
7.639821601 209 1376.575524
6.893559273 246 1366.820274
6.574567979 224 1375.410314
7.422086476 245 1344.121735
6.8257218 228 1346.421891
6.831265156 239 1385.233061
7.28116293 226 1368.285528
7.471148697 201 1363.148149
7.177485905 225 1355.212179
8.210400249 195 1340.882384
7.39357459 224 1378.148182
7.747891028 215 1341.778052
6.820996409 212 1375.297962
6.77361743 228 1363.792206
7.402977937 207 1347.675095
7.125132046 214 1339.968026
7.201672663 234 1367.83534
6.980222035 216 1352.452149
6.239293936 234 1386.037116
7.672561866 224 1359.637263
7.345541112 220 1387.533178
7.181222699 250 1342.032183
5.798254747 255 1368.572939
6.920619553 226 1340.099163
6.970007435 236 1376.695176
6.642797803 237 1366.255142
6.816181909 231 1347.338249
7.312466697 228 1383.852063
6.894789587 220 1367.144889
6.885213812 238 1356.748033
7.184355438 245 1349.204489
7.432803137 221 1337.600258
7.664799349 209 1357.710156
5.749918296 256 1362.713119
6.830172031 237 1363.000599
6.458592302 249 1349.458691
6.753973842 234 1358.614542
7.531549098 209 1386.860892
6.246884018 223 1343.07116
6.845621701 256 1365.114613
6.853957637 232 1370.373098
6.858838127 245 1372.508678
6.839205453 232 1342.323977
6.745761104 234 1338.433405
7.4975646 244 1348.295072
6.142158512 256 1379.356164
6.769670176 238 1384.286837
7.279984394 222 1337.109408
7.130639241 216 1360.371079
7.163098196 223 1385.368254
6.870719077 244 1378.70835
6.748324005 202 1355.879556
7.672031848 208 1374.699369
7.297485556 225 1354.455966
7.157187471 218 1356.726835
8.171412593 200 1381.317494
7.084097905 226 1387.102184
6.410608273 229 1355.088046
6.792584783 252 1370.632355
6.931877142 233 1367.330369
6.405805616 244 1365.472493
6.717820017 231 1355.038106
6.487192444 234 1359.587692
6.504292027 261 1374.489074
6.829797439 232 1343.160582
6.648330952 239 1384.744849
6.967691055 228 1349.267505
7.280893473 236 1359.276571
7.813215151 223 1385.829791
6.840039554 236 1355.820465
7.762670683 225 1377.777697
7.315843923 223 1374.107059
7.5917904 207 1340.372382
7.318418442 222 1340.210111
6.910505076 223 1378.33648
6.473417466 239 1361.958141
7.550054165 222 1372.147306
7.492146164 224 1360.722921
5.626172811 251 1363.225614
7.051125141 216 1359.925152
7.187566088 243 1388.00628
7.062346845 214 1349.785316
7.899520787 210 1376.471687
7.516244741 232 1371.892475
7.264389291 207 1361.395983
6.554128285 219 1369.17181
7.193136714 229 1366.280456
6.736608622 251 1386.018661
6.674948839 249 1354.359822
7.29180772 243 1380.288326
7.176419194 226 1349.251936
6.904119665 234 1371.4883
6.869250306 219 1347.450934
7.505917454 207 1375.245772
7.254618263 215 1349.492218
6.908782208 236 1375.161853
7.077345336 213 1369.812766
7.702651864 213 1372.34488
7.356812433 219 1370.476529
7.328974584 235 1357.036419
6.635514372 235 1371.256338
7.178946808 220 1383.843815
6.825280499 222 1380.888553
6.562415198 233 1360.629148
6.833017252 224 1359.568719
6.028781418 235 1379.618894
7.150530953 256 1369.399663
7.353579638 218 1384.164282
7.479517374 212 1346.553524
6.774654975 215 1345.396128
7.199280737 226 1383.050494
7.431195251 208 1363.62829
6.891960917 249 1345.795841
6.679798054 222 1365.540885
7.902473777 199 1354.43292
5.717853957 253 1349.381535
6.404726631 256 1352.104051
7.726034652 224 1337.731808
7.62700166 204 1358.692896
6.730454827 231 1387.084689
7.534881081 197 1371.666686
7.204671753 233 1342.308828
6.770659621 241 1382.64953
6.81106879 230 1380.816929
6.58724669 236 1362.619808
6.85388398 225 1378.538624
7.403012695 212 1343.796214
6.297342868 235 1378.703371
6.463482785 231 1378.31289
7.743836367 198 1341.714722
7.891295974 215 1345.630618
7.153482431 225 1349.486742
6.513977044 242 1367.37277
6.686569946 223 1385.146383
6.563110423 214 1384.454611
6.952315903 221 1347.42629
6.522000979 246 1378.151333
7.385964583 219 1340.183768
7.086397271 209 1353.518564
6.813902253 218 1373.109287
6.913076483 235 1384.818624
7.296736682 229 1352.288412
7.289578019 207 1383.583774
6.904467698 246 1365.705186
7.110596172 233 1338.610088
6.641733442 249 1371.310412
