3.900837266 335 2394.132253
3.561535212 368 2324.922516
4.294297303 339 2415.530527
3.780198474 353 2345.376464
3.608749478 367 2325.302082
4.069633084 340 2389.280502
4.312660997 356 2414.88795
4.381266433 334 2332.066834
3.541736335 352 2384.515973
4.102699496 339 2322.405913
3.990527875 348 2367.088617
2.746554085 379 2330.734048
2.658217844 364 2410.214189
2.247775977 391 2373.66452
3.470401118 363 2381.193712
4.037143435 339 2411.556699
3.321586459 364 2402.470572
3.237759937 361 2399.679614
3.588062342 358 2320.555827
3.596037511 363 2385.275205
4.027771777 347 2399.925257
3.681172141 372 2371.815032
3.602180012 349 2332.541261
4.563588337 323 2338.017425
4.233953339 328 2343.146202
4.416164778 351 2362.049063
3.663392248 363 2370.033534
4.144902472 337 2398.470637
4.497212245 317 2318.120629
3.600417899 368 2396.666669
4.287215674 352 2379.835836
4.364476807 332 2360.198124
4.038293259 356 2389.652533
3.44204919 353 2318.189296
3.764031075 358 2403.064111
3.486859222 363 2332.531183
4.197100808 345 2340.300417
4.173758588 359 2400.099847
3.87965488 351 2377.641045
3.791468435 357 2402.98092
4.004303028 361 2366.785669
5.046482211 324 2358.946052
4.570729833 305 2332.518239
3.337839786 365 2411.096168
3.594545764 356 2335.937308
3.850776587 363 2415.885049
2.383387405 380 2416.379469
2.657452194 383 2332.974218
3.73051594 349 2405.012367
2.646558403 374 2343.685486
4.290398561 357 2369.956236
4.477205456 330 2394.082292
4.12925463 339 2404.684945
3.632206743 365 2409.419794
3.338594837 364 2410.171202
4.326858485 343 2384.750537
3.393399799 364 2395.539827
2.938523116 366 2400.051427
3.918714944 351 2389.336256
3.906960549 348 2359.299819
3.371991552 375 2417.608958
4.031077561 335 2323.651834
3.887818331 339 2390.997225
3.73426346 344 2393.311104
3.589461947 356 2376.834153
3.372107245 359 2396.524881
3.777881762 347 2369.514831
4.221436685 342 2333.67057
3.971046563 361 2370.424404
4.213794261 345 2406.842071
3.637838012 357 2391.132681
4.005688078 358 2368.796776
3.815016245 352 2412.296235
3.963258313 347 2402.501563
3.262816332 364 2322.322188
4.406769159 341 2321.288634
3.393648751 342 2413.263302
3.901551311 351 2415.226169
3.446803626 357 2408.555762
4.216399528 349 2362.130088
3.927009934 341 2391.172344
4.262065037 359 2330.745781
3.762349993 360 2372.690929
3.298263302 362 2417.32511
3.952330068 336 2333.056434
4.200215689 353 2371.048196
4.686225258 331 2359.427575
3.257314095 374 2343.059392
4.243267785 340 2404.366524
4.87209491 334 2400.258687
4.161061577 346 2338.287098
3.819796635 359 2410.559298
5.322710139 331 2386.917669
3.622175912 359 2341.618657
4.387307758 328 2377.840432
2.998681113 354 2357.832162
3.848329464 356 2352.852149
3.83862593 364 2370.852094
3.014469131 377 2348.669361
3.856233195 352 2356.908972
2.460376625 370 2416.761573
3.561587156 340 2394.643317
3.916576035 350 2318.66636
3.923988141 353 2363.215501
4.108314136 354 2367.875844
3.259055467 366 2413.407812
2.792858135 385 2388.597797
2.733486958 384 2381.082379
2.645115976 371 2397.577148
3.840121252 360 2390.600237
4.255004503 346 2339.374238
3.248190958 365 2401.174847
3.846005214 344 2410.188044
2.885875947 383 2391.968576
4.225929036 352 2332.919936
4.214057798 330 2344.725308
3.434591255 374 2386.719378
3.673871331 357 2381.924068
3.772709302 359 2341.614825
3.568986956 361 2399.113966
4.266648996 340 2373.300957
3.520727932 349 2385.678857
3.343201562 349 2319.812423
4.533090253 359 2393.958907
3.347158395 362 2393.658989
3.815317927 358 2411.845141
3.440506065 366 2343.353549
4.01440613 341 2389.740149
3.921492071 367 2379.035516
4.44617173 342 2411.727752
3.914002945 353 2340.277229
4.014600871 342 2389.203644
3.265284245 368 2366.363395
3.619955135 365 2356.145449
4.493008075 336 2376.328471
4.124577967 352 2385.190645
3.616652194 348 2349.78964
4.365078835 337 2361.263123
4.170574647 354 2407.65608
3.221990761 378 2335.293792
3.577578116 359 2331.206376
3.399367181 368 2410.24329
3.605123265 361 2374.656956
3.15785213 345 2377.795491
3.782977811 349 2335.1317
4.13827082 351 2326.950359
3.54861303 381 2355.937648
3.141258639 365 2331.897812
4.285500905 336 2387.978182
2.746538162 372 2352.815587
3.809784214 343 2341.971521
4.123651559 324 2366.32233
2.73512819 370 2399.306718
3.925001271 327 2344.172224
4.076745289 364 2350.256025
4.047172833 345 2354.132687
3.45943856 383 2398.995421
4.214688951 349 2412.039401
4.523096865 352 2343.067916
4.117075696 338 2349.578229
4.179686021 334 2389.383877
3.877375153 356 2366.809354
3.9777306 360 2325.674407
3.277284806 369 2325.802272
4.024040125 353 2362.754457
3.814985808 352 2401.03717
3.736958722 359 2401.251526
3.468917573 352 2409.640017
2.711093755 381 2366.790221
2.97004738 379 2321.900171
4.389436296 338 2362.583304
4.021350004 347 2369.685827
3.600549673 353 2408.737863
3.447266331 367 2367.400106
4.057437651 349 2364.139049
3.550124177 359 2400.358504
3.745376758 342 2346.98912
3.531410108 350 2414.007718
3.50904981 353 2414.363581
4.16339857 344 2407.588422
3.665583056 347 2407.030319
4.741053259 320 2326.576625
2.737150577 368 2355.569465
3.048238513 367 2328.374093
4.454785146 329 2349.131984
3.579595278 346 2362.732812
3.639527523 355 2319.112576
4.152091242 351 2375.349585
4.304775029 360 2391.307072
2.710148363 371 2401.727059
3.061005055 375 2359.066752
3.139056484 364 2340.593302
3.917201694 361 2373.34402
3.850001363 346 2365.507416
4.039922553 353 2389.569601
3.134442067 368 2344.528332
3.698523754 365 2330.28187
4.858825949 343 2362.723151
3.263091035 368 2412.808549
4.228576387 328 2358.028718
3.8566875 351 2320.612356
3.670684387 355 2391.464243
3.673790706 359 2319.42487
3.590332578 359 2330.898856
2.745869825 394 2405.285314
3.963161402 348 2370.39796
3.897259846 351 2382.659277
3.531094988 364 2359.389129
4.491310678 347 2412.952982
3.264487393 353 2358.130766
3.921941184 353 2341.781646
3.552624593 360 2403.396879
3.974470237 359 2382.188956
4.23199415 355 2408.356714
3.74543042 357 2372.171734
4.086190325 335 2341.748263
4.362257937 330 2329.573143
3.684691479 359 2331.404934
3.57182247 362 2342.47437
3.733218422 362 2333.574448
3.692114682 362 2335.779315
3.563321439 357 2371.981536
3.567439002 358 2375.126255
3.744115997 350 2403.744319
3.51325498 383 2400.534038
2.886000332 369 2393.376494
4.317111839 345 2410.960034
2.893586833 376 2396.873439
4.075752327 357 2337.748515
3.782095462 324 2359.707236
4.624526768 344 2401.409431
3.873239914 354 2406.992794
3.206356394 356 2416.885332
4.077125645 346 2346.470267
3.074222643 370 2353.619889
3.954565454 334 2321.893239
3.53037997 361 2347.828579
3.469982598 376 2340.254171
4.108773888 361 2338.910953
3.064799317 378 2363.71375
3.959367145 341 2320.219843
4.113047338 354 2367.528669
4.311844075 341 2377.313998
4.791177911 334 2324.094113
4.029198433 360 2407.472991
3.817744612 362 2366.691655
4.014474066 338 2376.801842
3.732905293 343 2352.333182
4.475393372 335 2374.9304
4.02580832 350 2387.057346
3.493565261 353 2355.273062
3.890702977 346 2319.951555
3.605689375 341 2344.167754
3.303628777 364 2350.200718
3.951635468 361 2388.743198
3.904006713 349 2418.530457
3.847047537 348 2354.646353
3.851186006 349 2371.318742
3.938851345 336 2355.910788
3.932153957 352 2354.121931
4.072562582 350 2393.588245
3.472135297 359 2327.680582
3.984760334 368 2377.603773
3.889981758 362 2343.593216
3.908206316 351 2322.237123
3.111540128 367 2352.176724
4.035189945 341 2393.287503
2.884562605 368 2318.86121
4.298378339 339 2345.231496
3.956044706 348 2322.978664
4.485281809 335 2351.047249
3.285727742 381 2386.212916
3.414216321 360 2332.417761
3.928756985 356 2418.479871
4.646430738 335 2357.346585
4.397661293 327 2334.406444
4.248853919 351 2325.311348
3.71437051 358 2400.001568
3.543437988 376 2415.284199
4.010073957 348 2318.160125
3.931727605 366 2368.20912
4.368720767 352 2402.072745
3.563871593 353 2333.058711
3.672386996 355 2346.893292
4.131653404 348 2331.094147
3.721835728 354 2396.874506
4.712221742 335 2351.402809
3.401526484 371 2373.264464
4.009119682 339 2349.025678
5.160682903 339 2344.773941
3.118116584 376 2397.934914
4.124063939 357 2386.263034
3.07502597 372 2332.66313
2.916778086 364 2388.502746
4.465310818 336 2380.166171
3.30250821 375 2332.256939
4.270646963 330 2387.549886
3.189679422 366 2379.355971
4.236607105 355 2353.627762
4.356619393 342 2349.072399
4.764622479 336 2345.882376
2.941709018 368 2357.855436
3.641052069 361 2402.330015
3.794155418 348 2340.175216
4.275954658 361 2386.276506
4.689742737 346 2370.555282
4.010284784 358 2367.299392
2.886046316 377 2395.658257
2.692236414 376 2371.201245
3.4870941 358 2380.866901
3.827293784 346 2395.847126
3.41773524 356 2390.177716
4.792951304 336 2332.697265
3.548269643 366 2412.814697
3.716960109 351 2366.85991
3.738005954 362 2383.746085
3.461003398 359 2361.184005
3.425300611 362 2384.560768
3.571945258 365 2355.621289
3.725237086 358 2338.931238
4.306390755 342 2327.82897
4.334464779 344 2373.079368
2.93065178 359 2409.933904
3.860897266 359 2378.955264
4.125334327 361 2377.124916
3.445228993 356 2360.86495
3.24143301 373 2403.850924
4.156395032 347 2368.884142
2.967832015 369 2417.623617
3.484372969 368 2397.891617
3.755828872 361 2330.983523
3.306799297 368 2386.134145
3.963654189 343 2402.025185
3.97201695 351 2351.990424
4.075184544 340 2385.393107
3.946709723 360 2386.249671
2.925655068 370 2349.410983
3.098259421 373 2408.135221
3.6975057 356 2335.221048
3.930157156 351 2359.208272
4.485427046 341 2392.373263
2.693820763 390 2401.848069
3.06518174 376 2415.462679
3.488814091 363 2349.337129
3.521070756 367 2415.188783
3.464924701 367 2319.688552
4.010992266 362 2367.467812
4.033304799 349 2327.136869
3.29344091 377 2339.940818
3.422576941 354 2415.095693
4.149704499 336 2377.15896
3.55110974 350 2381.05491
3.473127039 359 2416.906913
3.403725345 367 2402.569201
3.716540659 356 2364.309179
4.121578157 342 2340.749204
3.473739286 372 2328.317446
4.617022084 315 2339.926929
3.473044879 361 2417.08196
4.001028192 338 2352.860601
4.213655885 350 2367.523743
2.634005667 366 2348.540016
3.850598145 350 2336.634861
3.88432881 359 2335.954511
3.254698934 353 2388.838538
3.767335387 342 2327.976273
4.019916474 348 2374.835233
3.23600731 356 2360.030815
3.794551127 346 2368.507917
3.717124204 357 2356.497206
3.735860294 357 2416.097688
3.772852887 342 2348.096717
3.430895258 359 2376.648698
3.915341317 346 2407.816042
3.547688155 347 2411.799714
3.480982223 360 2374.475055
3.543019198 371 2348.824633
3.196905322 357 2406.197684
3.152590648 359 2383.906487
3.059919877 358 2379.721049
4.172273364 348 2400.361275
3.332311413 366 2362.253804
3.465275605 370 2348.897156
3.94483138 356 2345.888781
3.701204786 360 2380.141344
3.659924741 359 2407.223426
4.002870924 353 2384.959719
3.455479196 371 2410.609731
3.305753864 359 2343.784088
3.992787952 345 2353.906221
3.016868902 383 2341.890992
4.022325685 358 2348.663113
3.142849302 365 2408.090948
3.875450651 355 2370.151122
4.032890581 346 2417.126756
3.534937446 357 2363.464269
3.920063768 346 2369.147604
4.337274974 348 2371.793988
3.373922403 366 2417.587527
2.114193833 399 2405.711185
3.203089237 361 2348.740642
2.936032051 356 2361.012846
3.548336158 357 2335.312051
4.143104931 347 2351.659147
3.729394629 342 2360.527226
2.880006527 375 2353.111974
4.146241832 356 2365.273846
3.647795883 355 2342.571361
3.285880894 363 2404.081984
4.297762464 351 2333.882424
3.112120748 363 2331.878549
4.636323185 348 2329.494763
4.552856477 327 2361.194369
3.10686415 360 2341.616926
3.721540618 351 2411.482063
3.332045319 369 2396.903251
3.213526027 367 2366.772037
3.446399822 361 2355.387328
4.556353826 342 2391.66116
3.366751775 365 2357.636224
3.932082403 352 2390.954253
3.180076999 358 2351.321432
3.75586758 360 2336.66642
3.992259982 357 2328.797514
3.34166632 360 2363.266667
3.690107924 365 2401.925256
3.47346498 345 2397.387662
3.733424923 344 2338.757837
3.292660513 385 2390.31083
2.878428382 373 2406.863838
4.168689037 349 2410.09778
4.024207962 348 2399.138989
4.018539849 339 2361.465574
2.924390264 365 2389.817029
4.188423399 336 2381.001912
4.511421081 332 2318.535119
4.073132673 357 2338.920144
2.719024278 377 2388.758405
4.193006709 340 2347.05613
3.277656497 361 2326.083569
3.809405102 364 2390.001398
3.049253602 366 2331.703331
2.837909792 357 2393.592079
4.313369279 350 2333.766505
4.16702246 346 2319.375451
3.666692448 343 2352.245116
3.560880482 368 2333.245743
3.617721004 364 2401.44584
3.389530209 356 2388.249694
3.957590907 341 2402.778298
3.339817116 353 2325.142654
3.942119377 352 2397.680637
3.595095097 366 2409.596179
4.03979534 344 2380.074769
4.468521288 335 2384.431356
3.00074721 365 2323.718918
4.317120021 360 2324.855816
4.315659928 321 2341.413179
3.688872973 366 2320.36103
3.156925123 366 2396.266199
4.411775329 332 2353.79193
3.55197067 356 2353.762184
4.411826223 341 2381.761971
2.862336902 368 2367.784107
3.823185887 355 2405.166328
3.693449969 358 2320.932619
3.944009375 343 2360.844986
4.130735201 363 2318.343034
3.175278905 350 2367.715914
3.709699907 343 2350.975683
3.60739267 362 2369.710863
3.392614404 378 2405.589774
4.307296159 341 2352.101954
3.9202412 342 2338.530879
2.490637358 370 2405.957201
3.521425468 369 2337.033134
4.396866014 322 2397.758517
4.135343519 360 2364.828888
4.587543475 329 2324.335232
3.534059901 364 2371.244302
4.519027538 349 2376.90315
3.782049299 348 2417.845363
4.151205515 354 2319.188617
3.719204894 340 2349.632188
3.873236111 353 2394.365323
3.848475975 335 2333.963721
3.954334775 343 2410.374358
2.91931133 364 2331.687254
3.020969607 373 2397.417368
2.869327027 368 2397.500854
3.686895314 368 2408.502493
3.46643182 368 2354.453252
4.478509141 343 2342.572442
2.837576659 366 2328.593184
3.743590558 345 2350.466766
3.295606862 360 2356.118567
3.23762781 372 2415.228403
3.562909023 364 2341.344359
2.79483038 383 2376.716152
3.685034156 343 2333.713673
3.46954326 361 2407.898414
4.432960536 340 2392.236193
3.194850029 358 2415.07606
4.289073093 344 2403.154774
3.318386248 368 2394.46166
4.365716665 339 2344.314006
3.014028064 373 2400.916861
3.082430439 367 2406.075225
4.818103409 336 2334.796181
4.019882002 352 2346.02732
3.468467196 370 2377.572465
4.595786202 329 2349.218599
2.818167244 374 2416.761508
3.739463424 343 2358.317252
4.124572238 343 2328.47114
3.476106149 358 2418.124118
4.433402487 358 2395.735517
3.41715056 360 2397.44969
3.92775152 345 2402.765121
3.755930655 346 2335.528341
2.954638616 381 2417.560873
2.8254387 368 2354.414435
3.7465095 355 2373.544487
3.734355672 362 2357.474989
3.791738935 345 2379.877472
3.348318368 363 2327.810742
3.515793226 347 2341.130633
3.897863344 354 2386.362373
3.129596445 372 2341.650181
3.203688647 370 2390.525116
3.237315777 355 2399.504825
3.682881429 341 2318.20761
3.73958624 354 2418.506752
3.562895852 368 2388.456067
3.492333325 360 2373.336406
3.729796911 367 2346.150305
3.143167276 356 2404.387684
3.777268364 349 2372.858002
4.284741813 340 2323.50501
4.096113312 354 2385.5952
3.219610192 362 2327.855979
3.458309812 374 2401.58027
3.889566365 355 2388.509717
4.346840528 354 2354.870074
3.15896449 353 2396.088815
4.026475289 357 2408.516365
3.698069294 364 2350.421002
3.734393177 368 2327.345448
2.978905795 373 2386.743143
3.80324612 350 2356.515234
3.664871279 360 2330.46942
4.207991314 340 2319.666701
3.871746404 327 2323.195021
4.091628457 350 2319.954129
3.899770574 349 2377.340248
3.71680261 365 2381.453152
3.61422204 363 2353.368756
3.958152332 359 2375.438519
4.062241732 342 2368.518045
3.521965185 354 2366.136782
3.97379349 346 2384.499603
3.912716795 362 2336.482723
3.194822595 367 2352.302975
3.767040061 352 2353.544619
3.72865212 346 2367.478526
3.253989044 361 2397.085083
4.55547089 332 2416.881437
3.671485636 351 2339.977107
3.582946407 344 2411.665299
3.516269646 363 2364.822372
3.472689182 355 2331.088973
3.478399968 366 2323.277136
4.892724624 339 2355.828434
4.265025869 335 2340.225629
4.377125939 335 2414.222579
3.505378334 359 2383.949608
4.067585787 347 2339.119829
3.772671912 344 2374.190966
4.239317867 345 2381.586499
3.452376271 358 2381.912823
3.873990327 352 2361.678742
3.951367773 346 2356.962173
4.919789052 327 2322.928493
4.499311442 343 2342.354071
3.720097097 355 2351.267186
3.526633629 366 2386.516932
4.521893475 336 2325.572969
3.454637756 352 2329.479664
3.287203997 344 2336.3645
4.060299388 352 2413.05092
3.637526121 354 2324.210204
3.200555769 366 2378.305748
4.012386284 354 2326.804247
3.934987644 350 2324.74488
4.463537448 337 2364.063276
3.476083138 349 2383.362063
4.705004294 332 2395.183263
4.220271297 344 2416.870234
4.391686752 347 2380.953417
3.23043082 363 2382.160364
3.636783595 370 2400.340716
4.821842916 308 2328.061082
4.173041711 338 2393.881482
2.990731141 358 2393.110719
3.929261814 345 2390.137663
4.212240362 320 2331.407297
4.253216205 335 2399.990952
3.690775195 345 2385.051344
4.89902113 324 2347.336162
3.466429305 362 2346.825495
3.906573953 353 2370.40238
3.424847342 373 2417.966351
3.73478082 370 2413.169369
3.776101688 363 2398.759509
3.521504146 368 2403.830458
3.206147165 354 2356.768165
3.831088273 354 2348.33415
3.525146171 363 2375.043448
4.334370355 338 2376.000542
3.931991097 359 2415.567508
4.160659132 353 2338.889418
2.955087921 383 2321.820911
3.939483429 352 2354.576195
4.631242843 350 2386.758702
4.694501318 333 2393.323902
3.264551987 370 2334.652022
3.535479182 364 2409.770517
4.29489081 339 2408.76168
4.149833879 340 2385.105817
2.960498298 370 2351.426997
3.620984714 381 2348.268038
3.704047637 352 2405.465956
4.072146683 349 2416.476445
4.176898222 328 2387.794025
3.475709391 345 2417.52496
3.811535854 349 2361.156835
4.335378618 335 2318.339364
3.588893936 355 2334.473551
3.200671672 381 2399.257204
3.331601077 366 2380.325525
3.950453194 356 2380.778484
3.605852883 371 2335.122449
3.393451643 364 2370.053646
3.998827121 348 2322.93733
3.42262576 352 2398.957293
4.762934921 326 2358.056887
4.133949398 362 2407.116325
3.686926758 350 2397.03353
4.558873325 336 2375.272378
3.358551157 356 2324.594695
4.343006514 346 2356.902447
3.423510752 369 2384.573705
3.585798561 360 2323.555076
3.811522964 349 2375.615792
4.111821618 340 2365.688455
3.941671148 338 2336.87832
4.730516562 337 2347.070089
4.626319257 336 2320.209292
3.790157986 354 2418.095756
2.92654344 379 2411.900772
3.090534389 365 2324.86902
3.920508101 351 2328.053125
3.879385991 363 2357.808269
3.864781256 371 2367.578886
4.000072249 356 2350.474025
3.916284516 361 2402.995748
3.111586544 372 2334.609979
3.730856758 331 2375.721114
3.621769769 351 2395.204462
3.708059026 360 2341.276821
3.900862401 349 2349.087988
3.298238629 372 2408.558901
3.776968687 362 2375.124066
4.408684552 337 2400.647394
3.179262692 367 2349.622647
3.760905571 355 2392.827372
3.514205638 367 2327.323964
2.58408338 376 2381.216017
3.223555158 362 2408.489982
4.14805819 331 2325.69873
3.925766917 344 2408.106111
4.054217138 350 2413.490585
4.003082261 333 2321.905773
4.043695457 345 2364.911146
3.80661768 360 2320.185597
3.621919205 349 2391.716816
3.687807057 351 2378.095643
3.942780643 343 2335.966077
4.222947253 338 2350.747882
3.719385919 356 2328.99731
4.368872984 325 2404.540987
2.639601381 384 2407.617824
3.328358064 349 2348.74749
4.050515127 342 2359.057687
3.992603211 356 2416.961184
3.414306394 357 2375.734379
3.366471897 361 2333.919484
4.741769419 356 2322.543954
4.16308416 347 2349.458867
4.099186772 347 2326.626917
3.410074991 372 2376.505547
4.055024782 341 2320.558818
4.143000438 353 2328.549104
4.433848527 331 2367.068006
3.67306852 351 2345.631068
4.635100428 350 2372.790533
2.914035334 364 2398.309017
4.071353127 358 2350.897962
4.422322804 344 2411.913554
3.62547097 353 2329.793922
4.144518479 355 2400.884722
3.26408698 374 2372.732202
3.916749742 341 2415.376685
3.745341669 365 2381.504715
4.089380917 333 2334.333866
3.165962491 358 2404.511137
2.923644521 373 2354.86029
3.960934115 338 2328.149962
2.959186909 365 2318.61418
4.448010678 328 2334.306289
4.241653647 338 2328.982768
3.622918063 360 2323.388688
3.88989776 353 2397.458938
4.230944492 356 2368.72118
4.296754273 328 2368.9257
3.160634681 378 2365.134272
3.654120561 353 2402.885133
4.109408133 347 2351.731765
3.95686953 348 2413.459272
3.726262264 340 2353.980447
4.534278135 336 2387.170592
3.489158152 361 2390.196927
3.516163513 341 2331.418981
3.919303671 363 2366.638137
2.822389762 368 2415.286613
2.316612102 379 2322.86521
3.661634935 354 2332.065362
3.765925367 349 2392.704695
3.87604503 344 2406.939033
2.922525879 377 2407.823006
4.024451761 357 2350.635075
3.455055906 372 2328.524043
3.437816502 367 2376.385178
3.886624233 353 2385.363838
3.646890477 362 2410.716214
4.009188667 347 2361.001187
4.662368595 337 2414.02521
3.570918856 371 2396.885608
4.185064123 325 2330.954444
3.86411357 358 2415.258135
3.308530053 367 2361.628265
4.290883452 340 2332.222467
3.578317151 366 2347.194738
3.777295245 354 2391.621052
4.209546917 353 2363.380141
4.633290278 349 2356.603669
4.123672402 343 2332.587108
3.17926885 350 2390.367018
3.829691 333 2363.910487
3.728417967 361 2377.13381
4.059147396 345 2324.876949
3.83230807 356 2360.458647
2.505485971 382 2382.709429
3.846914497 362 2389.944763
3.063834992 365 2356.566342
4.097148646 351 2388.373582
3.972270054 326 2367.257596
4.052878594 354 2411.237906
3.331574341 369 2409.680824
3.17782761 359 2414.872958
4.356686455 352 2389.801346
4.199418727 348 2404.714684
3.550447813 361 2388.945829
3.148407967 380 2400.723325
3.458181886 363 2326.071332
3.365100733 365 2360.004152
3.307780634 366 2350.327826
4.54314062 333 2382.919052
4.337870419 332 2354.70338
3.534332327 360 2338.621872
4.248007285 343 2356.862158
3.464876865 345 2402.953644
2.992886956 371 2397.027648
4.291974645 344 2366.442687
3.247518405 373 2407.61346
4.062011463 348 2416.091692
3.703684301 356 2376.920559
3.762643927 342 2361.014694
4.605733519 348 2380.365311
3.536277688 366 2332.605573
3.702399969 353 2395.123843
3.946838003 342 2363.385587
4.086701915 357 2391.612936
3.760434083 350 2397.170981
3.649676379 370 2378.885849
3.999138736 333 2326.529462
3.100052061 375 2418.598313
4.421924729 346 2346.207731
3.646957895 362 2370.183991
3.426594243 370 2332.056292
3.785803956 356 2417.197473
4.571325194 331 2338.611286
4.358779022 334 2327.387823
3.575621549 343 2377.948254
3.967854514 348 2337.928392
3.631728521 352 2333.430329
4.400419326 348 2394.96178
4.207490536 353 2336.445963
3.285885609 352 2361.772312
3.45809862 365 2342.99184
3.947459876 362 2387.226917
4.411913097 331 2372.3932
3.482930879 353 2413.14143
4.377251378 345 2318.989119
3.807264594 359 2338.093659
3.134423753 358 2410.950697
3.48911593 375 2341.012638
3.489890934 367 2323.986855
3.878152171 353 2384.460804
4.150755121 347 2400.808689
3.77231329 351 2382.177734
3.681243021 356 2412.775541
3.390925211 354 2363.38019
4.380657239 341 2382.201271
3.530819494 362 2403.05345
3.819691321 366 2371.023072
4.09974818 367 2378.804226
4.157734245 338 2331.614515
3.662565667 357 2325.356602
3.424742811 356 2390.747603
3.766379802 345 2341.902989
4.201415953 352 2320.900162
4.319790672 345 2322.035093
4.486850853 323 2353.694244
4.085497566 342 2322.655151
4.029359353 348 2403.842174
3.82092047 341 2344.155996
3.525221716 364 2413.905044
2.921944408 345 2330.346081
3.860634208 351 2410.319478
2.894468673 369 2372.246751
2.228939707 386 2353.569594
4.029106209 344 2319.945877
4.058300774 342 2411.480623
3.027815931 371 2322.032592
2.93656319 380 2393.864494
4.949736179 341 2365.385785
4.247774125 350 2340.890503
3.142751724 382 2371.005049
4.520766449 352 2345.096555
2.880615628 380 2382.533838
3.886056678 356 2409.210589
2.878347817 367 2406.56928
4.308547099 344 2351.356308
5.226642417 333 2348.923837
3.770847307 365 2362.15979
3.740209201 357 2418.440756
3.566672335 351 2340.379206
3.757983516 354 2413.094728
3.014552238 370 2346.839741
3.851268188 355 2383.417118
3.489914099 353 2406.640891
4.432493847 343 2400.043521
3.678823079 362 2325.86716
3.434517401 372 2336.71116
3.01895211 362 2346.523781
4.320811903 336 2384.082895
3.519638947 358 2337.354288
4.775897095 330 2363.057005
3.584430387 347 2392.646573
3.728191346 341 2319.702915
4.253546163 324 2393.639079
3.580248263 355 2334.096967
4.331497219 349 2377.226365
3.573268145 361 2325.452935
3.862124261 365 2410.975535
3.862905918 347 2363.576758
4.046533551 344 2323.266335
3.70818456 364 2330.398439
3.116212334 377 2415.032415
4.162503059 344 2351.466327
3.394146979 357 2329.193184
3.733274169 350 2370.051193
4.153352884 344 2329.557886
3.306174854 348 2357.063428
4.155058255 343 2374.474345
3.555349651 366 2388.383391
4.808158143 342 2366.31785
4.197917466 350 2377.653521
3.573374291 349 2376.651017
4.529314294 322 2322.297136
3.613595693 337 2378.627108
3.381074939 375 2414.692081
3.821059019 348 2327.554758
3.447482649 356 2385.477594
4.274755526 348 2390.563304
3.489351753 349 2362.143059
4.645538482 335 2344.345816
3.401345903 355 2385.898249
3.423068291 365 2358.811812
3.892838787 367 2368.130927
3.044423756 374 2402.458326
3.270086589 369 2333.305297
2.921337686 348 2414.213352
4.911917345 317 2324.017394
4.233042886 344 2361.427968
3.623085429 346 2322.625476
4.261899554 341 2411.833763
4.251052475 349 2330.785386
3.482151833 351 2359.283294
3.392373536 372 2343.766191
3.418969122 356 2416.493773
3.981637181 360 2411.643626
3.053138061 361 2327.445638
3.785730536 353 2355.244798
3.453605052 345 2386.386765
3.253117794 360 2343.621029
4.283332921 345 2362.715515
4.337700038 350 2333.612049
3.862045273 362 2394.740582
3.259905869 359 2414.758739
2.159071518 374 2385.649196
4.405163419 336 2381.784794
3.811705832 340 2354.210106
4.182085696 347 2402.83522
4.034603685 342 2373.882139
3.516838685 356 2337.749581
3.997402032 351 2333.437214
4.674117928 347 2402.921159
4.393560566 327 2415.042936
4.62770682 351 2355.891544
4.130188787 336 2347.011902
4.209354891 354 2389.887956
3.285546612 373 2345.78581
4.409322928 347 2353.67095
4.601138416 341 2355.306783
3.895554757 344 2398.854679
3.583016637 367 2372.038801
2.973577033 352 2371.011115
4.060326342 351 2373.537517
3.05095301 371 2400.840963
4.821354326 345 2356.002329
4.503888939 327 2370.868566
3.218727489 372 2331.339803
3.91053755 347 2350.842033
3.713111826 354 2386.332287
3.935048663 351 2379.568143
3.302237395 366 2374.771862
3.386368155 354 2411.220312
3.802790046 344 2354.052033
3.40883334 353 2362.682279
3.509130411 361 2409.648869
3.940748132 343 2401.369107
4.004134142 351 2364.693503
3.601005086 361 2347.889831
4.21414802 354 2341.416123
4.433696708 334 2349.8198
3.871526374 356 2401.95856
2.700676711 373 2399.106851
3.728871005 341 2397.549471
3.111227938 361 2328.910045
4.044136651 348 2381.716624
4.779386775 312 2391.339244
2.756515284 365 2387.625677
3.393873932 358 2319.820853
5.228515616 331 2358.410407
3.464078222 355 2410.873203
2.956195991 375 2389.676845
3.648472108 366 2329.047445
4.142569897 337 2324.97251
4.282732796 335 2342.031724
4.433597267 341 2366.421577
3.751701563 347 2385.510341
3.53934139 344 2371.080507
3.550483216 361 2414.376459
3.881899829 348 2394.37959
4.983867706 336 2366.510829
3.091640926 378 2330.539616
3.798560974 336 2371.551559
4.124876133 342 2404.198823
3.705492093 354 2398.782976
4.302605876 327 2321.008927
3.948909275 337 2358.076911
3.999969068 346 2364.479519
3.861181003 357 2417.396245
3.869188931 355 2378.656174
4.093997691 336 2408.080257
3.932198476 352 2394.941147
2.950968313 382 2415.102774
3.473879626 356 2398.499939
3.626468737 333 2411.235476
3.65841395 355 2384.983002
3.978386008 345 2417.867981
3.982534379 349 2374.369657
3.846203666 355 2388.330372
3.810341299 358 2417.856518
4.167082022 337 2323.628655
3.070303772 376 2355.127951
4.43097414 339 2351.255764
2.957442673 372 2320.028122
