4.302117458 332 2231.858849
4.053418084 347 2246.594263
3.482017987 367 2277.935457
3.73605457 343 2263.001345
3.413036624 368 2269.356872
3.441234887 362 2256.447223
4.677754211 340 2238.57757
4.451438408 340 2307.414378
4.389640652 350 2269.290705
4.306772317 343 2261.550234
4.015084478 359 2279.632088
4.281559794 352 2279.281562
3.47031023 366 2294.731114
3.597900573 353 2260.615377
3.751645482 354 2252.118212
3.873570097 344 2238.343682
4.013844644 344 2292.308075
3.841769492 359 2299.694527
3.998995627 342 2293.973647
3.352935987 363 2252.698694
4.564975971 319 2293.629081
3.807217031 352 2298.215339
3.826347597 359 2266.875694
3.945774063 340 2264.101226
3.387739365 348 2305.410909
4.746767082 323 2268.394897
4.864797533 332 2284.145288
3.450382444 374 2300.305855
4.492832243 316 2228.586149
3.785209911 357 2241.438734
4.133926959 331 2270.79405
4.285302416 326 2300.655992
3.867743354 340 2233.437909
4.243677127 344 2271.410377
3.169410272 365 2272.757407
4.485895425 356 2251.813162
4.775407558 342 2316.285959
4.271733362 345 2286.644836
4.224265752 341 2250.63226
3.966217495 347 2265.293134
4.12129344 341 2237.849264
3.885731408 326 2308.832572
4.694293145 335 2275.74233
4.025104591 346 2259.717246
3.844370219 366 2262.889128
4.256946817 356 2304.826693
4.04222036 338 2229.03514
3.879073078 346 2301.383721
2.809634123 374 2294.151029
4.690301196 343 2227.482474
3.322249204 365 2228.747868
3.833993418 357 2280.607821
4.989244583 323 2271.004875
4.591703583 316 2300.095882
4.049196188 336 2301.782948
4.345560386 340 2297.464256
3.619522955 345 2314.772052
4.747118962 354 2233.561519
3.167899143 356 2247.97751
3.323412652 361 2263.533453
3.958375509 346 2314.30521
2.985594139 359 2227.326083
4.500248989 338 2260.416398
4.395090975 338 2312.926699
3.425442687 345 2314.9166
3.647466635 356 2274.498848
3.365688662 363 2287.449308
3.446244026 362 2243.503317
4.078245033 334 2259.991517
4.220397809 323 2285.779367
3.231237442 376 2290.973841
3.337288618 373 2309.967253
4.630695192 319 2315.875592
4.836864042 335 2282.090173
4.474532871 341 2227.020753
4.121846648 337 2255.656808
3.950773365 349 2305.203323
3.979737031 353 2259.622628
5.59891557 319 2279.836962
4.074026532 348 2298.380188
4.849571341 329 2261.062073
4.612692655 340 2232.776581
4.358080667 336 2272.738811
3.259185452 373 2312.643733
4.66215793 331 2231.818538
4.775010194 327 2241.343954
4.051155251 351 2274.023725
4.058815215 351 2229.308164
4.558606473 332 2303.550854
3.788405633 364 2313.596308
3.446354853 354 2270.83522
3.719612901 362 2304.391812
4.108637648 358 2257.500223
4.245724857 343 2308.626506
4.118222607 329 2236.109324
4.215589817 328 2296.933287
4.691946498 296 2231.634184
4.424931995 345 2236.695497
3.45304475 364 2292.303798
4.920825624 324 2245.164852
4.03962184 343 2295.324923
3.678550668 346 2231.598683
4.891160468 321 2275.681949
3.866960779 350 2286.25908
3.672313788 347 2306.084076
4.119484715 336 2234.09267
4.491479019 332 2249.749983
4.261744349 329 2254.728069
4.165256782 336 2248.695015
3.93805725 344 2303.448562
4.566823453 333 2314.386136
4.059488706 327 2249.386819
3.967921975 345 2293.657834
3.832558088 350 2245.278608
4.146715076 364 2241.344707
4.580814846 345 2285.048099
4.616001965 343 2273.658616
4.276340057 351 2300.609203
4.284350902 330 2229.221556
4.470795033 333 2258.489112
4.767528789 346 2256.866921
4.091998938 348 2292.337222
3.450387374 377 2312.278331
3.806578901 351 2266.977025
4.491029101 324 2241.159808
3.791447873 344 2233.091843
4.41367021 340 2287.535875
4.087597257 356 2248.472308
4.895018624 328 2274.13112
4.319006159 348 2235.033232
4.083084727 322 2251.940736
3.690617931 341 2295.384079
3.847683759 347 2259.96967
4.479122184 345 2251.19782
3.826944746 346 2293.568722
4.553525819 338 2276.071048
4.457558215 347 2271.175909
4.039118671 340 2283.458308
3.903119411 356 2272.56995
3.676972694 357 2284.074649
3.988633263 347 2269.045957
3.626492729 343 2297.943691
4.050644355 339 2269.246922
3.415786261 345 2282.029889
4.265535523 338 2277.12157
4.565003815 331 2268.143705
3.420897207 361 2287.454139
3.846989103 357 2303.423685
3.873036163 358 2267.503275
4.688703653 321 2252.617466
4.114965525 322 2238.376621
3.379596057 363 2251.647702
3.486601669 336 2265.055248
4.445115389 326 2290.795337
3.973212966 344 2228.068531
2.930136391 351 2304.129429
4.616535587 325 2278.731233
4.766999742 348 2276.805294
5.118360334 331 2300.568986
3.813352634 344 2298.138955
3.832462159 353 2251.991036
4.246057849 340 2316.517976
3.694429297 339 2249.686738
4.445773893 334 2261.450641
3.583883591 349 2299.608605
3.982663225 346 2264.360048
4.225802322 329 2307.358534
4.095436704 338 2263.007882
4.373138215 344 2256.785137
3.439512069 354 2308.809041
4.953774745 335 2283.872484
3.437023127 362 2276.241858
4.26732971 336 2276.431665
3.546205246 370 2292.6162
3.220763077 363 2252.629085
4.354222556 326 2254.6854
4.248476117 324 2250.243054
4.463766113 342 2307.979314
3.708534559 363 2229.6779
4.165356479 337 2315.935138
4.389787307 330 2291.102421
3.695470227 363 2282.082095
3.904353552 368 2279.409214
4.062571546 359 2304.293903
3.569087998 339 2285.830405
4.891823118 335 2246.180888
4.082395496 350 2258.118881
4.42905282 330 2277.967833
4.228606703 339 2294.057467
4.82409833 332 2263.41209
3.8481263 360 2229.893689
3.295692811 352 2237.570186
4.089198933 350 2314.776408
4.242755419 335 2244.059965
4.710536643 336 2293.998349
4.161674759 340 2242.42836
4.135613447 343 2234.378395
3.951457222 352 2306.907844
3.695110703 347 2275.33526
3.72135426 342 2258.583373
4.680501642 326 2245.141856
3.136597958 370 2236.344916
4.750899838 328 2312.535019
4.022081456 343 2230.50064
4.471115949 328 2258.930562
4.521069545 319 2268.308923
5.172218176 313 2265.950137
3.266207283 351 2237.565086
3.903535399 341 2292.272518
4.487136737 345 2259.311196
4.916173378 309 2244.026595
4.273060365 329 2240.532329
2.737638392 371 2307.164335
4.531463434 337 2250.317021
3.173371622 366 2230.631815
4.830649794 340 2257.637638
3.990088243 344 2288.554789
3.5049425 358 2253.25835
3.666257783 359 2298.238388
4.116522234 326 2278.010523
3.445453338 364 2289.617576
3.745058706 357 2289.500891
3.941592167 342 2314.736526
4.441773644 340 2274.786746
5.243068624 329 2228.585211
4.581396716 311 2234.186055
3.771080492 354 2232.190962
4.600247196 340 2262.691083
4.207689243 350 2317.725849
3.949555291 343 2246.424921
4.310247898 344 2281.363953
4.93086336 343 2265.350776
3.842886712 350 2271.905888
4.189086458 348 2283.687056
4.490266886 346 2265.448136
4.190594754 351 2247.183666
4.683939554 323 2227.509202
4.7383277 346 2303.850603
4.880980158 326 2236.865169
3.961664225 349 2278.894291
4.314024332 341 2296.786578
4.366190025 361 2299.690041
4.532890078 316 2245.191888
4.225629197 339 2315.805351
3.405261666 362 2268.333746
3.960309511 348 2303.580389
3.137484674 337 2231.705442
4.189506914 350 2278.46646
3.866027095 346 2289.863666
4.402149281 347 2317.630483
2.870659214 382 2315.183013
4.091730281 341 2276.187137
4.819264523 339 2294.538589
5.183873041 329 2312.00033
3.940796109 343 2257.511807
3.754045727 345 2275.062746
3.890492812 346 2272.637951
3.99929682 357 2302.462752
4.251008626 352 2309.740812
3.112890465 359 2305.965197
5.179649137 322 2301.260521
4.465638006 336 2231.905797
3.377508175 371 2269.752396
4.800974904 327 2254.650336
4.168547466 334 2308.824442
3.811573597 345 2241.747512
3.80169432 342 2308.928972
3.870883288 334 2300.177252
3.193934965 364 2305.74952
3.856215976 341 2268.304011
3.950953698 344 2274.106748
5.142374519 317 2268.468691
4.970790002 322 2230.027252
3.120937361 364 2287.117627
4.495759429 345 2283.862073
3.884106192 365 2283.034177
4.698166867 340 2287.529342
3.988246495 341 2312.732534
3.994777348 344 2254.598118
3.68741195 345 2265.20586
3.649843908 341 2284.156089
3.969074555 357 2304.671436
4.716845111 338 2266.036774
4.959873643 334 2239.026719
3.390058905 346 2290.770675
5.645292328 313 2295.002844
4.685898561 318 2300.362464
4.270496834 327 2265.120117
3.17202106 354 2253.725422
4.256404955 327 2244.06147
3.564123495 355 2246.285029
4.287701269 349 2244.675715
4.094254529 346 2264.222791
4.217828857 330 2315.769756
4.59221564 321 2311.395287
4.601498002 327 2287.487923
3.480523964 353 2243.111886
4.648127348 316 2231.305422
4.478372523 330 2252.413239
4.106021674 332 2245.697186
4.515647126 333 2253.706314
4.667739143 339 2230.696285
4.596129076 329 2237.14018
4.190977631 317 2264.440777
3.869287514 350 2266.464407
3.851512842 341 2260.977904
3.681524169 360 2230.76302
3.416598368 354 2312.030719
2.494380923 372 2293.070115
3.950167139 341 2294.701801
4.397349407 333 2283.379854
4.546568775 331 2279.642306
3.967257521 340 2239.312301
4.697073704 312 2228.1479
3.859411935 338 2286.578036
4.140224455 327 2288.373103
4.433357618 322 2287.210112
4.89968992 319 2260.087945
4.211038641 330 2233.828966
3.151017974 360 2303.067629
3.583313352 346 2247.65249
4.295600691 337 2270.428303
3.607067992 360 2263.889337
4.017616729 340 2232.455352
4.054713048 340 2275.709152
4.552836566 332 2300.698091
5.058607439 315 2239.816766
3.409867961 369 2305.462925
4.358627792 325 2240.796777
3.700839204 351 2313.892997
3.970090479 331 2293.159729
3.998018218 337 2260.43962
3.850145597 362 2287.549746
4.519022732 333 2290.282958
4.679701237 333 2229.13685
3.036043246 369 2293.349682
4.562776831 321 2253.937041
4.54922877 340 2236.805424
3.135633783 365 2315.826084
3.407441046 371 2310.99506
3.780652212 351 2313.619527
3.699748169 357 2291.193785
4.360018871 354 2282.250136
3.772476128 347 2310.598486
3.975289869 344 2242.77362
5.220730762 318 2251.36552
4.228157463 359 2266.379113
4.8946811 340 2232.931502
4.370135507 322 2255.549585
4.098740729 344 2242.545246
5.06955321 314 2249.522027
4.713863027 338 2251.030008
3.953432035 339 2268.585233
4.081463806 340 2236.276445
4.375648755 336 2281.691966
3.98243607 345 2295.964984
3.619959063 361 2298.332042
5.167220381 325 2233.790178
3.761566522 346 2282.008502
4.096922836 340 2273.853151
3.478426741 343 2254.53384
4.151819627 328 2289.851136
3.296617212 370 2308.495618
3.916161515 360 2304.121118
4.676169998 323 2252.43097
4.436437973 337 2244.673764
4.468728784 341 2228.102504
4.071165586 350 2229.961338
4.049585828 332 2247.067474
2.886523562 353 2285.53597
5.342383998 308 2277.543227
4.518600525 325 2277.540643
3.869384167 347 2242.453176
4.820389629 334 2231.559635
4.751550261 335 2299.609721
3.326550006 351 2312.773543
4.946771994 313 2230.794149
4.479309788 340 2270.34513
4.108748999 326 2228.144275
3.884293456 345 2306.051963
3.852626092 341 2304.03611
4.173184559 339 2255.793516
4.33015515 351 2312.438257
3.81045475 339 2295.1353
4.451154288 341 2301.440676
3.581886698 330 2279.176387
4.497234609 328 2247.338226
4.409130932 334 2283.561345
4.221687159 329 2281.174535
3.68238696 340 2292.025339
3.694845772 356 2248.346334
4.091415617 338 2309.416497
4.476041426 344 2279.768643
4.480483162 332 2288.658335
3.950593785 364 2296.655566
3.867930659 348 2255.663564
4.092652827 337 2248.657738
3.818388455 342 2255.574021
3.446781083 340 2289.020694
4.286278397 347 2280.441522
3.657892472 363 2250.533066
4.214134228 331 2313.740248
4.299829103 340 2312.401669
3.352815871 365 2316.145697
4.607840647 328 2296.193892
3.836540729 357 2283.480322
3.208443368 344 2252.487412
4.53651885 333 2272.528102
4.260970891 353 2292.494839
4.575344237 335 2276.673666
3.395427798 378 2281.566992
3.923759592 329 2255.896392
3.569916333 340 2251.605302
4.351609248 329 2247.507048
3.331970362 368 2292.684903
3.601282722 348 2259.438142
4.064704701 351 2286.581618
3.444624997 358 2305.462012
4.294212463 355 2244.731186
3.775975892 350 2282.350724
4.624239816 328 2268.042496
4.944424541 322 2256.783128
4.41693573 346 2274.577002
3.746733658 356 2294.406266
3.887406639 351 2287.585579
4.839098997 328 2280.240811
3.048208812 364 2250.884881
4.210764732 351 2231.500557
4.189527161 343 2241.642859
3.933448443 364 2275.659953
4.067209317 342 2233.803333
3.463051033 346 2246.048717
3.519875857 362 2308.929179
4.431195217 335 2271.870808
4.084958156 352 2299.825281
5.025552771 331 2286.312615
3.899492866 342 2297.682974
3.291783897 346 2284.508827
4.30071643 348 2292.419889
4.216289464 315 2304.0454
3.622370246 350 2243.195763
4.230737842 337 2313.963256
3.605756245 352 2247.277273
3.655600418 375 2275.104856
3.783647731 356 2295.854425
4.530925162 333 2248.679801
3.837150448 364 2294.633661
4.093484544 346 2238.076975
3.090981169 365 2298.53001
4.005185017 334 2306.259868
3.522294829 362 2301.602169
3.539356753 356 2304.660197
4.153478305 340 2264.844241
3.484395444 360 2279.606375
4.421345429 313 2284.557642
4.284634399 320 2276.598426
4.439394943 325 2245.117636
4.683449536 328 2266.750531
3.958120184 366 2305.371573
5.107735254 323 2238.777397
4.430275718 331 2261.858169
4.741610972 324 2282.42003
3.855246836 339 2266.556283
5.187635063 334 2227.608796
3.411921404 362 2312.888487
3.606085015 338 2251.234979
3.723886287 357 2263.233058
3.116429621 377 2310.746273
3.398460381 348 2266.178803
3.427112413 360 2293.664587
4.646973144 324 2300.555414
3.575702387 366 2274.150504
3.729168667 330 2281.827983
3.783743696 355 2287.309777
4.618750362 328 2259.859654
3.564546517 358 2283.649675
3.76041222 370 2269.304461
4.837355073 329 2240.561605
3.764254469 349 2283.441182
3.7821571 352 2295.449539
4.152724893 331 2256.017193
3.96407808 345 2290.13496
3.975000375 328 2302.407684
3.979584402 358 2265.015313
3.750439241 342 2248.561849
4.367983942 350 2284.936981
3.957750148 358 2314.837306
3.517688772 350 2298.408014
2.69907705 371 2298.989499
4.312307007 336 2234.89065
4.890588905 321 2234.225673
4.110306882 346 2255.628026
3.743018712 351 2244.001428
3.529850129 359 2312.449266
3.70496076 371 2264.671066
4.121680545 338 2246.888907
3.125341173 384 2274.630705
3.90990869 363 2281.905987
4.362728157 335 2265.842663
4.257134791 349 2296.226575
3.992965599 342 2294.399885
3.911092418 354 2313.226451
4.618845914 333 2248.888667
4.350640787 331 2312.992349
3.48723442 356 2307.938917
4.13961838 344 2263.052803
3.654730679 338 2273.19158
4.526389652 339 2264.079986
3.8799236 338 2248.624776
3.94552674 331 2230.38344
4.309659031 343 2307.381734
4.578231932 339 2291.250286
3.400138557 358 2303.856044
3.525611765 342 2231.398842
4.11243675 347 2271.466517
3.895559397 350 2318.094744
4.71886328 321 2241.431445
3.475808331 364 2310.311038
3.704242454 340 2243.535713
3.76719274 353 2277.718151
4.148460288 364 2233.959775
3.749146423 343 2291.619515
2.921062711 369 2271.611484
4.977545545 316 2283.995574
3.904209271 342 2287.733272
3.900770335 353 2284.551055
3.447123698 336 2300.907834
4.055579152 350 2301.969065
4.136218005 355 2304.794512
3.859548895 366 2227.487702
4.039645271 340 2265.842941
4.490305213 324 2253.365776
4.474569036 323 2315.365312
4.099348955 341 2285.631424
4.400178077 332 2271.798471
3.914528315 348 2302.15823
3.794737762 345 2265.387673
4.75243518 319 2283.463942
4.12307637 340 2251.525659
4.447147673 345 2297.998108
3.200536218 361 2287.885994
4.25443641 346 2259.039087
4.0078807 364 2284.388596
4.281804152 347 2306.853793
3.854066896 348 2257.907632
4.024369591 341 2238.695172
3.830167806 349 2265.283737
3.788818514 350 2283.405596
4.462604328 348 2279.90921
4.340880174 314 2266.248757
3.698374656 353 2278.536815
4.288532241 364 2314.485222
3.23985424 367 2268.833084
4.365060582 341 2291.84658
4.248455686 328 2301.412148
4.062132329 333 2244.879711
3.495409705 354 2309.472515
4.747839103 304 2253.742385
4.079915545 347 2276.768718
3.863990524 348 2294.958648
4.009362928 358 2299.726295
3.819024021 356 2304.686666
4.151473473 342 2254.641112
3.702777266 352 2244.729168
4.381207952 337 2312.586353
3.167238281 352 2302.697174
3.647037738 340 2311.282353
4.136526955 353 2259.107883
4.118717834 312 2272.456563
3.637744399 347 2303.423943
2.983829781 365 2252.445471
3.737026346 360 2246.78968
3.403150167 356 2285.956304
3.459017506 358 2311.621078
4.711851604 336 2299.746194
3.961996828 340 2227.104215
3.42348636 361 2302.848976
3.732650648 347 2269.088277
4.941403137 337 2276.034067
4.09601283 342 2302.095016
4.970946755 312 2236.922941
3.836848057 359 2276.153406
4.239938831 328 2272.730582
4.479436447 331 2266.895749
2.874927806 360 2311.665888
3.866655078 342 2264.947012
3.391963161 351 2293.567688
3.94024102 348 2239.090635
3.592060267 352 2310.927227
3.26770638 368 2298.084938
3.267787504 367 2302.683565
3.533984087 356 2298.746515
4.734340691 334 2244.827773
3.390692381 345 2243.58431
3.881775672 338 2285.67487
3.288317438 367 2312.693648
4.282118223 342 2233.299123
4.631040414 329 2263.273429
3.664979534 347 2294.22293
4.035983921 337 2239.670445
3.705379146 365 2237.942825
4.364608519 325 2248.338356
3.483755826 348 2314.637472
4.323151211 339 2268.665673
3.794975914 332 2294.645532
4.15535785 355 2279.793825
4.574298264 329 2289.194414
4.980751414 312 2250.99216
5.265908228 309 2243.521833
4.21185714 326 2287.107485
3.923921629 331 2296.265688
3.945312336 356 2273.421167
3.778760578 367 2303.2464
3.755289361 350 2244.127684
3.644844573 345 2262.283219
4.448545496 321 2235.593023
3.795703363 367 2309.290405
3.70014179 369 2309.000881
4.008516969 345 2300.633508
4.886091179 320 2237.107985
4.287277416 330 2230.957109
3.474364648 364 2276.963079
5.021149659 340 2298.435301
4.022318866 348 2271.896331
4.34825217 341 2228.821148
3.109734809 373 2259.55358
4.399942603 319 2305.513444
4.533123977 326 2239.014069
4.792246426 334 2264.426683
3.080039859 371 2291.879795
3.488401488 354 2290.885492
3.662284736 362 2277.87989
3.835135818 348 2311.717297
3.332645576 364 2262.237403
3.430431939 357 2311.773988
3.672496863 361 2237.822771
3.972578811 359 2256.72829
4.385571831 326 2256.431278
3.911635515 350 2307.589695
4.860459098 311 2231.260135
2.93784865 364 2231.167077
4.852283557 316 2304.289333
4.786731501 325 2316.002082
4.252793446 335 2296.872316
3.955019917 357 2280.671962
4.10598835 357 2242.152146
4.107392578 330 2257.59181
4.804588093 320 2246.785674
4.832113967 330 2279.320225
4.454860398 333 2300.745047
3.565150019 369 2286.200318
4.690657522 330 2238.450527
4.32192371 335 2230.803954
4.787150578 336 2242.755771
4.269004374 339 2310.028449
4.369040442 342 2267.859053
3.575505291 362 2310.497683
4.240379082 358 2240.614762
4.14675719 341 2243.49374
3.133764568 347 2290.74419
3.230836972 370 2292.629189
4.092405463 335 2273.883634
4.001769835 341 2242.710821
4.477795935 323 2235.882277
4.034798919 337 2228.346118
3.97097498 372 2312.990029
2.825152707 374 2314.093851
4.377468124 328 2247.487694
4.566340283 329 2257.893441
4.064985708 364 2317.554954
4.311695629 337 2309.441478
4.685462151 344 2307.852413
4.72496192 317 2227.723809
3.713888876 344 2313.607378
4.524423982 325 2314.531143
4.700194793 334 2286.97738
4.228931745 349 2267.003109
3.800415334 344 2248.771239
3.286883978 362 2307.58365
4.02771725 332 2228.405603
3.85132231 364 2252.570972
3.275580289 372 2298.210158
4.528525413 345 2316.098241
2.805148708 379 2303.598076
4.987822777 328 2233.699889
3.198524199 358 2277.991654
4.248670541 343 2227.589495
3.279575245 360 2256.372992
4.540081003 337 2304.832686
3.910962244 339 2302.523858
4.159622873 342 2236.769311
4.654657119 340 2265.137921
4.647324923 315 2243.222621
3.684497235 354 2309.05096
4.235828302 334 2234.62547
3.266991511 344 2272.041908
3.291718178 347 2256.466098
3.20404016 372 2314.537362
3.349854292 360 2263.115384
5.097116161 340 2259.023185
3.784781041 350 2228.842335
4.52201123 330 2266.577578
3.789123364 343 2301.078966
3.427034095 368 2305.466096
4.877123381 326 2228.67749
4.449157074 323 2247.633497
4.665146007 338 2317.545815
3.451958039 363 2294.602562
3.130426445 369 2307.112689
3.591678495 358 2311.683267
4.344498394 328 2262.65905
4.337847187 340 2285.629828
3.838663775 339 2235.965453
4.696971319 339 2287.606294
4.2411522 332 2251.323623
3.576415941 361 2230.931374
3.520471374 358 2307.263219
4.158582279 338 2257.007475
4.30483561 348 2227.798439
3.798453667 351 2235.523062
3.602791524 364 2251.254674
4.909331684 331 2235.906834
4.469533376 330 2282.517018
3.859178831 342 2309.451413
3.127729725 349 2265.888595
4.697641949 329 2278.007489
3.430740973 379 2278.227166
3.495581903 352 2251.942866
4.376182478 346 2295.967894
3.729786809 346 2260.380961
3.360544999 370 2313.932239
3.508416722 356 2297.262866
3.361664119 369 2255.837987
3.50302417 357 2293.579312
4.46360305 330 2240.322998
4.159082794 344 2285.789169
4.275194987 335 2262.409154
3.806075504 338 2275.938411
4.609742675 338 2243.824643
3.437040444 352 2255.14134
3.605127404 348 2250.614921
4.537946767 343 2245.959097
4.216181978 335 2250.508475
4.091954608 341 2228.933237
5.173314152 313 2313.201702
3.710670422 351 2257.469113
3.72650543 358 2285.065957
3.791212616 339 2237.477886
4.222235161 323 2243.480213
4.519322006 342 2243.692555
3.447751002 358 2298.828773
3.755908432 347 2242.959279
3.97740561 342 2256.791112
3.946605419 359 2296.39465
4.407830938 336 2311.439145
4.197524093 340 2278.624745
3.962740344 340 2265.27031
4.110647001 353 2254.051681
3.428988622 355 2279.272044
4.654472806 342 2312.425347
3.85241065 344 2248.616407
4.71716497 326 2273.395606
4.304202372 340 2281.263596
3.83767423 331 2253.501228
4.525038346 319 2280.731488
4.106582225 343 2265.645089
3.807413836 344 2313.423351
4.246341152 347 2263.544423
4.166529246 351 2255.704235
4.642058219 318 2264.474353
4.093819264 356 2234.691205
3.857398197 341 2306.227343
4.839361055 326 2229.452222
4.192348735 349 2299.058711
3.939536048 360 2245.189391
4.570588348 331 2252.620798
3.79031341 356 2307.013602
3.313851191 349 2296.910797
4.382281055 335 2257.105514
4.15465482 339 2298.71167
3.895758107 350 2257.247545
4.630744642 325 2297.903749
2.863704237 371 2297.900227
4.395510547 327 2231.662546
3.011216796 368 2313.043096
3.846948002 352 2251.719275
4.012742298 373 2314.107638
3.762249987 345 2265.867021
3.602841731 359 2244.165915
3.683719592 348 2252.030859
4.671029392 320 2227.223552
3.317093832 346 2305.971341
3.436009058 342 2308.575074
4.719195175 338 2243.372762
4.104257907 335 2262.228347
4.210671568 336 2258.118819
4.479842763 319 2246.266441
4.196876307 342 2317.71302
4.452981302 350 2285.977975
3.769293466 351 2257.652658
5.034283679 332 2270.950568
4.245149267 332 2226.991096
4.366603395 345 2282.301212
3.697108048 339 2276.938583
4.586874369 345 2264.610192
3.387769671 357 2233.718765
4.03407885 356 2290.164828
4.201348485 334 2269.77415
4.135692304 345 2299.862399
4.120904113 338 2258.464883
4.34304709 342 2286.116798
3.707076188 367 2296.598049
3.557021315 353 2264.214442
3.978835072 361 2275.87633
3.730447272 367 2279.654041
3.896992456 352 2272.772538
4.408214851 353 2260.992273
4.198373179 314 2269.565714
3.880963552 356 2273.802681
3.816360512 356 2280.311969
4.390623678 359 2301.259301
4.698002951 353 2234.507313
4.262179971 341 2229.71267
4.185749439 325 2298.37659
3.815549299 353 2290.531497
4.022777498 348 2268.730607
4.424897097 331 2314.296897
5.211026575 316 2227.903556
4.347055987 335 2240.772174
3.858647627 343 2282.20698
4.459151036 351 2285.793847
3.767206623 356 2254.160064
4.044616653 347 2251.901579
4.363156528 340 2278.406339
4.40558632 331 2314.129614
3.773427543 340 2287.044624
5.291454168 316 2232.715028
4.841547829 326 2280.959196
4.638141358 329 2309.331338
3.315369846 366 2302.52839
4.220019538 337 2303.275026
4.25896781 342 2255.428875
3.619951979 346 2280.302498
4.317600452 330 2246.540499
4.530677466 345 2242.602991
3.768089171 340 2264.433212
3.569243377 364 2282.707467
4.577053915 356 2251.292157
4.15845176 355 2273.551134
5.280500657 326 2236.827807
3.503492485 370 2295.331306
2.896407509 354 2273.620422
4.59163801 331 2299.159576
4.033659691 348 2265.311263
4.488978524 341 2314.75327
4.372790809 337 2237.887633
4.387469806 334 2314.760063
4.224897999 357 2265.788248
3.729238516 343 2291.531881
4.453503934 339 2240.648916
4.248743104 342 2283.216568
4.085717644 344 2316.051796
4.052637804 338 2228.114339
4.37213005 333 2261.340469
5.700797926 286 2229.328569
4.823597151 330 2263.483832
4.202964306 347 2311.03288
3.236025133 363 2318.024885
3.525886903 356 2273.687423
4.750432838 318 2237.397652
5.013381313 324 2263.914713
3.885370023 342 2306.592383
3.773173829 345 2252.000423
2.731881308 376 2286.587173
3.613508374 355 2303.399491
4.419935686 352 2293.23972
4.354329668 330 2273.749805
3.997796536 358 2263.684319
4.130026233 343 2283.617971
3.653822429 375 2294.471504
3.700591762 364 2253.403203
2.897416875 368 2286.954058
3.902873611 360 2308.296953
3.607327017 333 2316.35339
3.747745956 363 2271.194293
4.020713421 343 2268.148696
4.113548748 334 2298.452344
2.848997144 369 2292.604352
3.424315787 357 2311.476445
4.029448134 340 2280.797274
3.756377953 356 2295.65131
4.757618981 317 2301.733993
3.47491943 348 2290.896944
3.880334008 335 2229.273702
3.638457644 345 2248.497771
4.403761754 324 2266.073488
4.920284365 311 2296.838192
3.509751068 372 2310.15419
3.796756162 365 2250.342243
3.956339865 351 2236.412712
4.105315854 326 2238.516852
4.136209594 329 2255.922688
4.326328492 330 2283.768435
4.265005453 333 2294.647483
4.633920668 323 2237.195918
4.126531525 323 2249.428246
4.094080941 359 2284.799949
2.894939306 359 2232.889274
3.375195515 350 2288.09062
4.307764991 341 2300.897021
3.892607224 329 2281.26044
4.325992664 360 2297.730373
4.197540363 347 2315.918611
3.529990893 346 2252.506779
3.2943168 364 2303.149922
4.036305235 339 2255.322003
4.077519431 361 2274.788082
4.003703169 315 2254.671832
4.170795939 359 2231.459315
4.551518702 345 2279.741738
4.363407957 335 2242.475322
4.959048016 310 2294.388313
4.317008465 332 2289.374282
3.702932421 357 2277.271739
3.974000789 342 2304.203941
3.831519504 330 2229.294179
4.188928942 343 2308.535763
4.139744617 344 2261.579326
4.99206168 315 2252.794725
4.203124019 332 2249.542835
4.408923282 349 2230.50591
3.691732576 352 2309.726095
3.597908712 375 2253.772625
3.995409678 340 2287.995063
3.933446316 341 2264.880423
3.942771114 345 2282.133032
4.253589636 326 2293.271973
4.491462331 327 2293.385775
3.560991572 358 2295.127811
4.789612708 346 2304.239546
4.68164314 310 2244.745832
4.067699426 349 2260.435914
3.380462998 363 2271.418819
3.471314137 342 2241.722863
3.825653091 343 2316.448598
4.246243198 338 2259.081893
3.618459781 352 2270.897312
4.289271934 340 2301.375626
3.568524518 359 2255.142963
3.184600207 371 2303.763792
4.565824396 308 2269.179587
4.750132851 331 2306.571544
3.277852727 371 2258.25375
5.215493941 329 2228.75588
3.677593598 357 2311.13871
4.441856249 343 2290.573125
4.598759131 312 2242.069818
3.657497203 346 2282.399809
4.207539548 319 2280.968417
4.108649045 345 2287.512739
5.237255302 333 2234.328246
4.872331379 326 2258.23204
4.457593204 344 2303.989889
3.6070724 350 2259.032324
4.726035588 345 2287.598751
4.226784455 335 2251.809029
3.732655501 349 2317.423878
4.29582271 336 2230.278232
3.551823409 371 2300.608212
4.367955552 327 2236.18848
3.948486786 339 2266.657073
3.352943745 361 2246.095023
3.616463717 351 2304.584729
3.283148695 360 2308.433683
3.260054291 376 2236.713541
3.777680046 358 2287.274931
3.739009242 363 2287.171801
3.625793894 342 2235.109137
3.542011464 355 2315.716598
4.306041872 338 2288.212401
4.502540442 326 2235.819835
3.192922991 355 2283.945782
3.569143475 350 2294.756964
2.798761887 382 2311.456187
4.252205535 345 2286.78471
3.788727465 357 2309.912549
3.455952952 365 2314.408936
3.933805387 353 2244.544351
4.396808957 333 2247.929212
4.707844156 330 2266.125744
3.793117473 329 2258.155087
4.818346636 327 2238.816248
3.658421228 356 2254.214772
3.997790299 370 2316.891654
4.499396772 324 2315.393226
5.003287305 309 2243.670725
3.848361564 337 2253.395311
5.074143904 323 2284.585779
3.27438701 365 2256.348711
3.618643464 362 2308.336318
