4.801805753 310 2122.429665
5.088703657 286 2061.777892
4.079206889 344 2086.677758
4.131283395 353 2102.703064
4.073462256 327 2091.873265
4.492500489 336 2109.58426
4.866670545 315 2133.654189
4.265752178 336 2132.647341
4.101830317 345 2138.354909
4.478834694 328 2091.251286
3.948247925 340 2077.02364
4.994468938 311 2070.045102
5.227856643 290 2076.343142
5.076418758 325 2093.402579
5.564536131 298 2087.92095
4.567163114 317 2115.877006
4.84544668 338 2069.635732
4.091183416 341 2121.072288
4.360127583 321 2114.755128
4.911270315 319 2077.788826
4.43255144 334 2121.520957
4.417939364 333 2078.798198
4.646919061 331 2126.25018
4.361694673 320 2076.73385
4.525574806 322 2073.847561
5.365117038 322 2087.804862
4.307954754 336 2064.353957
5.167475047 307 2058.902275
4.54022763 328 2075.35929
4.082977734 347 2125.684774
5.306295331 322 2115.501493
5.081455246 296 2127.198134
4.299256923 346 2085.288464
4.638921575 310 2070.37489
4.415722854 323 2108.012775
4.566687977 333 2108.581065
5.553257152 303 2069.944067
4.648403884 334 2066.177269
4.612249942 326 2069.224248
4.922778849 312 2077.13993
3.6478563 349 2135.465577
3.468122271 372 2129.990134
5.419053514 302 2078.339582
4.66559634 326 2073.28642
4.96294258 302 2093.77111
4.705012767 332 2119.64674
4.34738981 328 2068.147698
4.377963334 340 2128.241484
4.845708617 308 2124.242966
4.637029195 318 2129.18906
3.598530887 334 2102.960269
4.965750717 320 2118.551363
5.15566313 328 2087.669845
3.909300602 339 2141.622982
4.301651159 322 2113.19149
4.175698541 343 2093.74273
4.553673071 308 2067.655671
4.750135591 321 2112.784448
4.485400875 327 2141.337434
4.615055114 335 2106.72638
4.403204771 316 2106.879373
4.414483441 317 2096.01246
3.987814376 360 2120.736563
5.1527833 309 2063.611251
3.622361926 361 2063.466751
4.992726257 293 2061.537721
4.137777609 333 2140.332862
3.532989165 360 2130.900172
5.361542268 308 2117.652386
4.666586539 320 2089.134918
4.173678986 327 2075.659193
3.358573608 349 2121.330603
4.740101955 328 2140.372658
4.627533885 308 2094.08645
4.566606551 333 2107.972323
4.064951514 327 2089.121592
4.612794776 336 2126.468702
4.442077225 335 2103.405115
4.72879755 328 2130.233253
5.095529247 307 2118.157696
4.26946425 342 2111.33114
4.587191136 333 2107.440229
3.746205639 349 2100.180114
4.261068136 345 2122.232372
4.90737031 324 2095.24566
5.127653996 297 2077.373416
4.340324934 326 2116.372842
3.829550298 333 2133.059173
4.713994784 311 2074.082422
5.391469294 322 2074.953152
5.569322924 309 2122.493046
3.960859911 336 2126.45593
4.819949098 309 2135.279606
5.096715306 326 2103.860224
4.509258629 342 2075.010719
4.759016217 326 2097.207934
4.399137303 317 2119.270201
5.395195161 317 2082.641437
4.810158835 314 2127.374049
4.153478049 350 2081.653522
3.826320821 331 2088.590909
4.856497157 313 2120.290676
4.482597383 323 2076.759469
4.960334575 311 2065.325023
4.761952723 346 2100.738999
3.495951058 349 2132.361362
4.168368915 342 2100.312859
5.214270557 313 2099.203651
4.895021656 304 2079.725411
5.426247036 301 2134.699669
3.558823985 348 2131.187682
4.797044062 327 2089.299655
4.54963834 340 2138.55458
5.524151392 315 2111.618462
3.931011106 335 2093.49372
3.384905634 361 2105.889726
4.090574949 334 2113.909548
5.217285789 299 2081.948039
4.292808074 320 2089.096785
5.143313562 320 2097.982415
4.484353176 327 2064.860605
5.166773044 332 2098.889835
4.78386093 323 2071.198695
3.335755435 346 2087.805357
3.757001247 348 2136.092512
4.167641689 347 2132.31161
4.199132105 339 2080.040252
5.392436439 321 2124.891978
5.742303389 303 2135.267543
5.157715348 318 2079.612528
4.395495528 320 2123.922141
4.414862229 320 2139.622567
5.653129239 279 2066.612684
4.655899527 325 2078.838815
4.902459556 301 2059.27005
4.622503323 332 2090.42769
4.737231546 308 2091.373515
5.124692535 306 2087.185185
3.867357298 317 2139.709379
4.158536317 344 2098.621449
4.69284019 303 2086.522714
4.609911903 347 2134.413302
4.484330413 343 2141.282815
4.640463807 325 2060.089516
4.217897395 338 2099.092549
5.474209425 310 2061.41931
5.092767262 309 2130.416495
4.659527205 333 2115.527895
5.1028546 297 2059.866708
4.80587757 321 2136.91797
4.863850293 316 2120.900312
3.983016048 319 2075.302498
5.116650328 313 2120.098109
5.798938917 302 2090.829151
4.932353621 322 2117.40092
4.757125345 319 2075.488779
4.317151103 332 2094.549104
4.550814602 334 2097.098448
4.322286175 326 2071.588824
4.424804272 329 2124.344268
4.67270932 325 2076.892806
4.262083747 339 2067.852972
4.205003661 322 2132.385344
3.812177434 343 2084.521328
5.276816381 314 2070.733527
4.33492523 325 2078.619668
4.605784342 324 2077.607581
5.67864393 297 2097.325082
4.550324576 328 2132.894317
3.618649513 354 2106.247789
4.540691978 337 2068.922239
4.37758456 347 2104.470908
4.772420059 320 2093.146053
4.362146767 330 2080.67629
3.986520354 340 2112.78251
4.628075103 311 2067.838044
5.369339973 306 2078.736073
4.123854719 342 2095.805614
4.490740084 327 2098.072257
5.187370455 313 2099.29034
4.47214337 320 2106.687125
4.71067646 329 2077.265386
4.815234933 313 2114.230008
5.157513942 317 2134.13994
4.191154377 333 2105.926794
4.654468427 327 2113.927507
4.683827887 331 2081.520853
5.58301104 314 2068.025981
4.543773176 314 2128.070917
3.87372257 346 2058.728037
4.592108484 317 2058.83036
4.04745607 336 2137.233807
4.437037299 332 2137.63613
5.099885951 306 2094.611169
3.92900526 337 2107.090699
4.932920431 320 2084.451408
4.806426036 347 2139.869593
4.455696949 345 2107.997392
4.547404474 321 2090.881792
4.907590137 328 2112.784372
4.155661599 337 2084.173432
3.386032951 359 2132.033705
4.522158739 303 2079.839493
4.930843256 305 2077.622611
4.169063465 321 2108.791699
4.985825728 310 2078.039509
3.826333786 334 2081.652595
5.256802728 298 2082.100808
4.327940452 328 2073.259804
4.78699548 332 2097.310488
5.185901162 319 2123.562736
4.586447782 289 2061.006125
4.508299447 327 2111.646528
4.152192292 329 2132.396888
3.647636219 352 2128.91657
3.930725093 343 2107.657671
5.089892548 306 2090.535454
4.774005973 312 2092.104489
4.119408566 334 2088.608708
5.308599634 306 2116.397231
4.269656785 327 2141.144533
4.341947303 338 2115.105869
4.907331781 330 2103.428321
4.469348602 337 2119.040284
4.89007251 313 2135.020024
4.522250171 329 2107.617046
3.782881965 351 2073.843739
5.054694854 308 2104.777974
5.740173292 297 2132.874892
4.518359602 309 2108.063715
5.128903645 300 2069.383622
4.156589983 325 2116.928014
5.119538648 299 2061.367375
4.59691141 311 2117.497832
4.513469403 333 2104.396852
5.452096596 310 2093.50501
4.862459298 320 2113.450195
5.556553507 302 2069.449518
4.853538894 322 2118.351445
4.913323088 294 2060.189549
4.663141935 341 2123.350721
4.681947381 330 2097.133602
5.303656752 293 2064.888771
5.211963554 306 2071.330621
4.325076926 334 2090.883673
4.754149471 315 2111.893761
4.249927598 325 2095.273093
4.325155611 316 2113.656294
5.035041142 314 2095.339953
5.114191515 310 2075.27048
4.905413284 319 2135.908041
4.512404195 323 2104.648827
4.915706448 337 2094.672373
5.055436693 296 2096.750896
4.068620893 344 2128.31623
4.181046601 312 2129.658954
4.342726387 352 2068.134431
4.984119675 316 2121.9798
4.402696105 309 2067.829904
4.821241818 323 2124.704074
4.03727611 344 2127.530491
4.383559765 312 2108.96336
5.203368522 331 2059.12481
4.758526022 306 2087.122705
4.443020572 339 2139.625178
5.325415076 298 2090.684006
4.821104061 325 2126.626067
4.161508422 333 2092.088992
4.487953323 321 2119.138099
3.219762113 372 2129.677686
5.123609372 307 2131.203866
4.790349303 333 2110.820236
4.1107907 334 2121.909509
4.932124726 310 2065.886178
5.273980703 313 2076.617178
4.70780639 319 2111.775785
4.667207592 325 2104.794031
4.59929819 298 2067.824468
4.828554566 332 2073.449211
4.551437968 333 2102.542802
4.935155869 327 2134.015602
4.21342996 303 2122.101613
4.104525196 342 2120.538821
4.272138904 324 2118.304911
4.406105093 315 2063.924066
4.649815668 335 2115.228738
4.432020144 341 2130.745272
4.415976997 322 2104.186148
4.890356801 309 2112.870734
5.054223817 311 2072.021826
5.10792598 319 2123.773754
4.945370819 322 2088.102071
4.895462142 334 2087.544947
4.353550243 344 2082.578536
4.109214584 354 2097.050585
4.445367382 324 2063.724121
4.767808573 329 2062.403272
4.652851166 318 2135.804961
4.212072351 335 2093.861731
5.18941089 321 2065.792985
4.50878769 335 2105.115226
4.255941023 352 2104.587056
5.180484831 317 2059.953152
4.461982937 320 2076.689133
5.076011726 316 2080.539316
4.321960689 323 2093.4114
5.175433045 323 2069.614702
5.23044442 323 2101.641481
4.577106196 322 2113.721159
5.134106666 303 2095.175453
5.275803525 301 2061.808405
4.990666598 312 2100.146691
4.958802036 317 2121.751595
4.494002803 329 2132.81585
4.196674708 339 2138.454405
4.544377379 318 2097.883782
5.59835485 306 2091.749379
4.338716991 336 2119.454885
5.057253702 310 2065.67885
5.038652569 317 2141.359115
4.382242823 346 2123.481492
5.141957806 290 2103.275801
4.998208482 312 2059.465777
4.79722678 329 2136.504931
5.572796821 297 2063.679654
4.986069097 325 2091.169915
4.398750353 315 2073.742088
4.967374853 309 2066.92501
4.122077915 323 2103.582416
3.060388487 369 2110.415538
4.621453807 329 2124.635082
4.899503592 305 2079.811178
4.092389615 333 2130.395381
4.969385071 311 2141.201595
4.350114361 329 2066.666756
4.906035675 316 2133.359941
3.954076727 351 2131.397748
4.896255478 328 2126.739708
4.479705641 324 2090.846959
4.247090926 314 2109.041063
4.353058721 321 2079.904475
4.413974424 323 2083.05823
4.453731161 315 2124.39531
5.61562669 316 2071.285927
4.575479096 337 2124.003952
4.452454313 329 2111.659276
4.762059694 303 2088.31824
4.411747363 324 2103.888334
4.51539437 326 2105.685848
5.478046935 316 2075.535723
5.098857773 305 2060.060184
4.807497045 324 2110.130129
4.59852407 316 2060.832825
4.533917329 334 2141.123763
4.238921519 328 2061.311822
4.30433345 321 2068.440528
4.563127757 323 2079.335151
4.341042651 333 2127.375723
4.172650005 315 2100.089824
3.051947442 354 2119.183483
4.614395673 311 2107.264858
5.611502474 305 2094.401169
4.581691266 330 2132.8201
4.056273041 329 2118.445044
4.524732431 323 2124.698412
4.901360616 332 2119.063635
4.241514933 338 2117.185016
4.563473339 347 2074.857977
4.114520768 321 2058.569269
4.125334038 338 2111.830093
4.414332365 328 2059.709068
4.624578934 328 2121.052708
4.64524489 324 2138.580604
4.114618596 335 2115.602117
4.855187421 340 2112.971784
4.549483878 332 2079.835202
5.430767042 309 2084.287476
4.534967659 324 2069.189988
4.20053834 343 2115.127878
4.924188596 331 2131.408426
5.671160491 320 2076.768506
5.131071998 310 2089.676802
4.349869669 327 2096.838025
4.241629138 330 2079.3498
3.71784721 348 2122.487958
5.543193427 309 2085.433782
4.813423415 317 2108.753439
4.41554625 340 2099.736822
4.865792373 324 2109.098312
5.356163741 312 2115.633975
3.837902062 339 2128.118608
4.453006532 328 2111.004294
5.08553394 330 2117.068838
4.951752963 317 2097.000143
5.210580049 310 2102.90066
4.785875175 331 2119.262175
5.24398389 308 2073.877301
4.251661545 323 2121.614554
4.875529276 333 2078.833871
4.818630809 310 2081.096866
3.577285538 355 2130.484205
4.369588427 331 2102.551143
4.505869546 337 2100.526062
4.869568231 327 2097.328243
4.539896556 301 2065.526461
5.008333705 339 2059.439523
4.276956758 311 2071.269999
4.178554813 335 2078.85567
5.106476266 323 2126.395577
4.157835839 352 2139.697798
5.541543828 283 2103.700766
5.450809856 315 2100.714953
4.736739226 326 2118.680982
4.711158966 329 2101.862891
4.600145319 336 2108.538256
4.985706704 330 2099.140181
4.939348252 315 2065.301376
4.800964755 325 2102.358241
4.721238176 331 2108.431876
4.505302683 330 2088.901621
4.483388778 330 2059.799463
4.632797859 327 2082.598763
4.86491517 312 2138.004623
4.297943133 322 2095.97634
4.39434962 310 2113.023372
4.689423694 334 2129.977544
3.36872423 353 2141.389317
5.283305271 314 2116.96631
4.791537074 306 2065.263098
4.077115728 336 2137.51082
5.141719046 300 2095.705313
4.051381465 346 2125.881198
5.048106727 315 2071.928367
4.178334355 326 2068.155371
4.071193671 354 2116.061094
4.623650894 329 2133.986845
5.116197078 331 2069.835987
4.329958066 325 2121.595444
4.205953634 328 2066.944386
4.189545701 336 2088.783248
5.039732839 340 2066.736597
3.999796328 313 2097.616161
4.440416964 314 2114.932502
4.677305023 321 2088.805727
4.356232141 321 2084.48059
4.386180196 319 2091.820995
3.798499214 347 2087.797738
4.432667512 330 2140.958967
4.146308765 346 2132.022292
4.029560264 328 2058.985606
5.018350717 314 2110.355171
4.334168613 350 2083.337351
4.192355209 332 2081.22374
4.482407134 332 2094.16038
5.391237098 289 2106.98576
4.997745969 312 2116.028046
4.966033814 340 2092.245882
5.777093708 286 2063.107649
4.205586626 330 2131.321368
5.121365342 313 2123.129409
4.279616595 339 2122.804248
4.265027667 328 2116.191351
3.561944825 347 2102.946281
4.844142116 325 2104.927219
4.621146254 324 2087.283313
4.419809188 322 2073.540927
5.043009686 320 2120.233483
4.732278865 328 2115.725918
4.314392662 334 2109.275319
4.335517002 335 2081.446536
4.417862646 344 2105.736839
3.588937101 334 2127.104512
5.968751409 309 2112.412436
3.753382061 349 2075.106739
4.223333378 333 2124.044096
4.828222166 296 2130.9416
4.212368468 334 2121.607931
3.95941777 357 2138.721456
4.411961341 324 2117.42046
3.875713835 336 2093.286253
4.553528233 337 2086.035555
5.028480459 319 2119.692646
4.321792162 341 2113.383654
5.059861392 314 2117.548092
5.217152842 314 2111.836322
4.789377077 329 2117.062975
4.67364474 324 2079.311001
4.919879387 331 2073.535165
3.910556873 339 2138.020078
5.193975096 301 2062.270467
3.62291758 343 2089.144324
4.89570348 307 2108.158359
4.487381291 324 2133.121087
3.77975008 322 2104.383859
4.81507425 317 2088.576899
4.769304494 324 2068.411788
3.942323364 335 2094.402852
4.782046719 325 2127.017464
4.740520483 319 2084.239184
4.705066768 320 2076.363202
4.596757615 323 2111.016359
4.288516048 352 2096.541436
4.262602089 321 2109.090393
5.281964978 313 2059.274275
4.525938079 319 2073.799922
4.394395061 333 2101.941827
4.480411637 319 2110.432748
5.229819031 304 2079.32059
4.768229729 327 2133.21064
4.486246959 321 2119.830405
4.17320787 340 2135.742057
4.720416503 310 2101.186862
4.131204392 323 2063.740857
4.907085006 318 2078.708947
3.899755359 346 2081.868454
4.527033149 296 2076.471007
4.61299504 317 2107.613781
4.918027297 311 2096.50593
4.162591438 314 2089.62927
4.596662445 332 2075.685987
4.71564956 317 2113.143161
4.138756734 344 2138.926106
3.960831522 341 2072.276327
4.797808828 300 2062.687021
4.583817993 317 2089.19503
4.457313631 344 2112.633903
4.479896364 331 2111.497313
4.860017722 310 2058.793223
4.206648164 327 2076.337652
4.727304274 314 2133.559724
5.194100886 312 2077.811659
4.030377645 343 2121.154317
3.674312072 350 2127.81954
3.198972968 355 2103.277428
5.234096435 309 2062.61375
4.487714216 338 2092.421751
6.20099696 296 2091.699604
5.21240733 327 2096.70051
4.711282697 332 2063.939861
4.24333139 344 2125.145857
4.795015613 326 2138.084532
4.795299108 336 2112.864596
5.401649225 296 2073.834098
5.130301068 312 2118.152184
5.238132761 311 2079.662775
4.096928133 332 2099.371223
4.5796225 334 2117.861614
4.308303858 333 2097.378596
4.434122157 340 2128.162831
6.055199023 296 2135.066237
4.425694081 303 2093.122028
4.223791675 335 2084.995028
4.597257642 324 2067.525531
5.063096733 302 2125.076736
4.719014699 316 2075.84207
4.673985495 334 2076.105334
4.668907963 298 2062.365838
3.776921737 345 2110.550796
5.104317424 316 2113.55236
5.042494844 303 2122.250441
4.559582683 336 2135.527213
4.919700397 333 2095.483052
5.068255361 330 2123.275739
5.338972953 307 2095.860135
4.301893382 328 2116.169448
5.316935954 311 2079.618098
5.238734239 311 2078.002468
5.078372692 310 2111.641916
4.283624119 336 2092.669323
4.273527514 329 2097.776461
4.606424634 316 2069.68041
5.238806265 316 2067.146466
4.949393172 303 2118.159757
4.544965634 313 2090.062227
4.850354977 334 2098.397693
5.080308222 288 2083.159356
3.698139596 355 2122.66221
6.203961021 297 2076.948139
3.840821401 345 2113.258141
5.006354489 317 2075.037669
4.398472254 333 2109.846399
4.735588916 322 2085.326598
4.536712268 313 2122.440237
4.505934691 336 2092.409866
4.347020477 321 2080.878968
5.340721077 299 2083.952212
4.286326319 349 2130.517837
4.518544122 318 2133.935527
5.08460956 334 2096.111296
4.305973902 338 2081.429993
4.860242642 306 2123.089729
5.318147615 317 2087.519478
4.583026857 335 2075.092454
5.232229844 312 2122.257853
4.803246069 309 2067.001025
3.871462701 353 2141.884981
4.825772108 311 2104.15833
5.653052711 291 2128.837284
3.645315681 375 2139.780795
4.642681117 321 2076.160259
4.647748785 304 2102.377078
4.68266961 316 2137.627173
5.17079846 290 2104.476423
4.189169256 327 2122.768217
4.448952926 344 2135.722962
4.265123806 320 2124.210231
5.183329672 321 2130.445607
4.424716516 335 2097.061721
4.848540574 302 2101.555477
4.966095484 309 2065.305822
4.353731991 338 2084.455888
4.805458358 322 2064.005399
4.486524082 316 2088.919593
4.641672487 316 2090.01102
5.154376266 306 2074.682484
4.443121404 316 2108.47929
5.125719409 310 2084.938173
4.119763253 343 2103.025958
4.568555834 297 2065.520543
5.136506021 312 2102.216436
4.284484502 345 2071.43734
4.563463964 331 2119.211886
4.47486486 320 2098.260534
4.499657818 327 2118.611526
4.673833259 353 2141.953946
4.832988039 340 2064.205536
4.845379436 315 2088.787615
4.577583343 331 2118.656447
5.111645533 324 2130.267532
4.41902367 340 2094.753259
4.567887165 332 2138.482296
4.403064807 339 2104.573771
4.48046383 312 2063.749927
4.707459647 326 2068.036367
3.817540055 348 2105.461672
4.247147879 329 2119.608936
4.95887129 310 2078.264705
4.62617591 332 2065.287534
5.019700435 310 2132.038337
4.255443097 334 2120.404806
4.74334695 323 2132.287094
4.527358521 336 2068.744725
4.266657586 325 2065.588702
4.484579171 326 2096.685211
4.453438388 348 2109.109892
4.401190469 320 2126.130788
4.925800426 308 2086.269444
4.790622031 330 2098.097942
4.686210179 335 2137.308108
4.443986164 321 2104.850494
4.448251865 326 2088.359688
4.892027364 343 2081.170236
4.661575311 338 2105.88826
4.748819466 307 2080.738848
3.942441964 338 2121.38726
4.836623941 306 2063.473157
4.191161516 352 2089.436085
4.248416808 342 2134.322524
4.32887944 352 2097.770173
4.552071782 321 2108.688757
4.665299767 313 2115.239993
5.241028656 304 2061.932148
4.363756665 322 2062.59826
4.978513987 316 2126.468828
4.635201118 324 2132.157019
4.587448055 330 2099.3651
5.392523959 292 2065.986673
4.680216521 318 2077.303604
4.536580972 330 2123.967841
4.101550271 343 2070.862749
4.256868667 341 2115.496322
4.731974935 327 2119.033503
5.185462152 312 2092.069292
3.807444127 350 2119.655521
4.914295295 313 2110.271842
4.340953364 329 2096.060409
4.656122111 330 2083.617818
4.274333585 337 2120.84257
3.623679335 361 2113.207979
4.493283028 323 2062.266959
4.471576184 345 2108.953934
5.020269548 327 2089.032805
4.168947654 346 2128.481384
4.095447618 342 2139.415196
4.807207463 306 2100.691845
4.67784433 316 2065.660691
4.863667607 315 2109.473568
4.391015582 340 2124.13567
4.166843577 346 2136.265434
4.760148125 323 2076.450729
5.503218567 317 2131.075718
4.817398211 328 2104.075078
5.246803144 321 2099.289678
4.882450526 336 2092.013317
4.070654778 337 2094.072799
4.469833303 333 2111.144106
4.97702265 319 2126.313817
4.473236038 325 2082.127349
3.751578592 330 2123.440998
4.687343276 334 2089.015485
4.105399735 348 2124.175542
5.040938432 308 2073.253313
4.331590064 333 2140.630196
4.451858463 346 2138.28118
4.695555594 322 2092.152162
4.539891857 329 2071.489233
4.870313292 297 2126.214166
3.641614493 338 2138.039799
4.745609604 315 2075.480958
4.725919315 317 2135.255322
4.154546373 330 2130.194225
5.141132867 307 2082.755935
5.045658645 314 2097.391925
3.791249033 347 2104.925163
4.924605134 343 2132.962773
4.846722784 316 2094.791562
4.231076315 333 2080.966516
5.254891837 305 2140.158573
5.030249471 321 2063.881278
4.50101475 321 2067.376671
5.688544141 296 2096.916476
4.811279708 315 2062.270633
4.7068762 326 2132.594194
4.057526157 338 2092.257188
4.815270265 316 2091.973395
4.258233594 316 2064.23478
4.163590205 345 2104.837411
4.479053212 327 2084.460894
5.271845555 300 2082.951026
4.560392257 325 2082.065818
5.459794624 305 2068.97988
3.824602932 353 2132.079183
4.836207927 319 2101.192653
4.590048975 313 2074.912481
4.420844423 344 2070.951789
3.711927382 347 2084.865462
4.679478351 298 2099.351929
5.310730858 321 2080.086165
5.295340863 315 2080.559772
4.74078385 326 2093.766352
5.062773391 328 2097.843828
5.254449863 295 2087.912135
4.436913116 346 2098.927856
4.457701422 316 2069.276679
4.69627836 319 2106.591998
4.219652663 334 2105.880911
5.37517962 312 2075.16303
4.681089126 341 2084.166627
4.068203291 307 2121.252824
4.241513803 334 2094.256981
4.102266921 330 2059.567878
3.448433507 353 2107.512289
5.219491802 294 2059.336518
4.761141151 309 2130.098868
4.756381772 328 2098.448529
3.671383948 354 2132.970309
5.167980698 310 2117.313402
4.55503688 350 2062.110537
5.08397529 312 2064.742545
4.948263242 307 2092.739517
5.007900747 302 2104.538643
5.533329379 310 2081.41889
4.024006219 309 2098.681906
5.089297392 315 2141.713009
5.167962848 311 2069.199693
4.87631227 308 2105.187692
5.343613386 288 2091.341479
4.895359573 335 2100.965035
4.385566903 304 2096.144971
3.895737982 358 2111.475146
4.781785403 321 2076.118704
4.166716391 342 2083.418786
4.685557903 333 2098.627687
3.768772328 352 2111.376116
5.088746966 309 2110.872247
4.624976231 314 2123.964334
3.904487534 342 2068.195679
4.776107709 314 2104.133917
5.35590631 302 2067.694245
4.046336813 342 2080.430554
4.843123975 324 2081.232315
4.378872071 334 2107.935358
5.304767513 321 2076.100481
4.777197256 324 2109.046576
4.838766395 339 2066.866401
3.936462486 318 2094.558279
5.002410382 304 2113.17914
4.883900202 303 2114.939337
3.831710951 344 2114.495478
4.854120567 314 2129.705303
5.244132418 308 2139.764873
4.69401636 311 2126.124623
4.833352482 337 2094.00684
4.516971697 339 2113.102709
4.583014625 320 2115.501073
4.469315338 336 2129.406725
4.029851618 338 2101.490084
4.410786378 327 2130.306413
4.549248523 333 2120.517221
4.512202192 311 2105.079808
5.402331549 309 2134.225509
3.674669516 349 2107.243225
4.909888179 325 2117.091758
4.675287217 326 2066.888636
4.22357556 326 2134.712186
5.42620006 319 2083.224555
4.536709089 325 2061.322713
4.253921022 339 2112.117843
4.98516094 317 2060.924725
4.052992828 327 2063.737263
4.936565847 329 2060.565058
4.017334593 353 2079.286208
5.123432264 317 2104.920427
3.775786741 335 2065.037159
4.556105675 333 2066.999554
4.899864292 330 2108.522624
4.04036371 341 2060.053979
4.675335394 332 2102.277092
4.739683951 322 2124.216861
4.187386451 322 2134.805638
5.023961861 311 2073.341049
4.406707119 343 2116.690069
4.311859492 332 2097.702554
4.979829546 332 2072.847246
4.875370794 328 2099.878165
4.619587376 321 2089.62453
3.307530851 329 2084.308303
4.91670713 322 2123.809652
5.281221865 318 2088.500951
4.412215161 337 2120.8444
4.515261833 316 2076.593774
4.834306142 335 2110.633194
4.884102338 314 2062.932223
4.639717097 327 2070.555417
5.212513347 312 2124.366578
5.444482603 302 2121.684882
4.441040149 333 2085.378915
5.836404001 294 2059.649839
4.643534662 323 2074.671565
4.388525754 343 2133.251227
4.13181331 330 2068.543241
4.205127282 317 2122.75348
4.718648787 330 2101.953016
4.36453419 316 2117.105711
4.938327104 322 2075.041035
4.478122612 325 2118.102341
4.198696338 324 2067.10924
4.331348304 327 2101.946547
3.459212579 352 2131.311297
4.233534478 329 2093.740434
4.998544818 321 2134.829686
3.751596118 346 2113.872616
4.826262231 329 2106.14241
4.643920513 332 2094.806954
5.329342628 308 2059.947543
4.687438497 321 2075.531282
4.574473082 340 2094.744051
3.561620242 350 2139.53108
4.226181803 333 2091.576122
5.300529833 290 2058.859426
5.525256269 317 2097.730059
4.444354956 333 2068.545971
4.624557264 343 2061.033669
4.717507388 316 2098.960061
4.657184949 321 2077.766948
3.850103697 340 2128.092618
5.02157024 299 2081.703551
4.847170533 294 2072.313424
4.747572221 323 2115.048263
5.024836589 316 2114.402011
4.777739697 313 2100.108891
4.291421951 335 2140.189321
4.414907403 328 2073.132795
4.192588427 341 2070.090036
3.974792059 345 2065.242947
5.024157296 310 2108.070009
3.42360055 361 2132.685565
5.813176673 293 2083.615013
4.690271858 318 2086.589184
4.509275138 336 2093.633015
4.569319718 336 2126.538638
4.67569682 320 2081.304697
4.611740071 318 2072.10352
4.801327673 318 2066.417617
4.508527474 333 2109.987199
4.741798892 325 2109.454705
4.103169705 350 2140.980754
5.060996925 321 2081.524328
5.325882567 298 2128.313077
4.350442097 325 2137.675798
4.827064176 329 2082.593871
4.664805855 334 2105.414663
4.151195359 342 2122.236895
3.200926177 341 2132.215638
4.35911728 331 2066.476348
5.286997369 287 2064.584149
3.77110551 355 2096.131583
4.504862551 329 2081.141563
3.226801279 337 2080.318347
4.675065595 328 2090.554829
5.648071477 293 2128.746652
4.746913133 329 2074.722257
5.703542505 287 2061.559728
5.149602938 314 2108.92346
5.005741393 326 2074.180854
5.207242617 296 2088.188885
4.556950026 303 2106.040401
5.395769709 308 2065.446318
3.577585496 344 2134.907402
4.830653533 321 2093.065353
4.836109917 319 2096.657006
5.115951119 299 2064.782703
5.006014807 332 2062.788671
3.87502133 348 2110.294408
5.26671073 303 2087.459739
4.159465525 340 2140.478527
5.092419453 292 2139.800442
3.755006244 336 2062.546814
5.080685384 318 2126.465906
4.796550238 325 2140.4648
3.964232235 350 2059.906218
3.937762677 348 2090.624376
4.79340723 314 2102.387515
4.685675725 336 2114.968086
3.987546095 342 2078.381284
4.089351703 350 2098.065524
4.991397863 308 2112.026396
5.779560179 312 2098.165493
5.002848561 317 2119.229727
4.851882166 321 2091.579785
4.790317207 306 2079.047859
4.92439931 319 2115.775862
5.129221157 317 2131.81955
5.316895987 305 2118.873408
5.09891174 335 2107.227107
3.800690709 351 2081.449695
4.752254663 301 2094.082504
3.694472901 361 2090.006989
4.753900763 325 2126.791249
4.485376531 331 2127.285303
4.610828084 318 2130.506775
4.805373998 316 2121.25542
4.403097194 328 2128.97405
5.256299363 307 2137.599291
4.163929019 342 2108.996674
5.221185444 299 2102.283915
5.065990998 297 2098.624602
5.286686567 294 2110.193019
5.797824215 302 2116.529848
5.197357947 308 2099.949386
4.393161807 322 2125.883317
4.163688609 341 2083.866385
4.475016529 327 2070.376742
4.663754867 323 2127.126186
4.402717234 333 2100.013926
4.615335613 320 2095.879003
3.82679081 357 2135.97956
4.968159584 323 2091.744591
3.469850522 344 2091.212038
4.683151033 319 2112.268781
5.452296332 286 2066.796237
5.340799573 304 2071.469109
4.834997877 308 2061.349173
4.403907467 320 2115.471619
4.789372748 305 2075.29275
4.690928735 312 2129.990416
4.021531597 333 2124.227207
5.343039589 290 2076.172917
5.170299682 315 2106.908614
4.413791527 329 2089.136691
4.724450042 341 2073.39641
5.276974279 324 2086.730897
5.000954007 312 2113.66031
4.230016201 320 2104.28872
4.802405286 314 2080.849483
4.139226591 352 2125.849445
4.226823652 342 2108.000708
5.463253416 303 2061.307768
4.582840934 331 2067.128514
4.200334681 330 2107.002642
4.65224316 307 2083.137266
4.217434992 312 2139.582633
4.805862857 330 2081.014821
4.185343895 333 2136.915684
4.558204991 332 2104.473025
4.733529672 320 2138.40441
4.827306086 311 2060.177421
5.083802682 311 2108.563303
3.824856793 329 2138.709034
5.171935451 304 2131.116998
4.130714181 321 2103.404281
4.313410633 331 2129.434268
4.745096742 339 2112.479191
4.285212779 331 2107.69669
4.613450524 326 2104.132264
4.129122 334 2096.882078
5.093263203 295 2084.009638
4.338660949 335 2137.434402
4.816064994 307 2058.64216
4.199335264 319 2105.960277
