0 0 3.1415926535898 0 3.1415926535898 0 3.1415926535898 0 3.1415926535898 0
-2.137319918867 -2.2024915838164 -0.31447088191607 -0.1549117051783 1.7544302111263 0.66891482306786 -0.41667754403726 -0.9238824101377 1.8769688130105 -1.440072914513
1.4424518638247 -1.2468237076633 -0.058772380829696 2.3704784526178 -1.9272825897093 1.9260345882481 -0.19064383680204 -2.7078747994333 0.28907874858956 -2.9978027773776
2.4449590001114 2.7172155326936 -1.0908657963867 0.709340753421 -1.0718423790444 2.3925193924503 -1.1524938868384 1.8885298887512 -1.410199616837 1.722210527337
1.3003742807075 0.019170860427358 -2.6906726715718 0.76906602862144 1.2432172327683 -1.699386773522 1.402397705062 -1.7302138463221 1.4313556027636 -1.7216400610894
1.6311204586184 -2.7801745561429 1.4919906381728 -1.7984996910395 -0.56838889880034 -2.0547172028748 1.1625908683102 -1.631282718929 1.7928720671718 -0.96150058461124
-0.88684125709678 -0.95050513723276 2.9135873487313 -0.028527865709539 -1.7510552427683 0.96100642529615 -2.3482884480427 0.57355878636991 -2.7044364833699 0.32746546296525
1.1375648651197 2.4663859382597 2.8760614705921 -0.4310485729948 2.8360216365364 2.8635415021814 -0.46862752965816 2.0318042561102 -0.89801520529985 2.4950091329909
-2.0537362615154 -0.72404847185123 -1.6546095613482 2.7451595899605 -0.70333116522813 2.7730639502155 -0.082575385002993 -3.054307901134 0.18919278809182 -2.9619430641346
-0.20069106283863 -2.0746364790264 -2.7749716474757 -1.1284701855378 -2.2907223998014 0.90689786097285 -1.6930745667256 1.8854357249531 -1.5147843312766 1.7027970128781
2.6832815761805 0.048714244319806 2.9237432701938 0.055475510556962 3.1023325265122 -0.75536345870652 2.1571213285522 -0.82041255070399 1.989802570085 -1.3012590515564
