0.31830479170413 1.2600974551361e-05 1.6971932505205e-05 2.0462930859138e-05 2.3412452272035e-05 2.600896535087e-05 2.8426708725447e-05 3.0529159097522e-05 3.2513386165928e-05 3.4530798922614e-05
8.8359894232214e-05 0.0017052445208516 0.0026559309042296 0.0012204950571535 0.00071696863904939 0.0016051870051004 0.0015736829617921 0.0011124346058035 0.001057694316943 0.00091983214695676
0.0021669727689622 0.0024491839536654 0.0021062950079761 0.0022197837772757 0.00076130720189518 0.0012176627906144 0.00037753662371144 0.00035370324163914 0.00087972477826502 0.00096054978673141
0.003363990513185 0.00072528769370168 0.0014511002207591 0.0014747780977671 0.001750234407027 0.0010270299603928 0.0011820161291049 0.00082027132906842 0.00079403660728607 0.00054813658855841
0.0025853478557967 0.0014591062157907 0.0010166345611323 0.0012168596868997 0.0023889891731275 0.0018231412093872 0.0023613702520426 0.0024829736284217 0.0024833548498028 0.0023870219429047
0.0013123485831165 0.0016316726513724 0.0023375719841855 0.0017487258528658 0.0015071164196918 0.00096548226931998 0.00061665472088681 0.00074305203378686 0.00095078932790334 0.0010358048731746
0.0035890698062347 0.0027709239364672 0.0018434713843834 0.0032693962198287 0.0024186690131353 0.0020722056921544 0.0020519558840651 0.001639859364391 0.0016089957571542 0.0014035081910725
0.002754004649763 0.0024990142769258 0.0011998376027992 0.0013455185306923 0.00023761548267409 0.00039660796486872 0.00030057184580292 0.0005373684432739 0.00040486989653596 0.00032306671400313
0.0021809684010169 0.00046095547864938 0.0011094376662132 0.00077271741096636 0.00070987340185109 0.00059731638914017 0.00067872757406096 0.00051847315330196 0.00033403204429794 0.00035777410143379
0.0058059699205427 0.0021552637524516 0.00043323626640276 0.0027479128448314 0.0014215685466361 0.0014456553131312 0.0011295115650527 0.0010166128755677 0.00093627925831801 0.00089500173233616
0.0029211219535508 0.0020075806490018 0.0011262457503389 0.0021114120679856 0.0022087634916018 0.0022165837487781 0.0019969513169563 0.0018758556384943 0.0017638255310942 0.0015557366962145
