0 0 0
0.196 9.5384941092223e-05 1.7872187407682e-06
0.392 0.00033840758352644 6.2963556762419e-06
0.588 0.00063475922812475 1.1726243800559e-05
0.784 0.00090165209875594 1.6460351716551e-05
0.98 0.0010971914370847 1.977373385347e-05
1.176 0.0012150602682434 2.1751120108837e-05
1.372 0.0012675567973988 2.2797361152588e-05
1.568 0.0012773059317133 2.2975935714387e-05
1.764 0.00126438465723 2.2382699570314e-05
1.96 0.0012426030140796 2.1274312102755e-05
2.156 0.0012143613263191 2.0140512492978e-05
2.352 0.0011737571669448 1.9540586892635e-05
2.548 0.0011261612229766 1.923477603033e-05
2.744 0.0010839956679542 1.8682765538515e-05
2.94 0.0010448691315141 1.8152645368809e-05
3.136 0.0010096668595515 1.7381548837336e-05
3.332 0.00097758433019633 1.6139656457185e-05
3.528 0.00093902164831637 1.5153755663022e-05
3.724 0.00090092452150322 1.44841345321e-05
3.92 0.00086555135375841 1.4202175820001e-05
4.116 0.00083568239193068 1.3847704683184e-05
4.312 0.0008060996749884 1.3324655779065e-05
4.508 0.00077261895585288 1.2760024714999e-05
4.704 0.00073588250584579 1.2269488582981e-05
4.9 0.00070197202239307 1.1658883910864e-05
5.096 0.00067050768088676 1.1028183776351e-05
5.292 0.00063958464912258 1.0484582024885e-05
5.488 0.00060683809207315 1.0037210174443e-05
5.684 0.00057012925928593 9.5770130904516e-06
5.88 0.00052739505807287 9.0826897921562e-06
6.076 0.00048085095555618 8.475843771395e-06
6.272 0.00043381654590274 7.6710113843677e-06
6.468 0.00038542991173121 6.7788906524906e-06
6.664 0.00033521888510153 5.9087807881059e-06
6.86 0.00028609159427153 5.0413448556152e-06
7.056 0.00023992196646946 4.2256748826698e-06
7.252 0.00019634966387478 3.5569754789972e-06
7.448 0.00015618042468335 2.9890926054803e-06
7.644 0.000120960694673 2.4406015231908e-06
7.84 9.0630367862583e-05 1.9508121938685e-06
8.036 6.564787726335e-05 1.5343723443673e-06
8.232 4.581396473853e-05 1.2008610396806e-06
8.428 3.0531967382472e-05 9.3734531164581e-07
8.624 1.9382604650335e-05 7.1608433437368e-07
8.82 1.1698082261002e-05 5.2903815097216e-07
9.016 6.7097373437252e-06 3.7725956892366e-07
9.212 3.6636628277347e-06 2.6207548230432e-07
9.408 1.9183127988527e-06 1.8116549699282e-07
9.604 9.6981888285323e-07 1.26229213796e-07
