0 0 0
0.196 1.1656941210302e-05 2.1117819178005e-07
0.392 8.1410666431052e-05 1.4738872834883e-06
0.588 0.00022546218720582 4.1051826739307e-06
0.784 0.00041862045138354 7.6522248898457e-06
0.98 0.00062102005242132 1.1247248237106e-05
1.176 0.00079647367556381 1.4258168655217e-05
1.372 0.00092555607202586 1.6394392287002e-05
1.568 0.0010064567176684 1.765183188856e-05
1.764 0.0010498041408075 1.8122845590649e-05
1.96 0.0010651354947366 1.8246420068645e-05
2.156 0.0010668490381078 1.812465885048e-05
2.352 0.0010651053570638 1.7723195154992e-05
2.548 0.001053543003439 1.740250038941e-05
2.744 0.0010329356553456 1.6866242393281e-05
2.94 0.0010042538970467 1.6212995807521e-05
3.136 0.00097218985051038 1.5868605601488e-05
3.332 0.00095010810324634 1.561875615929e-05
3.528 0.00093388901866407 1.5453505377245e-05
3.724 0.00091511512113809 1.5055220304557e-05
3.92 0.00088531885912387 1.451540449185e-05
4.116 0.00084618821432509 1.4056950079235e-05
4.312 0.00080593672124059 1.3727722264078e-05
4.508 0.00077473690005141 1.3162657206398e-05
4.704 0.00074934710754865 1.2471254934361e-05
4.9 0.00072602089023389 1.1646933995753e-05
5.096 0.0006972967150196 1.0901767612021e-05
5.292 0.00065986637938928 1.0320688085715e-05
5.488 0.00061805118010186 9.6420897981347e-06
5.684 0.00057213404654976 8.9377850067527e-06
5.88 0.00052137110700833 8.3710333394461e-06
6.076 0.00046965383408067 7.796248464724e-06
6.272 0.00041989963485072 7.0988936375723e-06
6.468 0.00037219884157767 6.2974466795533e-06
6.664 0.00032471165887678 5.5172105799783e-06
6.86 0.00027781609879807 4.7777016984564e-06
7.056 0.00023230279999338 4.1005730393101e-06
7.252 0.00019015285376813 3.4489462006284e-06
7.448 0.0001515883121906 2.8759638501373e-06
7.644 0.00011761397243135 2.3654105593826e-06
7.84 8.8448962682894e-05 1.9260180436693e-06
8.036 6.434590425705e-05 1.5519901123779e-06
8.232 4.5101129906806e-05 1.2392847241218e-06
8.428 3.0237290490534e-05 9.7717766695454e-07
8.624 1.9282486926477e-05 7.5119073686478e-07
8.82 1.1682222038812e-05 5.553464071503e-07
9.016 6.7129302231201e-06 3.9330052726137e-07
9.212 3.667076586696e-06 2.6940576305928e-07
9.408 1.9192588213682e-06 1.8328367237001e-07
9.604 9.6907388627991e-07 1.2628607067119e-07
