0 0.020178616053072
0.032 0.020136386754687
0.064 0.020089861192599
0.096 0.020034743103104
0.128 0.019966736222499
0.16 0.019881544287081
0.192 0.019774871033146
0.224 0.019643237760604
0.256 0.01948794005483
0.288 0.019312001587552
0.32 0.019118448414066
0.352 0.018910306589666
0.384 0.018690602169649
0.416 0.018462287226597
0.448 0.018227669909472
0.48 0.01798872681508
0.512 0.017747431800123
0.544 0.017505758721304
0.576 0.017265681435326
0.608 0.017029160041774
0.64 0.016797967873605
0.672 0.016573743664133
0.704 0.016358123175139
0.736 0.016152742168401
0.768 0.015959236405697
0.8 0.015779196924819
0.832 0.015613186111843
0.864 0.01546073770113
0.896 0.015321340703054
0.928 0.015194484127987
0.96 0.015079656986304
0.992 0.014976338421518
1.024 0.014883560644965
1.056 0.014799735717607
1.088 0.014723230020502
1.12 0.014652409934708
1.152 0.014585641841283
1.184 0.014521294078027
1.216 0.014457971748626
1.248 0.014394739791331
1.28 0.014330715976453
1.312 0.014265018074301
1.344 0.014196763855183
1.376 0.014125071382662
1.408 0.014049271327919
1.44 0.013969281745671
1.472 0.013885121276035
1.504 0.013796808559127
1.536 0.013704362235062
1.568 0.013607800943956
1.6 0.013507179207625
1.632 0.013402695074689
1.664 0.013294582475465
1.696 0.013183075340273
1.728 0.013068407599432
1.76 0.012950813183259
1.792 0.012830515835001
1.824 0.012707679808957
1.856 0.012582447826981
1.888 0.012454962581229
1.92 0.012325366763856
1.952 0.012193803067016
1.984 0.012060414803615
2.016 0.011925350689387
2.048 0.011788762221946
2.08 0.011650800921897
2.112 0.011511618309846
2.144 0.011371365906398
2.176 0.011230196755625
2.208 0.011088284584185
2.24 0.010945818024336
2.272 0.010802986037404
2.304 0.010659977584716
2.336 0.010516981627598
2.368 0.010374188059822
2.4 0.010231808221428
2.432 0.010090074898716
2.464 0.0099492218104375
2.496 0.0098094826753398
2.528 0.0096710912121724
2.56 0.0095342817335762
2.592 0.0093993154533021
2.624 0.0092664909123153
2.656 0.0091361094010812
2.688 0.0090084722100654
2.72 0.0088838806297331
2.752 0.0087626361504607
2.784 0.0086450644518302
2.816 0.0085315381924598
2.848 0.0084224354285592
2.88 0.008318134216338
2.912 0.0082190126120058
2.944 0.008125448623503
2.976 0.008037785263613
3.008 0.0079562688619467
3.04 0.0078811291917859
3.072 0.007812596026412
3.104 0.0077508991391067
3.136 0.0076962683031515
3.168 0.0076488385874345
3.2 0.0076083662432696
3.232 0.0075745128175773
3.264 0.007546939857278
3.296 0.0075253089092923
3.328 0.0075092815205405
3.36 0.0074984761420503
3.392 0.0074922595599132
3.424 0.0074899074683191
3.456 0.0074906954358138
3.488 0.0074938990309434
3.52 0.0074987938222535
3.552 0.0075046632861492
3.584 0.0075108597266967
3.616 0.0075167708868858
3.648 0.00752178480259
3.68 0.0075252895096828
3.712 0.0075266730440376
3.744 0.0075253369587512
3.776 0.0075208663167437
3.808 0.007512978433448
3.84 0.0075013935440169
3.872 0.0074858318836036
3.904 0.0074660136873608
3.936 0.0074416668538419
3.968 0.0074126955398022
4 0.0073791801602
4.032 0.0073412087933932
4.064 0.0072988695177402
4.096 0.007252250411599
4.128 0.0072014421760223
4.16 0.00714665431041
4.192 0.0070882611553689
4.224 0.0070266491936093
4.256 0.0069622049078422
4.288 0.006895314780778
4.32 0.0068263656368092
4.352 0.0067557856438123
4.384 0.00668408326486
4.416 0.006611776188431
4.448 0.0065393821030035
4.48 0.006467418697056
4.512 0.006396403638817
4.544 0.0063268399153248
4.576 0.0062591899530324
4.608 0.0061939092326712
4.64 0.0061314532349726
4.672 0.0060722774406678
4.704 0.0060168373304884
4.736 0.0059655176694128
4.768 0.0059184203594088
4.8 0.0058755765866913
4.832 0.0058370175374751
4.864 0.0058027743979752
4.896 0.0057728783544065
4.928 0.0057473029744671
4.96 0.005725685353874
4.992 0.005707540799934
5.024 0.0056923844519699
5.056 0.0056797314493044
5.088 0.0056690969312603
5.12 0.0056599855639575
5.152 0.0056518108578631
5.184 0.00564393938798
5.216 0.0056357373414149
5.248 0.0056265709052744
5.28 0.0056158062666652
5.312 0.0056028181133132
5.344 0.0055870965373536
5.376 0.0055682148009818
5.408 0.005545748002527
5.44 0.0055192712403185
5.472 0.0054883596126854
5.504 0.0054525956738019
5.536 0.0054117334622762
5.568 0.0053656985011506
5.6 0.0053144237693122
5.632 0.0052578422456482
5.664 0.0051958869090458
5.696 0.0051284934815688
5.728 0.0050557219410191
5.76 0.0049778046789254
5.792 0.0048949867867079
5.824 0.0048075133557868
5.856 0.0047156294775821
5.888 0.0046195807863773
5.92 0.0045196786029012
5.952 0.0044163618207314
5.984 0.0043100839907516
6.016 0.0042012986638455
6.048 0.0040904593908967
6.08 0.0039780197281667
6.112 0.0038644371308313
6.144 0.0037501798258256
6.176 0.0036357178846743
6.208 0.0035215213789024
6.24 0.0034080603800346
6.272 0.0032958049595959
6.304 0.003185182927021
6.336 0.0030764530433837
6.368 0.0029698318076681
6.4 0.0028655357188578
6.432 0.0027637812759366
6.464 0.0026647849778885
6.496 0.0025687311693587
6.528 0.0024756164249043
6.56 0.0023853693543729
6.592 0.0022979184738674
6.624 0.0022131922994908
6.656 0.0021311193473462
6.688 0.0020516216286705
6.72 0.0019745645382761
6.752 0.0018997843195392
6.784 0.0018271169749151
6.816 0.0017563985068591
6.848 0.0016874649178267
6.88 0.0016201553807275
6.912 0.0015543521105604
6.944 0.0014899683420502
6.976 0.0014269179947399
7.008 0.0013651149881724
7.04 0.0013044732418909
7.072 0.0012449091524306
7.104 0.0011863960871537
7.136 0.0011289643842487
7.168 0.0010726468588969
7.2 0.0010174763262794
7.232 0.00096348560157725
7.264 0.00091070783382051
7.296 0.00085919129415892
7.328 0.00080900523676519
7.36 0.00076022046140892
7.392 0.00071290776785968
7.424 0.00066713795588704
7.456 0.00062298170859726
7.488 0.00058049559283457
7.52 0.00053970875956241
7.552 0.00050064720983449
7.584 0.00046333694470455
7.616 0.00042780396522631
7.648 0.00039407425385842
7.68 0.00036216031163836
7.712 0.00033203739369102
7.744 0.00030367437703442
7.776 0.00027704013868659
7.808 0.00025210355566558
7.84 0.0002288335049894
7.872 0.00020719311907844
7.904 0.00018712255196251
7.936 0.00016855621307379
7.968 0.00015142851184442
8 0.00013567385770659
8.032 0.00012122666009244
8.064 0.00010802081021795
8.096 9.5987173097709e-05
8.128 8.505551839137e-05
8.16 7.5155614247747e-05
8.192 6.6217228815652e-05
8.224 5.8170130243898e-05
8.256 5.0944998421034e-05
8.288 4.4480448748135e-05
8.32 3.8719182571022e-05
8.352 3.3603935003655e-05
8.384 2.9077441159993e-05
8.416 2.5082436153995e-05
8.448 2.1562441369872e-05
8.48 1.8471652596769e-05
8.512 1.5771958491969e-05
8.544 1.3425417547131e-05
8.576 1.1394088253912e-05
8.608 9.6400291039705e-06
8.64 8.1256476517323e-06
8.672 6.8213798952724e-06
8.704 5.705690276315e-06
8.736 4.757392299352e-06
8.768 3.9552994688751e-06
8.8 3.2782252893764e-06
8.832 2.7050870380857e-06
8.864 2.21950251293e-06
8.896 1.811611820604e-06
8.928 1.4720354971457e-06
8.96 1.1913940785932e-06
8.992 9.6030810098476e-07
9.024 7.6941289336468e-07
9.056 6.1113373854146e-07
9.088 4.8137227580747e-07
9.12 3.7642955562557e-07
9.152 2.9260662845861e-07
9.184 2.2620454476944e-07
9.216 1.7352512819606e-07
9.248 1.3143075436126e-07
9.28 9.8332468716038e-08
9.312 7.2906515788344e-08
9.344 5.3829140106121e-08
9.376 3.9776586197314e-08
9.408 2.9425098589868e-08
9.44 2.1606858993687e-08
9.472 1.5777797846516e-08
9.504 1.154978276806e-08
9.536 8.5346813780256e-09
9.568 6.344361296117e-09
