0 0 0
0.196 5.0201417121308e-05 2.6287995095802e-05
0.392 8.7883551911109e-05 4.8632281434533e-05
0.588 0.00010588341145719 6.4599534258206e-05
0.784 0.00010350020159487 7.3791727119316e-05
0.98 8.3941999973583e-05 7.7356171801618e-05
1.176 5.2103103547737e-05 7.7056987494408e-05
1.372 1.4521079258639e-05 7.4460664797525e-05
1.568 -2.0640589259955e-05 7.0596018817298e-05
1.764 -4.5721511825383e-05 6.6067772325658e-05
1.96 -5.6332448022324e-05 6.1287758992453e-05
2.156 -5.2486242018506e-05 5.65868003491e-05
2.352 -3.8140731967656e-05 5.2176112114374e-05
2.548 -1.9705449979213e-05 4.8031973838564e-05
2.744 -3.5571953272947e-06 4.3900527962381e-05
2.94 6.4853973188511e-06 3.9540632706851e-05
3.136 1.0158072596268e-05 3.5007416607013e-05
3.332 9.8301786915918e-06 3.0678915994637e-05
3.528 8.6320165585786e-06 2.6984287761009e-05
3.724 8.6808575173037e-06 2.4078852770971e-05
3.92 1.0262625967137e-05 2.1790679516921e-05
4.116 1.2429349577148e-05 1.9864234014897e-05
4.312 1.416073477697e-05 1.8171819034198e-05
4.508 1.4961149682395e-05 1.6697213477834e-05
4.704 1.4747393357416e-05 1.5424021886175e-05
4.9 1.357909376954e-05 1.4286622636129e-05
5.096 1.1619019411177e-05 1.3189872993097e-05
5.292 9.202683057877e-06 1.2062433957236e-05
5.488 6.7444691872854e-06 1.0890198995227e-05
5.684 4.5176903100395e-06 9.6977628903509e-06
5.88 2.5870577178295e-06 8.5161196979403e-06
6.076 9.4766004135196e-07 7.3739497996881e-06
6.272 -3.5238806937657e-07 6.2981656590525e-06
6.468 -1.253100517392e-06 5.3081454805753e-06
6.664 -1.7861589974315e-06 4.4115182677683e-06
6.86 -2.0643901982592e-06 3.6093195839115e-06
7.056 -2.1836151950572e-06 2.9039043497671e-06
7.252 -2.1601772753677e-06 2.2991509356621e-06
7.448 -1.9704722956269e-06 1.7945682955037e-06
7.644 -1.6237213194757e-06 1.3818546111897e-06
7.84 -1.192872096366e-06 1.04797602794e-06
8.036 -7.8003544074488e-07 7.8064704058169e-07
8.232 -4.6129081477219e-07 5.7022136200803e-07
8.428 -2.5841131007589e-07 4.0814312929793e-07
8.624 -1.4877174807735e-07 2.8601046146054e-07
8.82 -9.4566330640446e-08 1.9576704381338e-07
9.016 -6.577169103331e-08 1.3014908536636e-07
9.212 -4.6958397824907e-08 8.3137977923079e-08
9.408 -3.1882301870663e-08 5.0256374523646e-08
9.604 -2.0263840893892e-08 2.8339023251972e-08
