0 0.013453975100679 0.00017681115430932
0.196 0.013441794891872 0.00017193267834442
0.392 0.013405732758229 0.00015862246534226
0.588 0.013347393504608 0.00014019547580718
0.784 0.01326940963912 0.00012046330516552
0.98 0.013174278388613 0.00010250078345695
1.176 0.013063111915326 8.803467153077e-05
1.372 0.012935421257436 7.7394271779693e-05
1.568 0.01278964244558 6.99207545535e-05
1.764 0.012623584944304 6.4586742735863e-05
1.96 0.012434513260937 6.0471925011703e-05
2.156 0.012219411208975 5.6949900691818e-05
2.352 0.011975904512406 5.3682074799526e-05
2.548 0.011703327796373 5.0533323003008e-05
2.744 0.01140294183171 4.7474447618394e-05
2.94 0.011076918872162 4.4517305591279e-05
3.136 0.010726817778398 4.1691461363693e-05
3.332 0.010352718447998 3.9031548868415e-05
3.528 0.0099532647840974 3.6547133217855e-05
3.724 0.0095258465230546 3.4207564123202e-05
3.92 0.0090668653987169 3.1977649350802e-05
4.116 0.008572769033751 2.9852188885528e-05
4.312 0.0080416777189274 2.7852798601406e-05
4.508 0.0074745895169353 2.6021967627902e-05
4.704 0.0068755770373918 2.4406780369767e-05
4.9 0.0062512535416644 2.3007617977951e-05
5.096 0.0056100757791991 2.1738456673037e-05
5.292 0.0049617836558124 2.0466156246546e-05
5.488 0.0043170806657078 1.9096875305508e-05
5.684 0.0036876969155331 1.7617728062635e-05
5.88 0.0030864177026575 1.6054262129038e-05
6.076 0.0025263749528721 1.4412400063363e-05
6.272 0.0020194531013278 1.2685226324925e-05
6.468 0.001574479808836 1.0899444901702e-05
6.664 0.001196049797205 9.1317573973078e-06
6.86 0.0008843544710238 7.4778197610182e-06
7.056 0.00063583673744759 6.0092821982882e-06
7.252 0.00044414697592801 4.7527444705904e-06
7.448 0.00030117360751517 3.6983795354516e-06
7.644 0.00019808963609086 2.8229975772695e-06
7.84 0.00012627505103177 2.1069940445682e-06
8.036 7.7971254360528e-05 1.5370047924108e-06
8.232 4.662896703142e-05 1.098968773085e-06
8.428 2.7016795543853e-05 7.7362049603705e-07
8.624 1.5173336368835e-05 5.38436286244e-07
8.82 8.2618254597273e-06 3.7082485117599e-07
9.016 4.3617701677159e-06 2.5073077595151e-07
9.212 2.2379308454402e-06 1.6424379541931e-07
9.408 1.1284021639369e-06 1.0578057065932e-07
9.604 5.7635186252824e-07 7.5493966927065e-08
