0 0 0
0.196 9.6947230026648e-05 7.0729548311242e-05
0.392 0.00013834051076557 0.00010833026955013
0.588 0.00012505087963038 0.00011369308138886
0.784 7.777905125164e-05 0.00010456391561804
0.98 1.1372939113586e-05 9.4396970996634e-05
1.176 -5.07674319887e-05 8.7655602916845e-05
1.372 -9.0953153429709e-05 8.2813020005687e-05
1.568 -0.00010714492339459 7.7620377232453e-05
1.764 -0.00010048961020802 7.1614509258429e-05
1.96 -7.6271439937316e-05 6.6379477931936e-05
2.156 -4.6695998541816e-05 6.2867986890783e-05
2.352 -1.8356629662516e-05 5.9750998586018e-05
2.548 7.7362274228878e-06 5.5529147617674e-05
2.744 2.1614685399585e-05 5.1845326999487e-05
2.94 1.6375239282782e-05 4.9706659140708e-05
3.136 7.9637555491084e-06 4.8415383043912e-05
3.332 1.1395661519044e-05 4.7141569085382e-05
3.528 1.5461716925116e-05 4.5098879415574e-05
3.724 8.4931727112127e-06 4.2989055956911e-05
3.92 -2.7338695634462e-06 4.0776186137908e-05
4.116 -1.3505706539542e-05 3.8651329694096e-05
4.312 -2.5719183167281e-05 3.7152439710394e-05
4.508 -3.705503896095e-05 3.5362541370318e-05
4.704 -4.5665398742121e-05 3.2589572126362e-05
4.9 -5.2193292512618e-05 2.9666515078049e-05
5.096 -5.1962268038451e-05 2.7592391097202e-05
5.292 -4.0149400078892e-05 2.6083062850031e-05
5.488 -2.2213891406024e-05 2.4051006324347e-05
5.684 -8.6299781681958e-06 2.2313361122551e-05
5.88 -3.9640559563813e-06 2.1632381939223e-05
6.076 -3.798091135783e-06 2.0616448904967e-05
6.272 5.0861041806274e-07 1.9034840399634e-05
6.468 9.6625565449866e-06 1.7573284384793e-05
6.664 1.532174263456e-05 1.5936296731956e-05
6.86 1.4610904876691e-05 1.4084482984499e-05
7.056 1.15969643914e-05 1.224952710456e-05
7.252 8.8593456032508e-06 1.0371007960658e-05
7.448 5.8827458655554e-06 8.6268632076061e-06
7.644 2.6138329897893e-06 7.1678844373331e-06
7.84 7.9626714178776e-07 5.8196121811548e-06
8.036 1.5233244667508e-06 4.434355174015e-06
8.232 3.0911397638388e-06 3.195129722463e-06
8.428 3.3367813208786e-06 2.2273377486806e-06
8.624 2.4281150617019e-06 1.5568747030282e-06
8.82 1.5774002843667e-06 1.1901097574202e-06
9.016 1.1477702764692e-06 9.6395153704763e-07
9.212 8.9003783923046e-07 7.743423205895e-07
9.408 6.8182380339137e-07 6.3672135764184e-07
9.604 4.9664017788392e-07 4.8667592799811e-07
