0 0.018265969682744 0.00043890669454117
0.196 0.018206648956264 0.00039692453907355
0.392 0.018076048339514 0.00031258827415553
0.588 0.017951617679847 0.00024847266856089
0.784 0.017834198335966 0.00021245934630614
0.98 0.017683928709167 0.00018636445672179
1.176 0.017500875066778 0.00016494091535725
1.372 0.017305446903539 0.00014825488350394
1.568 0.017074197365079 0.00013617404064352
1.764 0.016745136754172 0.00012802005740786
1.96 0.016298517080941 0.00011989178286492
2.156 0.015794603127488 0.00011179429733425
2.352 0.015301604021783 0.00010557552177543
2.548 0.014827837369077 9.9428299134502e-05
2.744 0.014342371329126 9.3598452421768e-05
2.94 0.013811741220937 9.0185297859064e-05
3.136 0.013196153803686 8.7379390168169e-05
3.332 0.012457444062782 8.3305044752226e-05
3.528 0.011587521772594 7.8431835608282e-05
3.724 0.0106062542279 7.4037422375852e-05
3.92 0.0095534992442912 7.1112113431872e-05
4.116 0.0084925598788068 6.8844955351375e-05
4.312 0.0074782558924729 6.5536272973528e-05
4.508 0.0065140182883852 6.111880437524e-05
4.704 0.0055724396068819 5.6318102653936e-05
4.9 0.0046543675364814 5.1245173162582e-05
5.096 0.0038020283014469 4.6001030239537e-05
5.292 0.0030565591128354 4.1076926140092e-05
5.488 0.0024259588172833 3.6627728696629e-05
5.684 0.0018959185929661 3.2289251967242e-05
5.88 0.0014526641918797 2.8084414548741e-05
6.076 0.001088457632905 2.3951250145065e-05
6.272 0.00079600763169782 1.984250539963e-05
6.468 0.00056572123101128 1.6038527783599e-05
6.664 0.00038823167639956 1.2646231200732e-05
6.86 0.0002565768193995 9.6937839104607e-06
7.056 0.00016377182629266 7.1985643995736e-06
7.252 0.00010132709321338 5.2075480268304e-06
7.448 6.1093904850273e-05 3.857745544718e-06
7.644 3.6524831066751e-05 2.95304392382e-06
7.84 2.2198579358833e-05 2.2211948079357e-06
8.036 1.3839071333864e-05 1.7067672782053e-06
8.232 8.7529270496923e-06 1.369602369692e-06
8.428 5.638845172296e-06 1.0979786616205e-06
8.624 3.8226894003111e-06 9.1661132507256e-07
8.82 2.6658109299911e-06 7.4625396058336e-07
9.016 1.7058339170563e-06 5.2204132283523e-07
9.212 8.9680652619409e-07 3.0163966178968e-07
9.408 3.637038745626e-07 1.4150985156408e-07
9.604 1.1022058975896e-07 5.0494577366145e-08
