0 0 0
0.196 -7.8503015246943e-05 5.7930232017556e-05
0.392 -0.00014772581466624 0.00010736425350044
0.588 -0.0002016220327163 0.00014371546455907
0.784 -0.00023732872675392 0.0001672128029434
0.98 -0.0002532367490982 0.00018054240782139
1.176 -0.00024797305492652 0.00018599712971034
1.372 -0.00022076251974356 0.00018478395317907
1.568 -0.00017263207884423 0.00017811952736429
1.764 -0.00010775953595346 0.0001679857117587
1.96 -3.3428864989897e-05 0.00015654632295954
2.156 4.1969596407189e-05 0.00014512768547853
2.352 0.0001113694361005 0.0001341363756625
2.548 0.0001699078541203 0.00012384641406393
2.744 0.00021387661329325 0.00011483833471107
2.94 0.00023941337336704 0.00010759402688369
3.136 0.00024279583322392 0.00010189207305881
3.332 0.00022230606629383 9.672004290233e-05
3.528 0.00018021398966241 9.0848609508555e-05
3.724 0.00012409301649516 8.358720354173e-05
3.92 6.6021805962971e-05 7.5012503906023e-05
4.116 1.8474271696891e-05 6.5670084447705e-05
4.312 -1.0840555385011e-05 5.6410802627529e-05
4.508 -2.1359358939916e-05 4.8471703525695e-05
4.704 -1.8082829633708e-05 4.3034289726505e-05
4.9 -7.9695832743824e-06 4.0140849492244e-05
5.096 3.1311490667787e-06 3.8546567923463e-05
5.292 1.1568601425645e-05 3.6988554559774e-05
5.488 1.557439888339e-05 3.5054035570805e-05
5.684 1.478737481262e-05 3.3034587766171e-05
5.88 9.9611909689007e-06 3.1353295694658e-05
6.076 2.4571231593901e-06 3.0035103847309e-05
6.272 -6.1837476203725e-06 2.865683773371e-05
6.468 -1.4378057647292e-05 2.6760143081371e-05
6.664 -2.0676876838877e-05 2.4152722574597e-05
6.86 -2.4126114775649e-05 2.0915752358555e-05
7.056 -2.4492082319503e-05 1.7319479207783e-05
7.252 -2.2221396361273e-05 1.3724922015667e-05
7.448 -1.8210112148417e-05 1.0450371150935e-05
7.644 -1.3506919033701e-05 7.6693431144201e-06
7.84 -9.0373866018562e-06 5.4182031819857e-06
8.036 -5.4337598259586e-06 3.6748880787794e-06
8.232 -2.9704984809743e-06 2.4100508418124e-06
8.428 -1.5888040871295e-06 1.5957317665931e-06
8.624 -1.0029132343928e-06 1.1879920203406e-06
8.82 -8.4802526799671e-07 1.0511326868451e-06
9.016 -8.1916919217175e-07 9.7924174320267e-07
9.212 -7.4829975658363e-07 8.5401797953511e-07
9.408 -6.0190552115345e-07 6.6744583710552e-07
9.604 -4.1929165320898e-07 4.6132710764234e-07
