0 0.014352550692939 0.00032281509102857
0.196 0.014327258882358 0.00028973421189146
0.392 0.014293634275088 0.00022582856302905
0.588 0.014294893174414 0.00017997876135495
0.784 0.014289369883075 0.00015441536001185
0.98 0.014228095766935 0.00013711449809331
1.176 0.014112370379306 0.00012470768477389
1.372 0.013952668364043 0.00011545502645602
1.568 0.013757876437761 0.00010591116056066
1.764 0.013560052666992 9.7256110526578e-05
1.96 0.013374376881418 9.0746586885771e-05
2.156 0.013166790643464 8.5635371258271e-05
2.352 0.01289829339405 8.2229854304322e-05
2.548 0.012564103781796 7.8910445057499e-05
2.744 0.012189111589297 7.5344571489535e-05
2.94 0.011804372424235 7.1587846617133e-05
3.136 0.011419235422654 6.7760057406515e-05
3.332 0.011009158466015 6.4916221814659e-05
3.528 0.010539177617961 6.2022667357467e-05
3.724 0.010002816611426 5.8587539811945e-05
3.92 0.0094269710202637 5.5390671366553e-05
4.116 0.0088342292992243 5.2857695923127e-05
4.312 0.008216790963426 5.1338954636946e-05
4.508 0.007556514197244 5.0131886414508e-05
4.704 0.006846078663853 4.8793992343162e-05
4.9 0.0060861306447829 4.7212096197103e-05
5.096 0.0052918827058365 4.4839066702921e-05
5.292 0.0045003873884172 4.2014891343536e-05
5.488 0.00375316647871 3.8759284562657e-05
5.684 0.0030740867988821 3.5077167592094e-05
5.88 0.0024686970416134 3.1384421897136e-05
6.076 0.0019407010162024 2.7819182846729e-05
6.272 0.0014954620672524 2.4238024223569e-05
6.468 0.0011286658964752 2.0545315360395e-05
6.664 0.00082810461450447 1.6882242016711e-05
6.86 0.00058755755159699 1.3578652491427e-05
7.056 0.00040590031282017 1.0904027942177e-05
7.252 0.00027607371953003 8.8187155149506e-06
7.448 0.00018489919480494 7.058591780643e-06
7.644 0.00012094047837395 5.5326033107192e-06
7.84 7.6782084732259e-05 4.2734580433954e-06
8.036 4.719964595944e-05 3.2023914759164e-06
8.232 2.8269864041872e-05 2.3012741994888e-06
8.428 1.6719204984436e-05 1.6541691312461e-06
8.624 9.6876255459993e-06 1.2168011777633e-06
8.82 5.2698653482675e-06 8.4273728332747e-07
9.016 2.667333141437e-06 5.2276571943634e-07
9.212 1.4704853094829e-06 4.1323473620362e-07
9.408 1.1065665115058e-06 5.4307285577808e-07
9.604 9.4319541145725e-07 6.0230985969244e-07
