0 0.019411318410998 0.00026030131933209
0.196 0.019389621488098 0.00025258956747764
0.392 0.019323233052447 0.00023188222223029
0.588 0.019209120532267 0.0002042275097605
0.784 0.019044643547341 0.00017632630115562
0.98 0.018829257292039 0.00015279587514118
1.176 0.018565416533041 0.00013488207565059
1.372 0.018257793195044 0.00012121324823309
1.568 0.017910297730455 0.0001098591231529
1.764 0.017522786869848 9.9770289373636e-05
1.96 0.01708953593023 9.0848886120788e-05
2.156 0.016600125049253 8.3335069786185e-05
2.352 0.016042722402444 7.7163427026997e-05
2.548 0.015408196759561 7.1763315688216e-05
2.744 0.014692635184374 6.6455144027516e-05
2.94 0.013897700719434 6.0960904924307e-05
3.136 0.013030047750917 5.5539077758383e-05
3.332 0.012100895544749 5.0690675819142e-05
3.528 0.011125554201559 4.6694459794986e-05
3.724 0.01012180289384 4.3407312672748e-05
3.92 0.0091075676106085 4.0474495447599e-05
4.116 0.0080994114969719 3.7618513765855e-05
4.312 0.0071124254471287 3.4741573264095e-05
4.508 0.0061609047528944 3.1894998302729e-05
4.704 0.0052587752698638 2.918663753603e-05
4.9 0.0044192474078655 2.6649729998737e-05
5.096 0.0036536162040514 2.419919489774e-05
5.292 0.0029699092745745 2.1742436727737e-05
5.488 0.0023721581449613 1.9292436816407e-05
5.684 0.001860508651026 1.6939653988477e-05
5.88 0.0014317918018132 1.474712777272e-05
6.076 0.0010802692331134 1.2713812378431e-05
6.272 0.0007984119617913 1.0815201879921e-05
6.468 0.0005776198252429 9.0398716967667e-06
6.664 0.00040883848261004 7.3961182541812e-06
6.86 0.00028306877300548 5.9090969869172e-06
7.056 0.00019180816905076 4.6159985212881e-06
7.252 0.000127361938241 3.5476662734801e-06
7.448 8.303242535984e-05 2.7056871129197e-06
7.644 5.3245757912746e-05 2.0596548128841e-06
7.84 3.3613350283046e-05 1.5662348272099e-06
8.036 2.0875911947749e-05 1.187247042827e-06
8.232 1.2731205715849e-05 8.9373499980992e-07
8.428 7.6098297753593e-06 6.6391345402026e-07
8.624 4.4608588806673e-06 4.8396233681851e-07
8.82 2.5822532644346e-06 3.4890945238426e-07
9.016 1.5024017897393e-06 2.5840119334396e-07
9.212 9.0176924204756e-07 2.0688197990239e-07
9.408 5.6815659127185e-07 1.7692019443208e-07
9.604 3.7087529704693e-07 1.4934930143267e-07
