0 0 0
0.196 3.6844062781567e-07 4.7046407919288e-07
0.392 2.876463910066e-06 3.4190767938048e-06
0.588 9.2331268793964e-06 9.9463048325271e-06
0.784 1.9429746461747e-05 1.9420342482962e-05
0.98 3.061518525042e-05 3.0140605581155e-05
1.176 3.7627197446639e-05 4.0298853288451e-05
1.372 3.5565824701557e-05 4.8638428054412e-05
1.568 2.2749316203557e-05 5.4643322855926e-05
1.764 1.671411601311e-06 5.838263122378e-05
1.96 -2.2670559318054e-05 6.0205321609218e-05
2.156 -4.5368202224686e-05 6.047336519953e-05
2.352 -6.3204384415299e-05 5.9479537171945e-05
2.548 -7.4955876353742e-05 5.7512477756058e-05
2.744 -8.0982361938727e-05 5.4886219450313e-05
2.94 -8.2390023048346e-05 5.1869737878679e-05
3.136 -8.0075829445647e-05 4.8613841435616e-05
3.332 -7.4302146900822e-05 4.5175424077173e-05
3.528 -6.5197312362366e-05 4.1617715401441e-05
3.724 -5.3513929466108e-05 3.8060180828032e-05
3.92 -4.072110885702e-05 3.4620485086227e-05
4.116 -2.8492545086183e-05 3.1351941032867e-05
4.312 -1.8130448316118e-05 2.825664042849e-05
4.508 -1.0269359128026e-05 2.5325045161059e-05
4.704 -5.0406662172993e-06 2.254478756776e-05
4.9 -2.3198428780978e-06 1.9898795120886e-05
5.096 -1.6808744149075e-06 1.7391583200288e-05
5.292 -2.3478511418547e-06 1.507306317648e-05
5.488 -3.3730207718304e-06 1.299182687872e-05
5.684 -3.9462058667363e-06 1.1137865917385e-05
5.88 -3.6286095497394e-06 9.4635781107259e-06
6.076 -2.4253149335512e-06 7.9368124498757e-06
6.272 -7.3193674628151e-07 6.5504591222012e-06
6.468 8.4314981667492e-07 5.3109087010496e-06
6.664 1.7940346059971e-06 4.2335131047601e-06
6.86 1.9462302041357e-06 3.3308128652525e-06
7.056 1.4774291380136e-06 2.5944650473714e-06
7.252 7.4006482808234e-07 1.9975952907042e-06
7.448 5.4101946202134e-08 1.5180851284074e-06
7.644 -4.014846303934e-07 1.1504298297099e-06
7.84 -5.8874166224043e-07 8.9037468092958e-07
8.036 -5.6204819223002e-07 7.1524866062269e-07
8.232 -4.1406171380646e-07 5.87768976454e-07
8.428 -2.3535134046096e-07 4.7694175404283e-07
8.624 -8.8949143105992e-08 3.6923371056773e-07
8.82 -9.9970272165074e-10 2.6576806807876e-07
9.016 3.3170161625263e-08 1.7467720240757e-07
9.212 3.3860984219513e-08 1.0365291449058e-07
9.408 2.1390363083072e-08 5.529563346018e-08
9.604 8.3588357840281e-09 2.6828667244369e-08
