0 0 0
0.196 -7.0218520646516e-05 3.6381901962945e-05
0.392 -0.00012869978996751 6.7299929873054e-05
0.588 -0.00017028445912138 8.936936618095e-05
0.784 -0.00019688920885947 0.0001019343152626
0.98 -0.0002128291767721 0.0001063434167394
1.176 -0.00022118772270528 0.00010478947514316
1.372 -0.00022341592957916 9.941489708074e-05
1.568 -0.00021950856561729 9.1924212783404e-05
1.764 -0.00020796040531381 8.3532830624044e-05
1.96 -0.00018667536498818 7.5016143809348e-05
2.156 -0.00015452350833791 6.6804689847e-05
2.352 -0.00011276738643894 5.912594202748e-05
2.548 -6.5675406518836e-05 5.2148572035903e-05
2.744 -1.9549795600706e-05 4.6035245498736e-05
2.94 1.9274400429609e-05 4.0882498762704e-05
3.136 4.6134034687529e-05 3.662116857659e-05
3.332 5.8933932640444e-05 3.2985701338513e-05
3.528 5.8471530543495e-05 2.9651918261193e-05
3.724 4.8245103016886e-05 2.6458718250914e-05
3.92 3.3453626347199e-05 2.3477460732777e-05
4.116 1.9245575173264e-05 2.0865229558439e-05
4.312 9.0011967318911e-06 1.8683219212343e-05
4.508 3.6400208580159e-06 1.6851228356865e-05
4.704 2.1863789782119e-06 1.5228936834614e-05
4.9 2.9741026099645e-06 1.3699865192579e-05
5.096 4.5675170792214e-06 1.219791241505e-05
5.292 6.0284841770554e-06 1.0710711683227e-05
5.488 6.8086146385498e-06 9.2705460822186e-06
5.684 6.6574805420709e-06 7.9265147784872e-06
5.88 5.6400793966252e-06 6.7061738708976e-06
6.076 4.1220729998682e-06 5.6040288089419e-06
6.272 2.5716659274815e-06 4.6077820421183e-06
6.468 1.3295519957525e-06 3.7273980190495e-06
6.664 5.0589100510136e-07 2.988671035527e-06
6.86 4.3714618572423e-08 2.4024721551805e-06
7.056 -1.7973997593798e-07 1.9466177689369e-06
7.252 -2.7721449212266e-07 1.5821854917377e-06
7.448 -3.197986646555e-07 1.2818078403507e-06
7.644 -3.3757903743349e-07 1.0382493235449e-06
7.84 -3.3654880242293e-07 8.4961416315154e-07
8.036 -3.167631068669e-07 7.0160499368279e-07
8.232 -2.8160206209964e-07 5.704026937354e-07
8.428 -2.3826756596581e-07 4.4154209322887e-07
8.624 -1.9286597165108e-07 3.1747536249502e-07
8.82 -1.4876611576416e-07 2.0936905472705e-07
9.016 -1.0816099722954e-07 1.2620193626853e-07
9.212 -7.345276671601e-08 6.9806480547166e-08
9.408 -4.6664164149165e-08 3.6023028980794e-08
9.604 -2.8211169420744e-08 1.8268608175996e-08
