0 0 0
0.196 3.3688500580348e-07 2.5621478532951e-06
0.392 1.5364799644215e-06 9.3920036017721e-06
0.588 4.3889836713492e-06 1.8446839122208e-05
0.784 1.0324082440746e-05 2.7514103857468e-05
0.98 2.0551709048403e-05 3.5025692074635e-05
1.176 3.492191964438e-05 4.031037390164e-05
1.372 5.1586022453897e-05 4.3414771980237e-05
1.568 6.80008818024e-05 4.4757973576452e-05
1.764 8.275552417296e-05 4.4852864456387e-05
1.96 9.6523406595302e-05 4.4183033386266e-05
2.156 0.00011108915584265 4.3148060699147e-05
2.352 0.00012756655861368 4.1987388019244e-05
2.548 0.00014582640225648 4.0763688893082e-05
2.744 0.00016558940631312 3.9467508012205e-05
2.94 0.00018767533152013 3.8111811328147e-05
3.136 0.00021388151583632 3.6717185253284e-05
3.332 0.00024553354154154 3.5261107776013e-05
3.528 0.0002822849542352 3.3693254378055e-05
3.724 0.0003223106762197 3.19924795049e-05
3.92 0.0003633524640097 3.0177480171956e-05
4.116 0.0004033623987911 2.8288454154231e-05
4.312 0.00044037687790956 2.6391176574098e-05
4.508 0.00047227655402216 2.4556676879925e-05
4.704 0.00049691413114785 2.2798482639135e-05
4.9 0.00051234455102612 2.1056136352117e-05
5.096 0.00051700081001382 1.9260800751113e-05
5.292 0.00050983631469123 1.7401645526492e-05
5.488 0.00049040124159098 1.5526168342071e-05
5.684 0.00045898692159072 1.3701329713302e-05
5.88 0.00041684394283036 1.1976696241504e-05
6.076 0.00036626605796063 1.0362555626873e-05
6.272 0.00031045557593813 8.8429253897875e-06
6.468 0.00025316191450755 7.4143687384098e-06
6.664 0.00019813919906548 6.1009663497519e-06
6.86 0.00014855852526428 4.9319527917051e-06
7.056 0.00010655005175165 3.9204248065866e-06
7.252 7.3014490672558e-05 3.0667950382253e-06
7.448 4.7741998806615e-05 2.3679016641373e-06
7.644 2.9741280325921e-05 1.8139630237589e-06
7.84 1.7630500452495e-05 1.384052539415e-06
8.036 9.9556566322491e-06 1.051737261855e-06
8.232 5.3888657170962e-06 7.9316574575022e-07
8.428 2.8331653708874e-06 5.9133886426083e-07
8.624 1.4690832996761e-06 4.3828868330075e-07
8.82 7.5329494354231e-07 3.314484861091e-07
9.016 3.7077629077238e-07 2.6191004124092e-07
9.212 1.6157043461309e-07 2.1057007561494e-07
9.408 5.0279015416456e-08 1.6205778329518e-07
9.604 -1.5951671543675e-09 1.1406145511348e-07
