0 0 0
0.196 -4.6548421212769e-06 5.4959012314637e-06
0.392 -2.648845628177e-05 3.6280146926897e-05
0.588 -5.0662316799111e-05 9.2862362752028e-05
0.784 -4.9531103689397e-05 0.0001552959717226
0.98 -2.6483773261353e-05 0.00020334047281002
1.176 -1.5110740985232e-05 0.00022854036426238
1.372 -3.6269597101483e-05 0.0002327710473634
1.568 -7.8248115691256e-05 0.00022226680167703
1.764 -0.00011305323963733 0.00020329427238091
1.96 -0.00012391084084351 0.0001804880277209
2.156 -0.00011259550142723 0.00015648917182269
2.352 -9.1241716504846e-05 0.00013281098783609
2.548 -7.3956233275437e-05 0.00011142764604116
2.744 -6.5578746608384e-05 9.4464718493375e-05
2.94 -5.9085720841904e-05 8.2221325290588e-05
3.136 -4.5404110593882e-05 7.2823896766965e-05
3.332 -2.2263552902078e-05 6.4016260264275e-05
3.528 5.4492383664243e-06 5.4831186890761e-05
3.724 3.0139190995051e-05 4.5842346149171e-05
3.92 4.6028931368185e-05 3.8239548920835e-05
4.116 5.1075722383017e-05 3.2604866317033e-05
4.312 4.6800674284135e-05 2.8487222894472e-05
4.508 3.6718359370714e-05 2.5003144435848e-05
4.704 2.4698993460437e-05 2.1599457463688e-05
4.9 1.3447566617435e-05 1.8258592290045e-05
5.096 4.2241670855818e-06 1.5204190145952e-05
5.292 -2.5075320908426e-06 1.2573389799802e-05
5.488 -6.8049723663873e-06 1.0341682458063e-05
5.684 -8.8923267736716e-06 8.4105548962681e-06
5.88 -9.1042800633648e-06 6.6994474885333e-06
6.076 -7.9209084666363e-06 5.1858679791285e-06
6.272 -6.0482670702109e-06 3.9554432925715e-06
6.468 -4.1572928728949e-06 3.1868361670018e-06
6.664 -2.6403169731247e-06 2.9140280734571e-06
6.86 -1.5358627231468e-06 2.8403056585529e-06
7.056 -6.8529510144497e-07 2.6735306583398e-06
7.252 4.1890040815326e-08 2.3660216943214e-06
7.448 6.0827239702888e-07 2.0048795341573e-06
7.644 9.1737535868256e-07 1.6426437386973e-06
7.84 9.4092166366346e-07 1.2668841621511e-06
8.036 7.5769155581673e-07 8.8326881448455e-07
8.232 4.9968905953087e-07 5.4074447598901e-07
8.428 2.742970498763e-07 2.8573543495581e-07
8.624 1.2750180871411e-07 1.3005967472475e-07
8.82 5.0334924555659e-08 5.0631593468939e-08
9.016 1.5663128689437e-08 1.5764443146785e-08
9.212 4.0268889901124e-09 4.1060357527804e-09
9.408 7.3152536736088e-10 7.2121528611718e-10
9.604 -3.2260398647574e-11 2.916123565767e-11
