0 0 0
0.196 8.479936915223e-06 4.045641585193e-06
0.392 3.2143223373956e-05 1.4802319222978e-05
0.588 6.7108231053062e-05 2.8971517687791e-05
0.784 0.00011045268004962 4.2972170317839e-05
0.98 0.00016250950593297 5.4270845515606e-05
1.176 0.00022602862439191 6.1813931826723e-05
1.372 0.00030282922814018 6.5768211970379e-05
1.568 0.00039153560092539 6.6977259953082e-05
1.764 0.00048857397168682 6.6446682787542e-05
1.96 0.00059047646154852 6.4994262219978e-05
2.156 0.00069513293453166 6.3084866971101e-05
2.352 0.00080168206410496 6.0838975151928e-05
2.548 0.00091002068379711 5.8233376562642e-05
2.744 0.0010206745296227 5.5375613957902e-05
2.94 0.0011342668995149 5.2547704943311e-05
3.136 0.0012502043723552 4.9956675483173e-05
3.332 0.0013653851603133 4.7539115748117e-05
3.528 0.0014733920435879 4.504495028108e-05
3.724 0.0015645242392998 4.2225099671286e-05
3.92 0.0016274268987968 3.8958596334087e-05
4.116 0.0016523099487768 3.5320976449148e-05
4.312 0.0016340862434505 3.1551397269406e-05
4.508 0.0015735042609022 2.7914145993764e-05
4.704 0.0014759321053771 2.4571744102032e-05
4.9 0.0013492406121058 2.1558671417299e-05
5.096 0.0012021983007917 1.8838882662878e-05
5.292 0.0010435985355097 1.6372759787598e-05
5.488 0.00088184279520497 1.4133337193666e-05
5.684 0.00072459873006562 1.2097665839248e-05
5.88 0.00057843585366257 1.0253454985034e-05
6.076 0.00044843127233281 8.5984541312046e-06
6.272 0.00033773938079924 7.1265395551738e-06
6.468 0.00024740288539268 5.8277297718466e-06
6.664 0.0001765793694046 4.6975902179131e-06
6.86 0.00012306714933826 3.7359579428422e-06
7.056 8.3932857241932e-05 2.936082144553e-06
7.252 5.6096826745771e-05 2.2802573577084e-06
7.448 3.6753970470497e-05 1.7470643925601e-06
7.644 2.3592553771539e-05 1.3200864176317e-06
7.84 1.4825743607509e-05 9.8736918058234e-07
8.036 9.1134899255019e-06 7.3307848557888e-07
8.232 5.4701385362752e-06 5.3565941771934e-07
8.428 3.1933268598256e-06 3.7740840508823e-07
8.624 1.8017408876634e-06 2.5134011796036e-07
8.82 9.7555889302375e-07 1.572503657105e-07
9.016 5.0389358522848e-07 9.3958462115916e-08
9.212 2.4701084713928e-07 5.5558317429192e-08
9.408 1.1398460597756e-07 3.326503628815e-08
9.604 4.8700245907282e-08 1.9804964223519e-08
