0 0 0
0.196 7.4284309440827e-07 3.1443714362259e-06
0.392 1.8482785402649e-06 1.1521675871196e-05
0.588 3.7154713245461e-07 2.2627083972682e-05
0.784 -7.3572360339371e-06 3.3782171108765e-05
0.98 -2.4352419108521e-05 4.3132708502518e-05
1.176 -5.2246100419789e-05 4.9915174960833e-05
1.372 -9.1245783639953e-05 5.4191105454258e-05
1.568 -0.00014009598330543 5.6397776567321e-05
1.764 -0.00019606731883551 5.6997130971146e-05
1.96 -0.00025558948224294 5.6357161186203e-05
2.156 -0.00031578523378193 5.4800751542696e-05
2.352 -0.0003760775492507 5.2656116660898e-05
2.548 -0.00043837924103148 5.0240112197843e-05
2.744 -0.00050554569336409 4.7797082169175e-05
2.94 -0.0005794387359899 4.5439166810192e-05
3.136 -0.00065995615731635 4.3151286131107e-05
3.332 -0.00074521536321911 4.0863159266775e-05
3.528 -0.0008320684431991 3.8535200576147e-05
3.724 -0.00091621252134447 3.6196518999073e-05
3.92 -0.00099224615387678 3.3889791145534e-05
4.116 -0.0010542667659339 3.1596090955273e-05
4.312 -0.0010968365595247 2.9255714503604e-05
4.508 -0.0011157105800002 2.6847615264775e-05
4.704 -0.0011080613554983 2.4417239538854e-05
4.9 -0.0010726233601764 2.2031886024195e-05
5.096 -0.0010101354366929 1.9726336961478e-05
5.292 -0.00092383126715046 1.7501769090383e-05
5.488 -0.00081942525332094 1.5361932190459e-05
5.684 -0.00070439229478801 1.3328646052438e-05
5.88 -0.00058667129979927 1.1425633320425e-05
6.076 -0.00047334092223407 9.6641255436875e-06
6.272 -0.00036976699131786 8.0469739554204e-06
6.468 -0.00027939071707805 6.5784336238413e-06
6.664 -0.00020394881140523 5.268326134181e-06
6.86 -0.00014374089324026 4.1343799110543e-06
7.056 -9.7833472549589e-05 3.1960402955592e-06
7.252 -6.4336671601211e-05 2.4560036525752e-06
7.448 -4.08574861666e-05 1.886733729827e-06
7.644 -2.4985678731312e-05 1.4406646788964e-06
7.84 -1.4627147722085e-05 1.0765912483953e-06
8.036 -8.1286198954122e-06 7.7570145344644e-07
8.232 -4.2460785414936e-06 5.3556778378867e-07
8.428 -2.0626540336507e-06 3.5519976037483e-07
8.624 -9.2062013211554e-07 2.2733001315578e-07
8.82 -3.7224041392177e-07 1.4051020117568e-07
9.016 -1.3493067077712e-07 8.3687198616878e-08
9.212 -4.4841531700005e-08 4.8098500383818e-08
9.408 -1.5964987189096e-08 2.7058774198667e-08
9.604 -8.2197926107843e-09 1.5326609570264e-08
