0 0 0
0.196 -4.9262455584265e-08 5.4879917290004e-08
0.392 -8.3927983707142e-07 8.2814134939453e-07
0.588 -4.2163374021555e-06 3.5914979384733e-06
0.784 -1.2125620074579e-05 9.3380107773179e-06
0.98 -2.4629061662753e-05 1.817948022929e-05
1.176 -3.8803906090908e-05 2.9265884241892e-05
1.372 -4.9633506867732e-05 4.1168541229731e-05
1.568 -5.2303912167391e-05 5.2621223048461e-05
1.764 -4.4742113168782e-05 6.3017916413845e-05
1.96 -2.9077044579663e-05 7.2060880259446e-05
2.156 -1.1164421203072e-05 7.9166711977568e-05
2.352 1.8469826109805e-06 8.3753881020192e-05
2.548 4.923634590931e-06 8.5988936331143e-05
2.744 -2.4800838436062e-06 8.6741067765324e-05
2.94 -1.6630569446363e-05 8.6822325151047e-05
3.136 -3.1944470275633e-05 8.6476772536231e-05
3.332 -4.3597114512045e-05 8.5456578876615e-05
3.528 -4.8519045497799e-05 8.3376736221671e-05
3.724 -4.5153626546152e-05 8.0101993688679e-05
3.92 -3.3525647469959e-05 7.6005903791571e-05
4.116 -1.5711968681879e-05 7.187558636363e-05
4.312 4.5794905900868e-06 6.8488203079802e-05
4.508 2.3348630275506e-05 6.6212373954359e-05
4.704 3.7338198029392e-05 6.4888614985113e-05
4.9 4.4510923372055e-05 6.3862657399986e-05
5.096 4.4368775284864e-05 6.2153876976776e-05
5.292 3.8033450947647e-05 5.896265615128e-05
5.488 2.7970469777602e-05 5.4177461395874e-05
5.684 1.7143780621839e-05 4.8372221613607e-05
5.88 8.0451176053389e-06 4.2319647121299e-05
6.076 2.1404475969771e-06 3.6535522098155e-05
6.272 -3.3070990882814e-07 3.1184254923311e-05
6.468 -3.5062752685036e-07 2.6241336453935e-05
6.664 4.398697104257e-07 2.1679439786273e-05
6.86 6.6289765369481e-07 1.7541946022417e-05
7.056 -9.8754159691895e-08 1.3919863715331e-05
7.252 -1.3352691175585e-06 1.0865764834292e-05
7.448 -2.2445374224533e-06 8.3354390091652e-06
7.644 -2.3732684543241e-06 6.2354032661571e-06
7.84 -1.8216103268273e-06 4.5123329039973e-06
8.036 -9.7056910203125e-07 3.1618329109742e-06
8.232 -1.5063932013037e-07 2.1813696275961e-06
8.428 4.9096922893985e-07 1.5426518430011e-06
8.624 9.4545009284715e-07 1.1980845988323e-06
8.82 1.2330248903512e-06 1.0593839423474e-06
9.016 1.3537206654167e-06 9.8918863004344e-07
9.212 1.3051242367879e-06 8.8607151637799e-07
9.408 1.1152834066064e-06 7.2762594584245e-07
9.604 8.4472555347502e-07 5.392220030409e-07
