0 0 0
0.196 2.2023638338793e-05 1.620881308481e-05
0.392 6.8246361605297e-05 4.8492492047844e-05
0.588 9.2904532763505e-05 7.140937579504e-05
0.784 6.6513431736381e-05 7.8930236264219e-05
0.98 9.9525323831707e-06 7.9597081563745e-05
1.176 -3.6113262453067e-05 7.8954591677535e-05
1.372 -5.5088259957567e-05 7.7460184779282e-05
1.568 -4.8509897519148e-05 7.5283176834628e-05
1.764 -2.4573159886842e-05 7.2227719774299e-05
1.96 -5.5898795391118e-06 6.7754979980738e-05
2.156 -1.0669355346938e-05 6.2711051833363e-05
2.352 -2.9737664077233e-05 5.9411784221529e-05
2.548 -4.1547159831098e-05 5.8852924570872e-05
2.744 -4.5619320668519e-05 5.8735408194416e-05
2.94 -5.2751847266201e-05 5.6460185951684e-05
3.136 -5.6800246563257e-05 5.3108251764569e-05
3.332 -4.0242735029558e-05 4.9669797441577e-05
3.528 -2.6272033985651e-06 4.6505324282233e-05
3.724 3.5154878029838e-05 4.47100595239e-05
3.92 5.6600425569873e-05 4.3856732002329e-05
4.116 6.6857004248184e-05 4.2774479551816e-05
4.312 7.8826159133619e-05 4.1047702338459e-05
4.508 9.3786676843094e-05 3.8914893546189e-05
4.704 0.00010073730676286 3.7335956491928e-05
4.9 8.8038239050733e-05 3.6372453391137e-05
5.096 5.7099493837847e-05 3.4686558155406e-05
5.292 2.8938170360916e-05 3.2128962117933e-05
5.488 2.3890705237148e-05 2.9760804315063e-05
5.684 3.6831622580199e-05 2.8022572872759e-05
5.88 5.1242586366611e-05 2.6454435897084e-05
6.076 6.253488047305e-05 2.4602307993342e-05
6.272 7.1290119796222e-05 2.2080276033711e-05
6.468 7.3230679885622e-05 1.924609246109e-05
6.664 6.6104047448233e-05 1.6853456592303e-05
6.86 5.4176198873854e-05 1.4845085805486e-05
7.056 4.3647785112559e-05 1.2718126464792e-05
7.252 3.7209982865759e-05 1.0439402246594e-05
7.448 3.1387368592039e-05 8.4383759601494e-06
7.644 2.2710656866109e-05 6.8481825972004e-06
7.84 1.4045855011265e-05 5.478326036878e-06
8.036 8.9703140265106e-06 4.1702117763384e-06
8.232 6.3330718191832e-06 2.9546858037928e-06
8.428 4.1344448887279e-06 2.0221794357471e-06
8.624 2.2959025045177e-06 1.4261978334637e-06
8.82 1.0194699161399e-06 1.0816286421036e-06
9.016 9.8869050411032e-08 9.2889886081144e-07
9.212 -3.5947976489158e-07 8.7947634676468e-07
9.408 -2.5641899828655e-07 7.7646966789417e-07
9.604 2.7753265016172e-08 5.6248410412548e-07
