0 0 0
0.196 1.1849892469676e-08 2.7718921940033e-08
0.392 3.2064696788417e-07 4.1454100158143e-07
0.588 1.3473092931896e-06 1.7596818036315e-06
0.784 3.3912268585639e-06 4.4454032851435e-06
0.98 6.4493970758341e-06 8.3760671213263e-06
1.176 1.0201603297718e-05 1.3086753789075e-05
1.372 1.3801001653884e-05 1.7991731888987e-05
1.568 1.5831134669868e-05 2.2579472859811e-05
1.764 1.5132666283851e-05 2.6502396095798e-05
1.96 1.1947872956981e-05 2.9597253166219e-05
2.156 7.9619666046162e-06 3.1865169637232e-05
2.352 5.2523027512401e-06 3.341319817071e-05
2.548 5.169275616855e-06 3.4366658407366e-05
2.744 7.7732382915999e-06 3.4798889914368e-05
2.94 1.2256671955039e-05 3.4727337461873e-05
3.136 1.8089955693273e-05 3.4155947730106e-05
3.332 2.5634218581567e-05 3.3129001851196e-05
3.528 3.5586647888383e-05 3.1777971424134e-05
3.724 4.809084933508e-05 3.0299348154067e-05
3.92 6.2610723259162e-05 2.8838728878964e-05
4.116 7.8463613460409e-05 2.737884109058e-05
4.312 9.5118887142621e-05 2.5770143687632e-05
4.508 0.00011194312135922 2.3896128993264e-05
4.704 0.00012773834165628 2.1785932123758e-05
4.9 0.00014069430815238 1.9569573174425e-05
5.096 0.00014896755360323 1.7379884064401e-05
5.292 0.00015137757480526 1.5310148625636e-05
5.488 0.000147759298468 1.3406598406627e-05
5.684 0.00013880778965217 1.166920983661e-05
5.88 0.00012566908823256 1.0068054826045e-05
6.076 0.00010965341035588 8.5735188549369e-06
6.272 9.2135073304574e-05 7.179148231818e-06
6.468 7.4450779715653e-05 5.9038966265671e-06
6.664 5.7751730623643e-05 4.7771897903627e-06
6.86 4.2892846852494e-05 3.8170922930312e-06
7.056 3.0408221657257e-05 3.0162430716628e-06
7.252 2.0530943303151e-05 2.3479779843138e-06
7.448 1.3201231364639e-05 1.7878061517589e-06
7.644 8.0991162321392e-06 1.3261582466426e-06
7.84 4.7464908653218e-06 9.6197179200655e-07
8.036 2.6424637271365e-06 6.8980568463068e-07
8.232 1.3622570655467e-06 4.9484878247723e-07
8.428 5.9909835408884e-07 3.5926033611821e-07
8.624 1.5535282195612e-07 2.708184777099e-07
8.82 -8.6965214434956e-08 2.2075165381083e-07
9.016 -1.9729778540617e-07 1.9301507958036e-07
9.212 -2.2059998307636e-07 1.6776168295548e-07
9.408 -1.925002198301e-07 1.3519133732215e-07
9.604 -1.4161986458384e-07 9.7563544776952e-08
