0 0 0
0.196 4.6189839612504e-05 0.00012586401492104
0.392 7.9988089743225e-05 0.00019032836342108
0.588 7.4807249441655e-05 0.000197073985203
0.784 4.3690852677191e-05 0.00018049584888756
0.98 1.146639966833e-05 0.00016254537044239
1.176 -3.885820978228e-05 0.00015098709074076
1.372 -0.00011637346586311 0.00014250403961559
1.568 -0.00018700983031675 0.00013279319372899
1.764 -0.00021789968984443 0.00012366711544389
1.96 -0.00020602849228984 0.00011601985795014
2.156 -0.00016254835215707 0.00010885514891927
2.352 -0.00010534534284621 0.00010162570856698
2.548 -6.7479054036235e-05 9.4309744310523e-05
2.744 -7.183000530573e-05 8.7100039277418e-05
2.94 -8.8980410356426e-05 8.0032452002672e-05
3.136 -6.8097837705302e-05 7.4015748852502e-05
3.332 -1.2298897268929e-05 6.8472194701101e-05
3.528 3.4051297901409e-05 6.2391982857802e-05
3.724 5.5622304335238e-05 5.6249454326281e-05
3.92 6.728766671063e-05 5.1337639471784e-05
4.116 7.6905888479963e-05 4.7771564978377e-05
4.312 8.1004796302007e-05 4.4406115182109e-05
4.508 7.3107975569402e-05 4.0523564085109e-05
4.704 5.3327962616423e-05 3.6260154771487e-05
4.9 3.4770603273743e-05 3.1899861308861e-05
5.096 2.4993364569347e-05 2.795388044495e-05
5.292 1.5730670606342e-05 2.4852070690395e-05
5.488 2.3861541961059e-06 2.2303567158434e-05
5.684 -8.6093475117044e-06 1.9849433085765e-05
5.88 -1.2628289649428e-05 1.7306766866436e-05
6.076 -1.2059827660376e-05 1.4678825114596e-05
6.272 -1.1173915175056e-05 1.2166625839599e-05
6.468 -1.0992246173295e-05 9.8313385977604e-06
6.664 -1.0052361012486e-05 7.8316010932725e-06
6.86 -7.6569461052363e-06 6.2184782623966e-06
7.056 -4.2850056853137e-06 4.9624763856722e-06
7.252 -5.5136303678955e-07 4.0165091247234e-06
7.448 2.3797735956305e-06 3.2902158367365e-06
7.644 3.339283358716e-06 2.6301189162316e-06
7.84 2.6284751807823e-06 1.9660963297522e-06
8.036 1.4629153363234e-06 1.3365747924216e-06
8.232 6.4736295870651e-07 8.4987231993338e-07
8.428 2.927486739619e-07 5.736476135466e-07
8.624 2.2115154366969e-07 3.9579795017942e-07
8.82 2.4353788709112e-07 2.8591287336694e-07
9.016 2.4022421162462e-07 2.3865899357072e-07
9.212 1.7440505976114e-07 1.7147951993415e-07
9.408 8.6792419043894e-08 8.6029043981173e-08
9.604 2.8684121739325e-08 2.8581993667611e-08
