0 0 0
0.196 -1.9984535942071e-05 2.4877504783899e-05
0.392 -3.8937740900898e-05 4.6028988775836e-05
0.588 -5.5494351869556e-05 6.116380034091e-05
0.784 -6.8581553343258e-05 6.9894640571796e-05
0.98 -7.8278282434375e-05 7.3235978613785e-05
1.176 -8.5146507320803e-05 7.2781080846595e-05
1.372 -8.8630342660386e-05 7.0059393211193e-05
1.568 -8.680237663778e-05 6.622681134986e-05
1.764 -7.8049366074204e-05 6.2027363080492e-05
1.96 -6.2969678337276e-05 5.786612374847e-05
2.156 -4.4711435832175e-05 5.3889402404088e-05
2.352 -2.7709699921801e-05 5.007712312136e-05
2.548 -1.5870646640677e-05 4.6329379530157e-05
2.744 -1.1071005349079e-05 4.2519844227637e-05
2.94 -1.2637899198238e-05 3.8573602642382e-05
3.136 -1.7969179967126e-05 3.4556662693882e-05
3.332 -2.3681388797294e-05 3.0667442930126e-05
3.528 -2.6634300918803e-05 2.7129262415197e-05
3.724 -2.4863796361304e-05 2.4089444221088e-05
3.92 -1.8334700071225e-05 2.1586290017556e-05
4.116 -8.8347814810807e-06 1.958388268825e-05
4.312 1.1225394835645e-06 1.8021638695835e-05
4.508 9.5787257654726e-06 1.6800052140157e-05
4.704 1.5624127046494e-05 1.5746697160337e-05
4.9 1.9077397114982e-05 1.4678333269747e-05
5.096 2.0018141372211e-05 1.3508135383928e-05
5.292 1.8596577874216e-05 1.226419242324e-05
5.488 1.5082059979187e-05 1.1013859625464e-05
5.684 1.0034451598982e-05 9.7961917033315e-06
5.88 4.3810968535947e-06 8.6213106875864e-06
6.076 -7.7795757392643e-07 7.4994341030384e-06
6.272 -4.5266713837702e-06 6.4509217175586e-06
6.468 -6.4411634058147e-06 5.495180103459e-06
6.664 -6.6866327831339e-06 4.6369339325995e-06
6.86 -5.8487769655456e-06 3.8640665538379e-06
7.056 -4.6072394478394e-06 3.1594936777264e-06
7.252 -3.4418823220582e-06 2.5170535196721e-06
7.448 -2.5462074471176e-06 1.9475601590173e-06
7.644 -1.9159783411153e-06 1.4697103477949e-06
7.84 -1.4657115292314e-06 1.0938170222151e-06
8.036 -1.1100301112521e-06 8.1252944882122e-07
8.232 -7.9795978128485e-07 6.0616853208644e-07
8.428 -5.1781658596918e-07 4.5458976895995e-07
8.624 -2.8222481067193e-07 3.424795452978e-07
8.82 -1.0763183843724e-07 2.586214516911e-07
9.016 -1.4686203152451e-10 1.9542381654485e-07
9.212 4.8971319852219e-08 1.4826246835591e-07
9.408 5.6466767226716e-08 1.1222934689135e-07
9.604 4.5473279145046e-08 8.5132366245558e-08
