0 0.01650504770758 0.00020653116496149
0.196 0.016494253200407 0.00020112785897819
0.392 0.016459639009397 0.0001866168572825
0.588 0.016396079868321 0.00016712701722363
0.784 0.016299140303372 0.00014703616434879
0.98 0.016167059723571 0.00012923463970554
1.176 0.01599981212011 0.00011469184631208
1.372 0.015796682111052 0.00010312152519225
1.568 0.01555522614678 9.3813057095147e-05
1.764 0.015272950054919 8.600746915862e-05
1.96 0.014949199007706 7.9043492670524e-05
2.156 0.014584640796885 7.2531830371379e-05
2.352 0.014179505580323 6.6398311595225e-05
2.548 0.013732684522359 6.073558252963e-05
2.744 0.013242051377688 5.5644278897548e-05
2.94 0.012705646513518 5.1145613602776e-05
3.136 0.012122791863523 4.71351259452e-05
3.332 0.011494347988782 4.344428470763e-05
3.528 0.010822535317454 4.0002469024295e-05
3.724 0.010110729702037 3.6897752988415e-05
3.92 0.0093630218502838 3.4271354372912e-05
4.116 0.0085841382601589 3.2164726047128e-05
4.312 0.0077806076593908 3.0437714159123e-05
4.508 0.0069621355832264 2.883681600523e-05
4.704 0.0061418231207381 2.7155752499762e-05
4.9 0.0053353050779794 2.5334316713025e-05
5.096 0.0045592606880617 2.3420048262941e-05
5.292 0.003829634114624 2.1457857851219e-05
5.488 0.0031598333025081 1.9448322933779e-05
5.684 0.0025593814716727 1.7398045697539e-05
5.88 0.0020334816763397 1.5345329426439e-05
6.076 0.0015834161107733 1.3332420254284e-05
6.272 0.0012073229497625 1.1396147964602e-05
6.468 0.00090083199290978 9.5836017651455e-06
6.664 0.00065754871687831 7.9455570943076e-06
6.86 0.00046953968076631 6.5127008115696e-06
7.056 0.00032801048477399 5.2874783709808e-06
7.252 0.00022412794955275 4.2492020692492e-06
7.448 0.00014973037245992 3.3637869563742e-06
7.644 9.7747601947438e-05 2.602621055604e-06
7.84 6.2335199834715e-05 1.9575832437641e-06
8.036 3.8833698820945e-05 1.4348452952823e-06
8.232 2.3648501919156e-05 1.0355831068716e-06
8.428 1.4094163735672e-05 7.4448331970572e-07
8.624 8.2313946577167e-06 5.3455915759158e-07
8.82 4.713636624728e-06 3.800311446452e-07
9.016 2.6446453692614e-06 2.642162360828e-07
9.212 1.4510679566407e-06 1.7825346004042e-07
9.408 7.7672529637872e-07 1.165282389788e-07
9.604 4.0490192568337e-07 7.3917071457016e-08
