0 0.018356259125589 0.00024475874591918
0.196 0.018319505225308 0.00023761937937292
0.392 0.01821346762257 0.00021839187084424
0.588 0.018049467876573 0.00019250116513848
0.784 0.017842075674362 0.00016589993172999
0.98 0.017605393444941 0.0001427209211484
1.176 0.017349813885027 0.00012439259611064
1.372 0.01707902131203 0.00011030600076554
1.568 0.016788058285531 9.9162492544683e-05
1.764 0.016464593324669 8.9920160052549e-05
1.96 0.016094167078124 8.1988240849059e-05
2.156 0.015666332076328 7.5057871285506e-05
2.352 0.015177317824241 6.8998849393118e-05
2.548 0.014627977556139 6.3799861436749e-05
2.744 0.014020108260785 5.9367784340751e-05
2.94 0.013355012104156 5.5371104144516e-05
3.136 0.01263497563267 5.1402989375945e-05
3.332 0.01186495423439 4.7300033720538e-05
3.528 0.011051923086017 4.3272979047131e-05
3.724 0.010202812045629 3.9740016901516e-05
3.92 0.0093239427375329 3.6963153466404e-05
4.116 0.0084226453231479 3.4794053433048e-05
4.312 0.0075094019056065 3.2812379735126e-05
4.508 0.006598777859907 3.0682126520368e-05
4.704 0.005708367219113 2.8352651892715e-05
4.9 0.0048565907991455 2.5962988765808e-05
5.096 0.0040607212675653 2.3613442842132e-05
5.292 0.0033353384320106 2.1280408317131e-05
5.488 0.002690753307705 1.8909194704293e-05
5.684 0.0021319063676184 1.6513214124316e-05
5.88 0.0016584878466071 1.4177424204608e-05
6.076 0.0012661558677798 1.2005883215501e-05
6.272 0.00094794262467276 1.0072344414771e-05
6.468 0.0006953328937195 8.3950033414498e-06
6.664 0.00049911559912321 6.9392732034835e-06
6.86 0.00035010037894445 5.6531568959156e-06
7.056 0.00023961424637682 4.5052782774932e-06
7.252 0.00015978866084383 3.4948026741192e-06
7.448 0.00010371424814954 2.6358149189104e-06
7.644 6.5507779362018e-05 1.937958899017e-06
7.84 4.0311920602668e-05 1.3966178884779e-06
8.036 2.4244864075192e-05 9.9376303679791e-07
8.232 1.4324220989319e-05 7.0345397508048e-07
8.428 8.3662402910999e-06 4.9918264629607e-07
8.624 4.8616067159475e-06 3.6112644511689e-07
8.82 2.8252872163186e-06 2.7545044441276e-07
9.016 1.6451415696024e-06 2.2445836122254e-07
9.212 9.5572863090927e-07 1.8585235614724e-07
9.408 5.4620331633061e-07 1.4580501433849e-07
9.604 3.0109352342724e-07 1.0371562921698e-07
