0 0 0
0.196 -5.118320724766e-09 1.6431102325915e-07
0.392 5.3518335284299e-07 2.3425542332455e-06
0.588 3.6286163594875e-06 9.0821754961965e-06
0.784 1.0062906386034e-05 2.1055827737271e-05
0.98 1.810141914559e-05 3.6765077995164e-05
1.176 2.7044345760557e-05 5.367054686161e-05
1.372 3.9191437939228e-05 6.9109563749043e-05
1.568 6.1556809258812e-05 8.1062508719645e-05
1.764 0.00010571275268646 8.8592856854126e-05
1.96 0.00018306404983515 9.1978413142689e-05
2.156 0.00029762062065228 9.2276131467756e-05
2.352 0.0004417006638423 9.043922169113e-05
2.548 0.00059927043622321 8.6847802837711e-05
2.744 0.0007521113737929 8.1789617176259e-05
2.94 0.0008846249051323 7.6005643762326e-05
3.136 0.00098591755173054 7.0218447304216e-05
3.332 0.001047862621869 6.4468103898615e-05
3.528 0.0010647203416997 5.8416030003527e-05
3.724 0.0010366670002847 5.2012390716383e-05
3.92 0.00097158881401933 4.5616258169444e-05
4.116 0.00088117671111181 3.9610119688092e-05
4.312 0.00077618008943499 3.4109402990475e-05
4.508 0.00066488933145908 2.9071420254434e-05
4.704 0.00055359641722594 2.4505563276513e-05
4.9 0.00044779791485178 2.0467138856878e-05
5.096 0.00035242465257888 1.7010361872573e-05
5.292 0.0002708614031326 1.4166537939763e-05
5.488 0.00020408158997346 1.190465494428e-05
5.684 0.00015109506886418 1.0086669209538e-05
5.88 0.0001100405190056 8.5129425096295e-06
6.076 7.8977154043207e-05 7.0445311030551e-06
6.272 5.6088413679495e-05 5.6744391277807e-06
6.468 3.9644237812306e-05 4.4895820528768e-06
6.664 2.8001649681298e-05 3.5644843414579e-06
6.86 1.974102490952e-05 2.8699826205358e-06
7.056 1.3778934456657e-05 2.2976530738863e-06
7.252 9.3869807045106e-06 1.7730986036874e-06
7.448 6.1601515007474e-06 1.3012938740309e-06
7.644 3.8839573598045e-06 9.1807808089588e-07
7.84 2.3807151950996e-06 6.3770153562356e-07
8.036 1.4597776191229e-06 4.4796960013229e-07
8.232 9.2634830661069e-07 3.3186219504185e-07
8.428 6.1913350260904e-07 2.6692270061746e-07
8.624 4.2801681516287e-07 2.2081015712038e-07
8.82 2.940155926208e-07 1.7276806396234e-07
9.016 1.927662120192e-07 1.222798212425e-07
9.212 1.1691055561026e-07 7.7321776526856e-08
9.408 6.4268207462328e-08 4.3675697938831e-08
9.604 3.1446766547321e-08 2.2016542769337e-08
