0 0 0
0.196 -4.2826648341239e-09 2.450358566123e-08
0.392 -3.4724806713683e-08 3.680858239814e-07
0.588 -1.5784969607927e-07 1.575036023396e-06
0.784 -5.3771973242942e-07 4.0188359043741e-06
0.98 -1.5580393590286e-06 7.6474041946436e-06
1.176 -3.696803608618e-06 1.203491358109e-05
1.372 -7.1194414053773e-06 1.659395533565e-05
1.568 -1.1340632266166e-05 2.0798349235584e-05
1.764 -1.5209572080431e-05 2.4319793115365e-05
1.96 -1.7168423390675e-05 2.7026826086585e-05
2.156 -1.58060809574e-05 2.8899234101672e-05
2.352 -1.0627036379625e-05 2.9979197022022e-05
2.548 -2.588726590701e-06 3.0379287738329e-05
2.744 6.0786132351289e-06 3.0283118827395e-05
2.94 1.2766242547679e-05 2.990824633715e-05
3.136 1.5602848079023e-05 2.9432370633629e-05
3.332 1.4127097688972e-05 2.8922763103032e-05
3.528 9.2281135311785e-06 2.833058039618e-05
3.724 2.8276740227662e-06 2.7557013679525e-05
3.92 -2.4608792705173e-06 2.6531608831354e-05
4.116 -4.0800867425708e-06 2.5259570446832e-05
4.312 -6.234383384372e-07 2.3825625543882e-05
4.508 7.6390741348897e-06 2.234482009654e-05
4.704 1.9250136062201e-05 2.0893001579029e-05
4.9 3.2450308244801e-05 1.9475814393659e-05
5.096 4.5675607233593e-05 1.8043756256152e-05
5.292 5.7477302579021e-05 1.653434785063e-05
5.488 6.6399863356812e-05 1.491789265868e-05
5.684 7.1186405834454e-05 1.3220240130899e-05
5.88 7.1223237457943e-05 1.150658828259e-05
6.076 6.6838901451013e-05 9.8489324444843e-06
6.272 5.9160268599363e-05 8.3004809495181e-06
6.468 4.9610074308436e-05 6.8860578809108e-06
6.664 3.9445946624165e-05 5.6127196725398e-06
6.86 2.9616891435389e-05 4.488346830595e-06
7.056 2.0823221686223e-05 3.5254063770415e-06
7.252 1.3561624454659e-05 2.7272791787073e-06
7.448 8.0741873118121e-06 2.0798176264539e-06
7.644 4.3123335276264e-06 1.559279213932e-06
7.84 1.9938020442467e-06 1.1442559400526e-06
8.036 7.2630205647305e-07 8.1938892339495e-07
8.232 1.3000987221026e-07 5.724510630348e-07
8.428 -8.9888890380049e-08 3.9116596155876e-07
8.624 -1.295286342368e-07 2.6212311873988e-07
8.82 -1.0189912468029e-07 1.7179301170486e-07
9.016 -6.1251204403643e-08 1.0902449392051e-07
9.212 -2.768724277537e-08 6.6638358069305e-08
9.408 -5.3128534934021e-09 4.0441481559991e-08
9.604 7.214892323888e-09 2.6711212825142e-08
