0 0 0
0.196 -2.4856403366846e-09 2.3613586182761e-08
0.392 -5.0124408707413e-08 3.5364754658559e-07
0.588 1.8654396495827e-07 1.5143583102916e-06
0.784 1.7114636185176e-06 3.8790483037069e-06
0.98 5.7639053231189e-06 7.4404452901137e-06
1.176 1.279547936396e-05 1.1843051750243e-05
1.372 2.1976438601295e-05 1.6539026651983e-05
1.568 3.1767243268355e-05 2.0983332662995e-05
1.764 4.0776042180452e-05 2.4804709486034e-05
1.96 4.8098404001791e-05 2.7856644899447e-05
2.156 5.3152376350944e-05 3.0129741266462e-05
2.352 5.5403207806028e-05 3.1645877242318e-05
2.548 5.4447793677227e-05 3.242775776831e-05
2.744 5.0499022957013e-05 3.2528314271237e-05
2.94 4.4854669110073e-05 3.2079541755393e-05
3.136 3.9708087116958e-05 3.1298111499615e-05
3.332 3.708351438608e-05 3.040841245316e-05
3.528 3.7745914591347e-05 2.953558069524e-05
3.724 4.1191077185592e-05 2.8661172293096e-05
3.92 4.65403540178e-05 2.7677597250066e-05
4.116 5.3222498832633e-05 2.6480185433328e-05
4.312 6.0985392595391e-05 2.502440972192e-05
4.508 6.9712276247614e-05 2.334408788299e-05
4.704 7.9330749934983e-05 2.1540546390815e-05
4.9 8.9473109323116e-05 1.9734740124869e-05
5.096 9.9004445572134e-05 1.8003076135757e-05
5.292 0.00010606606089343 1.6352978143246e-05
5.488 0.0001087924976172 1.4748161946535e-05
5.684 0.00010614386062337 1.3148335283712e-05
5.88 9.8267188843211e-05 1.1532250211912e-05
6.076 8.6315072617091e-05 9.9073228348331e-06
6.272 7.1937979283258e-05 8.3143521101815e-06
6.468 5.6828677427727e-05 6.8204448587346e-06
6.664 4.2398404285782e-05 5.4974965616172e-06
6.86 2.9665791738946e-05 4.3884403678321e-06
7.056 1.9241884426141e-05 3.489838073046e-06
7.252 1.1354068637932e-05 2.7684104419728e-06
7.448 5.8885260937281e-06 2.1874855186747e-06
7.644 2.4701068166298e-06 1.7155443587346e-06
7.84 5.8185533619193e-07 1.325871175619e-06
8.036 -2.9510973053529e-07 1.0004170493748e-06
8.232 -5.8509000161182e-07 7.3215853134367e-07
8.428 -5.8116438992626e-07 5.1905179319888e-07
8.624 -4.6095925839966e-07 3.5668752156621e-07
8.82 -3.2069215409769e-07 2.3701520522709e-07
9.016 -2.0451459600281e-07 1.5150308017507e-07
9.212 -1.2441526624843e-07 9.3321078592564e-08
9.408 -7.5193937826215e-08 5.6725380848958e-08
9.604 -4.6528330917906e-08 3.5449838450838e-08
