0 0.021737048648125 0.00029791739393722
0.196 0.021709180534923 0.00029001775040986
0.392 0.021620775047322 0.00026859909903671
0.588 0.021461571998594 0.00023922998518945
0.784 0.02122500668972 0.00020792536752861
0.98 0.020913523090751 0.00017896044882293
1.176 0.020536413512457 0.00015435648881867
1.372 0.02010358586769 0.00013463469087968
1.568 0.019620054459526 0.00011961691280184
1.764 0.019083694992425 0.00010850233453322
1.96 0.018486494271268 9.9824196959936e-05
2.156 0.017818247771108 9.207957935138e-05
2.352 0.017070956635905 8.4438797643824e-05
2.548 0.016241565068292 7.6783178651386e-05
2.744 0.015332244479512 6.9379941907462e-05
2.94 0.014349521410897 6.2635668765211e-05
3.136 0.013303578750306 5.6883098111738e-05
3.332 0.012207747919254 5.2182348182242e-05
3.528 0.011077862563214 4.8314582883613e-05
3.724 0.0099320987559295 4.4941886721853e-05
3.92 0.0087911036112817 4.1749769597428e-05
4.116 0.0076769217329463 3.8548456814675e-05
4.312 0.0066106737920017 3.5321238540406e-05
4.508 0.0056106290895173 3.2159757686395e-05
4.704 0.0046914296027451 2.9166278125343e-05
4.9 0.0038637501510752 2.6407474190124e-05
5.096 0.0031335333449659 2.3883220352823e-05
5.292 0.002501509829318 2.1511939544277e-05
5.488 0.0019640207436021 1.9181744954012e-05
5.684 0.0015146123326278 1.6837437719361e-05
5.88 0.0011454719499991 1.4505877989898e-05
6.076 0.00084823807535166 1.2257507503853e-05
6.272 0.00061421880349679 1.0165194126456e-05
6.468 0.00043449791435143 8.2842361188075e-06
6.664 0.00030013754895085 6.6438232105329e-06
6.86 0.00020252461373948 5.2498385470497e-06
7.056 0.00013370063645805 4.0994936787049e-06
7.252 8.6608355739204e-05 3.1911277626867e-06
7.448 5.5271817968951e-05 2.5111655207466e-06
7.644 3.4904804154306e-05 2.0116429195146e-06
7.84 2.189964223107e-05 1.6201276835208e-06
8.036 1.3684847971078e-05 1.2800367263575e-06
8.232 8.5163380943047e-06 9.7219638079574e-07
8.428 5.2605219138029e-06 7.0323677658985e-07
8.624 3.2065496507604e-06 4.8501269527276e-07
8.82 1.9165128849308e-06 3.2205951176794e-07
9.016 1.1172302058644e-06 2.0889805543482e-07
9.212 6.3228776866849e-07 1.3347584569012e-07
9.408 3.4579996517055e-07 8.3197794451192e-08
9.604 1.8177807493301e-07 4.9464122387087e-08
