0 0 0
0.196 -1.1159968513482e-08 2.2276738917485e-08
0.392 -1.4161037415662e-07 3.3074364625284e-07
0.588 -7.6190969891535e-07 1.4163840206788e-06
0.784 -2.3687907090493e-06 3.6220448855818e-06
0.98 -5.2751773369906e-06 6.9284114487393e-06
1.176 -9.4213526865459e-06 1.1004532635484e-05
1.372 -1.4432578068947e-05 1.5364080840787e-05
1.568 -1.9818687662295e-05 1.9514659510741e-05
1.764 -2.5106697979277e-05 2.3071221066251e-05
1.96 -2.9816616439968e-05 2.5820767367261e-05
2.156 -3.3378529743564e-05 2.7728134099851e-05
2.352 -3.5172095070775e-05 2.887923582061e-05
2.548 -3.4838382258636e-05 2.9411837931679e-05
2.744 -3.2680219246998e-05 2.9503749075928e-05
2.94 -2.9785298638596e-05 2.9355319080901e-05
3.136 -2.7474597309406e-05 2.9096269933108e-05
3.332 -2.6328776273958e-05 2.8718024583523e-05
3.528 -2.576338689093e-05 2.8117071283237e-05
3.724 -2.4552448254555e-05 2.7200900472868e-05
3.92 -2.1638312114789e-05 2.598554762738e-05
4.116 -1.6368130449048e-05 2.4615837967714e-05
4.312 -8.2030850608631e-06 2.3271427826413e-05
4.508 3.2942746819608e-06 2.2035480285535e-05
4.704 1.7971931440344e-05 2.0856916703598e-05
4.9 3.4681284420081e-05 1.9633132817194e-05
5.096 5.1425562208514e-05 1.8293758943891e-05
5.292 6.5842460741686e-05 1.6808451241054e-05
5.488 7.5775639625809e-05 1.5175785524784e-05
5.684 7.9767679222689e-05 1.3436021013445e-05
5.88 7.7407803952432e-05 1.1664321247265e-05
6.076 6.9438054717415e-05 9.9371317541395e-06
6.272 5.7600990016225e-05 8.3104104534673e-06
6.468 4.4138471459992e-05 6.8236388789155e-06
6.664 3.1177487205107e-05 5.5101244244615e-06
6.86 2.0255877570727e-05 4.3946558153613e-06
7.056 1.2118784368994e-05 3.4806912717356e-06
7.252 6.7547626097057e-06 2.746434458887e-06
7.448 3.6232106674738e-06 2.1559011607945e-06
7.644 1.9758368701484e-06 1.6743344510348e-06
7.84 1.1462852457444e-06 1.2770883258977e-06
8.036 6.9659894639591e-07 9.5096466874894e-07
8.232 4.0975642605242e-07 6.8965329249558e-07
8.428 2.0664475145647e-07 4.867703873452e-07
8.624 6.6634662473797e-08 3.3300758284527e-07
8.82 -1.7641715306112e-08 2.1885010623877e-07
9.016 -5.6066455428719e-08 1.3703626982736e-07
9.212 -6.2766531867514e-08 8.1648311060427e-08
9.408 -5.2536152564589e-08 4.6591512780213e-08
9.604 -3.7153885085118e-08 2.5656180866203e-08
