0 0 0
0.196 -6.0671736590271e-06 5.454581551282e-06
0.392 -2.8150920128569e-05 3.1852348060921e-05
0.588 -2.0308574060368e-05 6.8797200119965e-05
0.784 6.1473801410886e-05 9.6878174582514e-05
0.98 0.00017107157002067 0.00011162218351229
1.176 0.0002236073355626 0.00011755617255413
1.372 0.00019967591284952 0.00011786596451246
1.568 0.00013928000710223 0.00011426657531461
1.764 6.9786410909311e-05 0.00011057062690653
1.96 -6.7236642656988e-06 0.00010788405085298
2.156 -7.092101064018e-05 0.00010414383590687
2.352 -8.8556534028045e-05 9.9451017368137e-05
2.548 -6.0133244881712e-05 9.436966845351e-05
2.744 -1.7930536598461e-05 8.9346002164981e-05
2.94 2.7977174081517e-05 8.5829093199492e-05
3.136 8.3912637409755e-05 8.2358344214547e-05
3.332 0.00012123261520724 7.7275896090898e-05
3.528 9.9701369753494e-05 7.2253885344118e-05
3.724 3.3556137543114e-05 6.8178961992967e-05
3.92 -1.7069557059994e-05 6.4262687418828e-05
4.116 -1.3555154457689e-05 5.9174628124359e-05
4.312 2.3424296728393e-05 5.2876430262703e-05
4.508 4.4849283348805e-05 4.6082498010852e-05
4.704 3.2384062751331e-05 3.9736214077587e-05
4.9 9.2617931657166e-06 3.4140706278665e-05
5.096 7.9227832621604e-07 2.9284037012009e-05
5.292 6.87367906811e-06 2.5396654861282e-05
5.488 1.271753575792e-05 2.1986425554837e-05
5.684 9.6159899663193e-06 1.8593985035882e-05
5.88 -1.9279537246957e-07 1.5559237140048e-05
6.076 -9.8729074384438e-06 1.2939107499068e-05
6.272 -1.3886972445109e-05 1.0462620701092e-05
6.468 -1.1776476856837e-05 8.243910683655e-06
6.664 -7.5474441115351e-06 6.4503099384104e-06
6.86 -4.4740539227101e-06 5.0921447121103e-06
7.056 -2.1217328332464e-06 4.0956369425555e-06
7.252 7.185235793449e-07 3.3298185426047e-06
7.448 3.1891207964741e-06 2.7343360617226e-06
7.644 3.9564021602624e-06 2.2192348618209e-06
7.84 3.1361292720656e-06 1.7331197142488e-06
8.036 1.7490251553483e-06 1.2233215026565e-06
8.232 5.7815244118366e-07 7.7083661847893e-07
8.428 -3.1798342326688e-08 4.8234625157824e-07
8.624 -1.1509787925439e-07 3.0437886732962e-07
8.82 3.7978186224422e-08 2.2781020290885e-07
9.016 1.5228102110266e-07 2.1083887052426e-07
9.212 1.4432422963696e-07 1.5690526305447e-07
9.408 7.7632130347229e-08 7.9453507828716e-08
9.604 2.6298923510926e-08 2.6476616303898e-08
