0 0 0
0.196 -2.9120946233785e-07 2.4983506756328e-07
0.392 -2.0071301005086e-06 1.8145855512313e-06
0.588 -5.2824101096813e-06 5.2936520334549e-06
0.784 -8.9269573132688e-06 1.0410054322234e-05
0.98 -1.1380190523906e-05 1.6345858533569e-05
1.176 -1.1598587558936e-05 2.2172317170257e-05
1.372 -9.3469013532459e-06 2.7164994104929e-05
1.568 -5.0630421838608e-06 3.0957116572672e-05
1.764 3.4957362656158e-07 3.3504917174791e-05
1.96 5.9421806393105e-06 3.4944326999192e-05
2.156 1.136090429323e-05 3.5485613676386e-05
2.352 1.6897613916546e-05 3.5384186417132e-05
2.548 2.2624894061329e-05 3.4913491300924e-05
2.744 2.7505618626777e-05 3.4289311302896e-05
2.94 2.9475218102852e-05 3.3591449699883e-05
3.136 2.6563953049829e-05 3.2768550399718e-05
3.332 1.8388794635895e-05 3.1734395719368e-05
3.528 6.9015318742262e-06 3.0453813214125e-05
3.724 -4.4295246510302e-06 2.8949802255111e-05
3.92 -1.2530811331764e-05 2.7284838776203e-05
4.116 -1.631528581267e-05 2.5567700070017e-05
4.312 -1.6808414892103e-05 2.393146230996e-05
4.508 -1.6052067759755e-05 2.2445655755288e-05
4.704 -1.5769422427676e-05 2.105938916446e-05
4.9 -1.6486420989082e-05 1.9659829023128e-05
5.096 -1.7483261739109e-05 1.8176570660397e-05
5.292 -1.7575878062766e-05 1.6627766401431e-05
5.488 -1.6082432112591e-05 1.5080259950346e-05
5.684 -1.3200017114969e-05 1.357945801292e-05
5.88 -9.6777014790349e-06 1.2115984551733e-05
6.076 -6.2411037753882e-06 1.0654301084404e-05
6.272 -3.3544536788436e-06 9.183220017526e-06
6.468 -1.2516622834282e-06 7.7362539807991e-06
6.664 -1.8437976895633e-08 6.3739712168538e-06
6.86 3.940142439773e-07 5.1527830318794e-06
7.056 1.7533492530301e-07 4.1030115366936e-06
7.252 -3.7896468697714e-07 3.2245551563731e-06
7.448 -9.6585166962962e-07 2.498538849573e-06
7.644 -1.363458596079e-06 1.9034262930437e-06
7.84 -1.4772031841891e-06 1.4218808376921e-06
8.036 -1.3364597947386e-06 1.038409021692e-06
8.232 -1.0448879160007e-06 7.3758591792346e-07
8.428 -7.1670436184434e-07 5.0654178385767e-07
8.624 -4.3258449124937e-07 3.3656967319999e-07
8.82 -2.263158472834e-07 2.2066398471574e-07
9.016 -9.6824584305993e-08 1.4942971921007e-07
9.212 -2.6833216404041e-08 1.0855146172384e-07
9.408 3.7978132900196e-09 8.2155414135882e-08
9.604 1.2195946664094e-08 6.0354359882977e-08
