0 0 0
0.196 0.00011799947816073 2.0357722369165e-05
0.392 0.00045881080055586 7.2109160767022e-05
0.588 0.00099140636626752 0.00013519349018847
0.784 0.0016828081388994 0.00019156708162869
0.98 0.0024975500656625 0.00023153190243015
1.176 0.0033784894269484 0.00025307332522301
1.372 0.0042497084834425 0.00025878011038657
1.568 0.0050320523743228 0.00025270506271197
1.764 0.0056531699417265 0.00023861713767499
1.96 0.0060669256268589 0.00021971730770457
2.156 0.0062615713857366 0.00019866450418374
2.352 0.0062484131493339 0.00017723655957011
2.548 0.0060498927797868 0.00015644690855262
2.744 0.0056953589465883 0.00013717568123501
2.94 0.0052191378739045 0.00012019061397834
3.136 0.0046594990217715 0.00010571728174534
3.332 0.0040563827671811 9.3222380421993e-05
3.528 0.0034467250697169 8.1818424784329e-05
3.724 0.0028624926326506 7.0939187536803e-05
3.92 0.002327635233336 6.0627775929417e-05
4.116 0.0018565429776067 5.1201518937288e-05
4.312 0.0014547588107531 4.2835921199254e-05
4.508 0.001121631285514 3.5555125891487e-05
4.704 0.00085246941195906 2.9373933279497e-05
4.9 0.00063957761257631 2.4265185451432e-05
5.096 0.00047397076689726 2.0092822691801e-05
5.292 0.00034703488395001 1.662874637716e-05
5.488 0.00025116609799692 1.3657415695076e-05
5.684 0.00017992482662057 1.1077898247266e-05
5.88 0.00012777203369891 8.8860841881192e-06
6.076 8.9920643033062e-05 7.0718803147908e-06
6.272 6.2430152197884e-05 5.5722650169657e-06
6.468 4.2455167532657e-05 4.3133364225679e-06
6.664 2.8154614957652e-05 3.2543757108243e-06
6.86 1.8246408936556e-05 2.3864111034375e-06
7.056 1.1701289900564e-05 1.7276695516669e-06
7.252 7.6040058764857e-06 1.3276316182861e-06
7.448 5.1496769767124e-06 1.2001704724482e-06
7.644 3.6765581665938e-06 1.2112691961788e-06
7.84 2.7084962998436e-06 1.1823064313006e-06
8.036 1.963424120747e-06 1.0342366419821e-06
8.232 1.3342797191912e-06 7.8984151805699e-07
8.428 8.2034647724762e-07 5.2183555877609e-07
8.624 4.4618433588287e-07 2.9711305758773e-07
8.82 2.1294295449995e-07 1.4552174629185e-07
9.016 8.8068141060041e-08 6.1248669460874e-08
9.212 3.149725573094e-08 2.2134940903764e-08
9.408 9.7163248006369e-09 6.8677524123471e-09
9.604 2.5449499485014e-09 1.8129242110208e-09
