0 0 0
0.196 -5.6697013288763e-07 4.7412957338832e-07
0.392 -3.8566397345607e-06 3.4329091360024e-06
0.588 -9.7607212485894e-06 9.9613685466546e-06
0.784 -1.4660376855115e-05 1.9440934686511e-05
0.98 -1.3303751712672e-05 3.0222590540485e-05
1.176 -2.1433807977349e-06 4.050378164074e-05
1.372 1.8015800437388e-05 4.8961591900107e-05
1.568 4.2147962051467e-05 5.4998328662083e-05
1.764 6.3859747441098e-05 5.8614964134991e-05
1.96 7.863495533056e-05 6.0151074869009e-05
2.156 8.5141092860005e-05 6.0092807343549e-05
2.352 8.4347078391601e-05 5.8940557577802e-05
2.548 7.834310043591e-05 5.7106807093066e-05
2.744 6.9474653884022e-05 5.4883418943339e-05
2.94 5.9441227968476e-05 5.2467823134549e-05
3.136 4.8954195644899e-05 4.9963264137991e-05
3.332 3.8118450766253e-05 4.7359113731988e-05
3.528 2.7089103140547e-05 4.456969914837e-05
3.724 1.6587887365956e-05 4.1527592673583e-05
3.92 7.9754964948446e-06 3.8245494941092e-05
4.116 2.8370596331139e-06 3.4799872412206e-05
4.312 1.9935266876787e-06 3.1292235613668e-05
4.508 4.5634011793173e-06 2.7836705961801e-05
4.704 8.2273458213875e-06 2.4542867259408e-05
4.9 1.0678902610459e-05 2.1486571692246e-05
5.096 1.0916660237127e-05 1.8691255989924e-05
5.292 9.4544204703712e-06 1.6127031896714e-05
5.488 7.5916528536892e-06 1.3733649851503e-05
5.684 6.4217196886855e-06 1.1474004299179e-05
5.88 6.242537896508e-06 9.3755772419626e-06
6.076 6.6823698570484e-06 7.5124399938405e-06
6.272 7.1694345793556e-06 5.9471434822131e-06
6.468 7.291600654767e-06 4.6897168691736e-06
6.664 6.8882119364309e-06 3.7030342807585e-06
6.86 6.0221573248343e-06 2.9339923960243e-06
7.056 4.890333508976e-06 2.3344045180434e-06
7.252 3.7139120397265e-06 1.8627757491229e-06
7.448 2.6440888451952e-06 1.4833765645802e-06
7.644 1.7509740333552e-06 1.1715722972342e-06
7.84 1.0607577965586e-06 9.1474873138301e-07
8.036 5.8186781489869e-07 7.0414919513482e-07
8.232 2.9958287279047e-07 5.300628990313e-07
8.428 1.6828754856344e-07 3.8580077768305e-07
8.624 1.2362926528866e-07 2.6967463385152e-07
8.82 1.0843604578785e-07 1.8081254761876e-07
9.016 9.1134662414673e-08 1.1585889026277e-07
9.212 6.5480235478012e-08 7.0083785806063e-08
9.408 3.8017823196272e-08 3.9482181620829e-08
9.604 1.5960791910209e-08 2.1037440267613e-08
