0 0 0
0.196 2.0265246495387e-07 3.4613985842762e-07
0.392 1.2883491238922e-06 2.5078178953338e-06
0.588 3.0536977497667e-06 7.2873233362144e-06
0.784 4.5165729495116e-06 1.4275014003363e-05
0.98 4.8248080322663e-06 2.2362184959792e-05
1.176 3.7023404215559e-06 3.034959880473e-05
1.372 1.4532516433933e-06 3.7295825157323e-05
1.568 -1.1207935003948e-06 4.2639224426393e-05
1.764 -2.7677452265676e-06 4.6223232102196e-05
1.96 -2.0680455755516e-06 4.8235534758563e-05
2.156 1.5930734025236e-06 4.9045230826818e-05
2.352 6.8595292477715e-06 4.9017467083691e-05
2.548 1.0661648158628e-05 4.8420180660024e-05
2.744 1.0190153607051e-05 4.7415712297931e-05
2.94 4.8424000562589e-06 4.6048054458609e-05
3.136 -3.5111096581826e-06 4.425918612058e-05
3.332 -1.1708186549848e-05 4.1999794927594e-05
3.528 -1.6586174166524e-05 3.9352401276954e-05
3.724 -1.6122623782261e-05 3.6545473162447e-05
3.92 -1.0455321159584e-05 3.383372817571e-05
4.116 -1.9294236667404e-06 3.1317381151053e-05
4.312 6.2176801355495e-06 2.8885302314786e-05
4.508 1.1605474201354e-05 2.6377060126876e-05
4.704 1.371543594739e-05 2.3762603638905e-05
4.9 1.3642701046981e-05 2.1141622005251e-05
5.096 1.3032069291814e-05 1.8638886983787e-05
5.292 1.3022807918531e-05 1.6342033659918e-05
5.488 1.3777118020727e-05 1.4286354580613e-05
5.684 1.4681128225256e-05 1.2446263958083e-05
5.88 1.497154119759e-05 1.0746601889874e-05
6.076 1.4274512497796e-05 9.1186918736063e-06
6.272 1.2732281871188e-05 7.5577220824201e-06
6.468 1.0771281759964e-05 6.1221683286332e-06
6.664 8.8028456862522e-06 4.8794853446301e-06
6.86 7.0619197312956e-06 3.8568603288137e-06
7.056 5.6089247559665e-06 3.036911833681e-06
7.252 4.4091513527828e-06 2.3829191773167e-06
7.448 3.4111796361346e-06 1.8591888504295e-06
7.644 2.5866788817984e-06 1.437722717039e-06
7.84 1.9329220935867e-06 1.0991797271857e-06
8.036 1.4451904729954e-06 8.3058499442561e-07
8.232 1.093922382968e-06 6.2037308248962e-07
8.428 8.3546473223156e-07 4.5571837430733e-07
8.624 6.3667792961985e-07 3.2633364762258e-07
8.82 4.8446253555968e-07 2.2965722053538e-07
9.016 3.7571205520226e-07 1.6948305445342e-07
9.212 3.0243052835495e-07 1.4355980455865e-07
9.408 2.4888956565755e-07 1.3323292611994e-07
9.604 2.0019509934141e-07 1.1942712509457e-07
