0 0.31977645778309 0.0064198645196509
0.196 0.30337357435765 0.0059117092286133
0.392 0.25960125006762 0.0046073044593556
0.588 0.20197209853073 0.0030262699685018
0.784 0.14487761068995 0.0016718008944575
0.98 0.097757352291584 0.00084185848783367
1.176 0.063614633566925 0.0005913575565894
1.372 0.040988548049972 0.00059029267011322
1.568 0.026733680588086 0.00057347391436149
1.764 0.017882206874292 0.00051673907178647
1.96 0.012310281905567 0.00044054921068416
2.156 0.0086931129841894 0.00036204043579436
2.352 0.0062585434776358 0.00029124655654643
2.548 0.004564438948489 0.00023150070712983
2.744 0.0033575495618646 0.00018254297864966
2.94 0.0024879373500714 0.00014434738208039
3.136 0.0018608236462489 0.00011694284229104
3.332 0.0014063478491219 9.7761147558654e-05
3.528 0.0010712198256214 8.2412859872374e-05
3.724 0.00081639079824344 6.8413279262872e-05
3.92 0.00061733312714362 5.6271364513145e-05
4.116 0.00046137044684557 4.7104407644783e-05
4.312 0.00034065895654727 4.0413399225389e-05
4.508 0.00024853558576944 3.4550153729404e-05
4.704 0.00017891560981329 2.8454516468116e-05
4.9 0.00012639954655322 2.2161777254609e-05
5.096 8.7003402409044e-05 1.6308575913677e-05
5.292 5.8003127431295e-05 1.1488891771613e-05
5.488 3.7382304657155e-05 7.9020407666971e-06
5.684 2.3364807550767e-05 5.3928600339413e-06
5.88 1.4275187096927e-05 3.6827200243974e-06
6.076 8.7521499376184e-06 2.5416221548977e-06
6.272 5.6822675482779e-06 1.8624767753431e-06
6.468 4.2068345251526e-06 1.6691933227669e-06
6.664 3.6168447438305e-06 1.8298835142675e-06
6.86 3.3721662526139e-06 2.0165935773415e-06
7.056 3.0931664102431e-06 2.0102274617582e-06
7.252 2.6242101699741e-06 1.7657764897626e-06
7.448 2.0202532994915e-06 1.360555290307e-06
7.644 1.427431966811e-06 9.2744043527718e-07
7.84 9.6457270531565e-07 5.9117904840818e-07
8.036 6.6102224823672e-07 4.1512711348279e-07
8.232 4.7321127865963e-07 3.479855366032e-07
8.428 3.4343473381967e-07 2.9363106699738e-07
8.624 2.3723447314768e-07 2.2096032551748e-07
8.82 1.4778908906852e-07 1.4344126439679e-07
9.016 8.0673582680182e-08 7.972028625251e-08
9.212 3.8461681316004e-08 3.8359522333924e-08
9.408 1.5396123395162e-08 1.5406418919544e-08
9.604 5.3292345573023e-09 5.3253648945279e-09
