0 0.011223858253 0.00034049979284534
0.196 0.011194810579938 0.0003077454594151
0.392 0.011122356288161 0.00024216360078843
0.588 0.011022651084393 0.00019141546674116
0.784 0.010905385449265 0.00016175219777974
0.98 0.010809392076984 0.00014143385131774
1.176 0.010761571209029 0.00012459522779331
1.372 0.010740138321666 0.00011101886290637
1.568 0.010706950878805 0.00010284922361908
1.764 0.010624058213266 0.00010139203677416
1.96 0.010463949913052 9.9943245457472e-05
2.156 0.010253859765716 9.2627236805629e-05
2.352 0.010070707110349 8.1965321446307e-05
2.548 0.0099552403730528 7.5571435469518e-05
2.744 0.0098671771255965 7.5217115672637e-05
2.94 0.0097438656542695 7.4346297683869e-05
3.136 0.0095593886113159 7.0490242706932e-05
3.332 0.0093168861325945 6.7517348253e-05
3.528 0.0090322325313519 6.5572656981053e-05
3.724 0.0087322857133544 6.3770475768368e-05
3.92 0.0084366364802171 6.2364410980145e-05
4.116 0.0081370873058318 6.0447847002751e-05
4.312 0.0078069243373366 5.6877147998602e-05
4.508 0.0074265697631753 5.2447933547917e-05
4.704 0.0069982319492057 4.9445365400288e-05
4.9 0.0065477030887271 4.7141194311651e-05
5.096 0.0061041230449878 4.505887204723e-05
5.292 0.0056637933076709 4.3183347859837e-05
5.488 0.0051920129456847 4.1053626592477e-05
5.684 0.0046673217240558 3.9247004408562e-05
5.88 0.0040996497879417 3.7856639888227e-05
6.076 0.0035133072499246 3.5802654553366e-05
6.272 0.0029367868546777 3.2759391947895e-05
6.468 0.0023962736733972 2.9488480215551e-05
6.664 0.0019071898542092 2.6314165555659e-05
6.86 0.0014751719903125 2.3182724708184e-05
7.056 0.0011046253990987 2.0154893651389e-05
7.252 0.00079923906938526 1.7084421856755e-05
7.448 0.00055818289378938 1.3864448938452e-05
7.644 0.00037503314049169 1.0678143526609e-05
7.84 0.00024086365909492 7.959671496667e-06
8.036 0.00014731439214996 5.8201364335739e-06
8.232 8.6477834270799e-05 4.119693359805e-06
8.428 4.9996091601093e-05 2.9001718268061e-06
8.624 2.9434953674518e-05 2.1061953813177e-06
8.82 1.7981824468148e-05 1.667912584082e-06
9.016 1.1321146960662e-05 1.4675975837772e-06
9.212 7.0982099041921e-06 1.2912940866183e-06
9.408 4.1516005799891e-06 1.0084525789114e-06
9.604 2.1067594459082e-06 6.5628311790557e-07
