0 0 0
0.196 5.5050867727979e-06 2.8153177013019e-06
0.392 2.0314032875569e-05 1.0297382062388e-05
0.588 4.0147707649222e-05 2.0187177451484e-05
0.784 6.0114228863173e-05 3.0119265272791e-05
0.98 7.6949740221361e-05 3.8485118106528e-05
1.176 9.0366813191775e-05 4.4603178847275e-05
1.372 0.00010296702090115 4.847605933012e-05
1.568 0.00011870872236528 5.0472716220186e-05
1.764 0.00014089158738344 5.1084655299262e-05
1.96 0.00017072618659352 5.0767164442362e-05
2.156 0.00020692083426236 4.9867044119826e-05
2.352 0.00024642450844215 4.8611584777138e-05
2.548 0.00028611786139219 4.7109073513342e-05
2.744 0.00032489138210998 4.5377805070881e-05
2.94 0.00036491159581246 4.3404646127078e-05
3.136 0.00041049940547935 4.1188523211423e-05
3.332 0.00046495053555738 3.8770539510149e-05
3.528 0.00052806845390838 3.6249155980896e-05
3.724 0.00059628631672421 3.375692260333e-05
3.92 0.0006644318358722 3.1423028259733e-05
4.116 0.00072727030512822 2.9334968657586e-05
4.312 0.00078002046675841 2.7482717951532e-05
4.508 0.00081829992070213 2.5735160032816e-05
4.704 0.00083816112060002 2.3919068951749e-05
4.9 0.00083655183996052 2.1941704730988e-05
5.096 0.00081210525904566 1.9829146398361e-05
5.292 0.00076570760672373 1.7669546379921e-05
5.488 0.00070049751993587 1.5544803845424e-05
5.684 0.00062140314695412 1.3502851659627e-05
5.88 0.00053436878090408 1.1568590154959e-05
6.076 0.00044542048988479 9.7676112197587e-06
6.272 0.00035981210970275 8.1371740316332e-06
6.468 0.00028149963637667 6.7118797936617e-06
6.664 0.00021302278344836 5.500397510939e-06
6.86 0.00015564773553442 4.4815570665549e-06
7.056 0.00010956732135019 3.6233133701585e-06
7.252 7.4111113946957e-05 2.8987772427673e-06
7.448 4.8002355807641e-05 2.2864229145948e-06
7.644 2.9641677016364e-05 1.7681497024782e-06
7.84 1.735397798385e-05 1.3326679933727e-06
8.036 9.5658282222513e-06 9.7634786933816e-07
8.232 4.9168972892102e-06 6.9745855194786e-07
8.428 2.3161223338794e-06 4.8970636868678e-07
8.624 9.5761344000715e-07 3.4089285466363e-07
8.82 3.0062057573261e-07 2.3629262327911e-07
9.016 1.6459821222367e-08 1.6265541838493e-07
9.212 -8.04646825974e-08 1.1013834675159e-07
9.408 -9.1430626560956e-08 7.2388139999575e-08
9.604 -7.0244726777605e-08 4.5646807167789e-08
