0 0 0
0.196 7.9446053438815e-06 2.603959360177e-06
0.392 2.8966692830683e-05 9.5176863087146e-06
0.588 5.5942825569519e-05 1.8616249265704e-05
0.784 8.0334548383805e-05 2.7638480409256e-05
0.98 9.5320515220669e-05 3.5028446285325e-05
1.176 9.7844542261034e-05 4.0155539189237e-05
1.372 8.9310097135209e-05 4.3120427542462e-05
1.568 7.4785321957656e-05 4.4438869422627e-05
1.764 6.1020118347256e-05 4.473405869901e-05
1.96 5.3951545641671e-05 4.4486178638656e-05
2.156 5.6658994006864e-05 4.3923563037298e-05
2.352 6.8852369925771e-05 4.3095298264359e-05
2.548 8.8068428615407e-05 4.1996509873975e-05
2.744 0.00011155996436191 4.0617760133805e-05
2.94 0.00013771301175155 3.8960495107171e-05
3.136 0.00016634944203167 3.7070526751828e-05
3.332 0.00019792377250989 3.5059302342755e-05
3.528 0.00023226965485211 3.3072226505817e-05
3.724 0.00026792247489185 3.1201379060781e-05
3.92 0.00030257896361784 2.9427187455075e-05
4.116 0.00033399990256014 2.7682519239874e-05
4.312 0.00036039607008223 2.5953357936796e-05
4.508 0.00038042280443354 2.4269347133941e-05
4.704 0.00039331732923201 2.2625187091363e-05
4.9 0.00039896255787529 2.097416409251e-05
5.096 0.00039753862706969 1.9288581992268e-05
5.292 0.00038902066474684 1.758556289908e-05
5.488 0.00037298936510422 1.5896315714318e-05
5.684 0.00034900963716261 1.4231908945494e-05
5.88 0.00031733859186574 1.2585588277621e-05
6.076 0.00027934916172052 1.0958779894285e-05
6.272 0.000237412163032 9.3747048800756e-06
6.468 0.00019438445681654 7.8731779704523e-06
6.664 0.00015303767552433 6.4960046431497e-06
6.86 0.00011567273104377 5.2724031164845e-06
7.056 8.389254393046e-05 4.2125579906547e-06
7.252 5.8451005385512e-05 3.3114486314457e-06
7.448 3.9237391818377e-05 2.5566110035934e-06
7.644 2.5465365196623e-05 1.9346058824978e-06
7.84 1.6002907996713e-05 1.4333915363106e-06
8.036 9.7049176777212e-06 1.0410295163122e-06
8.232 5.6232163539011e-06 7.443719067259e-07
8.428 3.0603768653669e-06 5.2953114086624e-07
8.624 1.5248994482129e-06 3.8216516336251e-07
8.82 6.6752463613057e-07 2.8622537357185e-07
9.016 2.3582082016346e-07 2.2382409214288e-07
9.212 4.9913059997219e-08 1.7836349891705e-07
9.408 -9.1926797739769e-09 1.3884740017889e-07
9.604 -1.4566399176698e-08 1.0147824237924e-07
