0 0.15522103563782 0.0042110561656812
0.196 0.15073387382877 0.0039506101608153
0.392 0.1382744790827 0.0032671372662538
0.588 0.12049005076359 0.0023961787992271
0.784 0.10058633798423 0.0015806045955299
0.98 0.081250006755399 0.00098004961129101
1.176 0.064123714575468 0.00064529509759687
1.372 0.049870174508294 0.00051229569927009
1.568 0.038477498540158 0.00046059149484134
1.764 0.029588841029896 0.00042459847458605
1.96 0.022738360184495 0.00039064701054265
2.156 0.017471369584078 0.00035706756443332
2.352 0.01339836084416 0.00032137760645528
2.548 0.010222737844852 0.00028167888659548
2.744 0.0077410537979889 0.00023925979996749
2.94 0.0058147851247807 0.0001977580384787
3.136 0.0043395782797734 0.00016033693224559
3.332 0.0032232444265089 0.00012832639171755
3.528 0.0023866083191141 0.00010190358209413
3.724 0.0017661510221834 8.1047788743096e-05
3.92 0.0013105040319952 6.5503365419157e-05
4.116 0.00097721992717164 5.432325599393e-05
4.312 0.00073210096083222 4.5936147554884e-05
4.508 0.00054934919557769 3.8884669365087e-05
4.704 0.00041118433911749 3.2451722385197e-05
4.9 0.00030599840244489 2.6637984228106e-05
5.096 0.00022610813944113 2.165837033771e-05
5.292 0.0001655716984092 1.7520267902802e-05
5.488 0.00011953430246636 1.402823790888e-05
5.684 8.4346746790273e-05 1.1021374653493e-05
5.88 5.7698219726637e-05 8.4636535886542e-06
6.076 3.8256606035224e-05 6.354938614637e-06
6.272 2.4994812729014e-05 4.7213820457738e-06
6.468 1.6603258075307e-05 3.6685685745277e-06
6.664 1.1635163659778e-05 3.2150230132859e-06
6.86 8.7637011743804e-06 3.0621240074788e-06
7.056 6.9633300890755e-06 2.8904771619481e-06
7.252 5.6200341223498e-06 2.6315366967573e-06
7.448 4.4314337491745e-06 2.3367557651665e-06
7.644 3.318561173804e-06 2.0008382755021e-06
7.84 2.3096435708558e-06 1.5865955587225e-06
8.036 1.4601688327366e-06 1.1221574164422e-06
8.232 8.2763214426181e-07 6.9124159844383e-07
8.428 4.1527535502198e-07 3.6657446634412e-07
8.624 1.8155708041591e-07 1.6722386771053e-07
8.82 6.9071381624229e-08 6.5209820513187e-08
9.016 2.1158042515574e-08 2.0592438014299e-08
9.212 5.4296988556194e-09 5.4250744428547e-09
9.408 1.0067235142557e-09 9.9619343293202e-10
9.604 -2.9596584315541e-11 2.7053611778226e-11
