0 0 0
0.196 -1.9645721009686e-05 2.181470229987e-05
0.392 -5.8220416235656e-05 6.4983036074152e-05
0.588 -7.718986935766e-05 9.5802012239497e-05
0.784 -6.204840650217e-05 0.00010634690400778
0.98 -3.1328902351742e-05 0.00010592582920393
1.176 5.2877718787432e-06 0.00010267945953781
1.372 6.9173030394968e-05 9.9525989784029e-05
1.568 0.00016274331049781 9.5881474812295e-05
1.764 0.00024604268488346 9.0247756604079e-05
1.96 0.00028761251869811 8.3002822462976e-05
2.156 0.00029425711451211 7.666009994668e-05
2.352 0.00029394844221483 7.3254546551468e-05
2.548 0.00031027381910077 7.1648587446406e-05
2.744 0.00034701531163423 6.9192537934162e-05
2.94 0.00040355298585245 6.5732282180943e-05
3.136 0.00049410100919596 6.2242528017246e-05
3.332 0.00063028327419315 5.9356212849601e-05
3.528 0.00079387694477048 5.6139734207089e-05
3.724 0.00094468317770696 5.2190375654565e-05
3.92 0.0010598691253542 4.8795224772365e-05
4.116 0.0011546851106415 4.6891740156265e-05
4.312 0.0012497285491107 4.5580345189352e-05
4.508 0.0013308154884876 4.3509822960218e-05
4.704 0.0013613359951508 3.9763406645487e-05
4.9 0.0013239014352152 3.5286130483702e-05
5.096 0.0012346318630537 3.1172661755115e-05
5.292 0.0011178988767795 2.7636209275957e-05
5.488 0.00098272821774367 2.4666005213513e-05
5.684 0.00083214640116756 2.179456941471e-05
5.88 0.00067793239403622 1.8953962558597e-05
6.076 0.00053422026870495 1.6255285351504e-05
6.272 0.00040747636791092 1.3617983636639e-05
6.468 0.00029882925008242 1.1059288794426e-05
6.664 0.00020974999578004 8.6424021009011e-06
6.86 0.00014159709067243 6.5506825972775e-06
7.056 9.2413562783326e-05 4.9189351396552e-06
7.252 5.7666499770821e-05 3.660825252617e-06
7.448 3.3767133539402e-05 2.6593515199494e-06
7.644 1.8849642821836e-05 1.8913421846781e-06
7.84 1.0641898177559e-05 1.3480424226075e-06
8.036 6.1080499043505e-06 9.6322387938824e-07
8.232 3.2258065060867e-06 7.1914634104564e-07
8.428 1.5029109629398e-06 6.094472044562e-07
8.624 7.975651733095e-07 5.4686760993092e-07
8.82 6.1945773092767e-07 4.5147191417549e-07
9.016 4.9658216529064e-07 3.1361161000289e-07
9.212 3.072280951321e-07 1.7849651880653e-07
9.408 1.3553736576477e-07 8.2530436959336e-08
9.604 4.1405109130726e-08 2.9218229851626e-08
