0 0 0
0.196 -1.0270239650541e-07 3.419059111264e-07
0.392 -7.2251149927485e-07 2.4780920729365e-06
0.588 -2.0067962305589e-06 7.198788320872e-06
0.784 -3.9370091824028e-06 1.4066049173436e-05
0.98 -6.7472590979958e-06 2.1904354190511e-05
1.176 -1.0941778929105e-05 2.9455786118794e-05
1.372 -1.7032392219017e-05 3.5827610468677e-05
1.568 -2.5466802567217e-05 4.0616564687015e-05
1.764 -3.6370113191252e-05 4.3792694512283e-05
1.96 -4.8753661844841e-05 4.5525857901418e-05
2.156 -5.9940529563297e-05 4.6086018637571e-05
2.352 -6.6157720309918e-05 4.5806092969586e-05
2.548 -6.4300911987003e-05 4.5018486021087e-05
2.744 -5.3644610534611e-05 4.3977158804502e-05
2.94 -3.6317552370542e-05 4.2823365360743e-05
3.136 -1.6567232820724e-05 4.1589589984093e-05
3.332 8.0745023575485e-07 4.0215536850403e-05
3.528 1.2309992408122e-05 3.8588358377463e-05
3.724 1.6610662679813e-05 3.662031044222e-05
3.92 1.414471877923e-05 3.4312533968861e-05
4.116 6.5838687446523e-06 3.1755927322633e-05
4.312 -3.4332305958387e-06 2.9085323659377e-05
4.508 -1.2971639005606e-05 2.6428330657735e-05
4.704 -1.9952672257489e-05 2.3859176436496e-05
4.9 -2.3898591842773e-05 2.1380354334936e-05
5.096 -2.5536307732647e-05 1.8970028784618e-05
5.292 -2.5792002613674e-05 1.6643933028048e-05
5.488 -2.5199760662529e-05 1.4447495684132e-05
5.684 -2.3952147302405e-05 1.2415862120319e-05
5.88 -2.2176049765147e-05 1.056114191763e-05
6.076 -2.0087430395428e-05 8.8808219456313e-06
6.272 -1.7877056058688e-05 7.3666661867194e-06
6.468 -1.559233343935e-05 6.0147651955128e-06
6.664 -1.3185797681678e-05 4.831431779729e-06
6.86 -1.0663723091394e-05 3.8247650053793e-06
7.056 -8.1742974241785e-06 2.9922467535806e-06
7.252 -5.9413235239492e-06 2.3174671744577e-06
7.448 -4.1292230112919e-06 1.7760526409957e-06
7.644 -2.7717401960179e-06 1.3436783027989e-06
7.84 -1.7980806023714e-06 1.0010234970231e-06
8.036 -1.1094382942294e-06 7.340559175734e-07
8.232 -6.3318548807984e-07 5.3128284229638e-07
8.428 -3.2298856251477e-07 3.8118441485828e-07
8.624 -1.3935623292476e-07 2.7187726518389e-07
8.82 -4.2150265943544e-08 1.9284765665761e-07
9.016 3.5494587362708e-09 1.3611336833357e-07
9.212 2.1478123414835e-08 9.5167479181204e-08
9.408 2.481615988661e-08 6.4555066441506e-08
9.604 2.0820071154708e-08 4.1081851414622e-08
