0 0 0
0.196 6.4267617344933e-06 3.4721261368689e-06
0.392 2.4219876355389e-05 1.273245607566e-05
0.588 4.9739519206876e-05 2.5008465883592e-05
0.784 7.8972175826334e-05 3.725909326722e-05
0.98 0.00010921070922454 4.728412634059e-05
1.176 0.00013966488254245 5.4121205790962e-05
1.372 0.0001712448157075 5.7861347144736e-05
1.568 0.00020603914744369 5.9184644367651e-05
1.764 0.00024636272964014 5.8896574058248e-05
1.96 0.00029353516859812 5.7631475233553e-05
2.156 0.00034737189246086 5.5787366480454e-05
2.352 0.00040679912522467 5.3620526713812e-05
2.548 0.00047094000155374 5.1335350473308e-05
2.744 0.00053998001861068 4.9086754898412e-05
2.94 0.00061500662134358 4.6933136757232e-05
3.136 0.00069669468714259 4.4819984500638e-05
3.332 0.00078417029960206 4.2646206722427e-05
3.528 0.00087470733811275 4.0351675654107e-05
3.724 0.00096365386285492 3.7936956941267e-05
3.92 0.0010443823460195 3.5438888583449e-05
4.116 0.0011089420580922 3.2902367682572e-05
4.312 0.0011496884435673 3.0354327019909e-05
4.508 0.0011611817735505 2.7793662045741e-05
4.704 0.0011414420195368 2.5201881456043e-05
4.9 0.0010920525611437 2.2567999453907e-05
5.096 0.0010172134664183 1.9917825320786e-05
5.292 0.00092245813970983 1.7333172865001e-05
5.488 0.00081382155452187 1.4930143701787e-05
5.684 0.00069763246513847 1.2791756460601e-05
5.88 0.00058035661730585 1.0918708684346e-05
6.076 0.00046807325913742 9.2535153465482e-06
6.272 0.00036578037965886 7.7442748895152e-06
6.468 0.00027687262415483 6.3785239112869e-06
6.664 0.00020297630384397 5.1696198400997e-06
6.86 0.00014412680535774 4.1264277401826e-06
7.056 9.9155297748645e-05 3.2399367993566e-06
7.252 6.6140519526936e-05 2.4940821688507e-06
7.448 4.2833481520907e-05 1.8804970996216e-06
7.644 2.6997557030006e-05 1.3983688185073e-06
7.84 1.6625468904437e-05 1.0413942213822e-06
8.036 1.0051276615572e-05 7.8748696124454e-07
8.232 5.9924583300048e-06 6.042661474562e-07
8.428 3.5317700827608e-06 4.6446275098614e-07
8.624 2.0553511063099e-06 3.5241867147196e-07
8.82 1.1738733613809e-06 2.5983633591929e-07
9.016 6.5088167162133e-07 1.823051866454e-07
9.212 3.4545727598055e-07 1.1892018837704e-07
9.408 1.730268741325e-07 7.0731475613202e-08
9.604 7.9755529327683e-08 3.7765559883033e-08
