0 0.022807742937535 0.00031515790144655
0.196 0.022773772246302 0.00030625939891041
0.392 0.022672746097954 0.00028234347847293
0.588 0.022506007430071 0.00025018496949334
0.784 0.022272726045843 0.00021695947318867
0.98 0.021968755739972 0.00018736055527551
1.176 0.021588312404837 0.00016292668803705
1.372 0.021126781735883 0.00014323253097861
1.568 0.020582156720952 0.00012732916350456
1.764 0.019955021934543 0.00011429156871075
1.96 0.019247686977924 0.00010322702470158
2.156 0.018462825029591 9.3437428588589e-05
2.352 0.017602327785089 8.4616012400125e-05
2.548 0.016666674497789 7.6753558769021e-05
2.744 0.01565551280594 6.9897120404363e-05
2.94 0.014570371054276 6.401239017304e-05
3.136 0.013418303501859 5.89337282159e-05
3.332 0.012214086831063 5.4347395517234e-05
3.528 0.010979996977938 4.9971852081959e-05
3.724 0.0097435382304853 4.5839870850384e-05
3.92 0.0085338128757747 4.2210312605074e-05
4.116 0.0073773308915945 3.9142882180331e-05
4.312 0.0062947444671002 3.6357937044375e-05
4.508 0.0052997871826922 3.3529088664737e-05
4.704 0.0044003301428685 3.0543346824436e-05
4.9 0.0036000659196391 2.7494476118064e-05
5.096 0.0028995268449806 2.4540108451069e-05
5.292 0.0022964250271359 2.1767827162126e-05
5.488 0.0017861388346526 1.9149296555934e-05
5.684 0.0013624436547665 1.6608039812405e-05
5.88 0.0010180874908026 1.4117265182588e-05
6.076 0.00074492225736473 1.1729510999831e-05
6.272 0.00053382337406406 9.5371408367391e-06
6.468 0.00037493797284268 7.6225721801437e-06
6.664 0.00025830773443293 6.0265605507781e-06
6.86 0.00017464554429551 4.7361960809823e-06
7.056 0.00011591986886431 3.7009064175549e-06
7.252 7.5575578077742e-05 2.8706795233088e-06
7.448 4.8462837661017e-05 2.2153030143944e-06
7.644 3.0638771225316e-05 1.710197191293e-06
7.84 1.9151670611097e-05 1.3225597677609e-06
8.036 1.1860008638499e-05 1.0195537131924e-06
8.232 7.2737775892587e-06 7.8035995514953e-07
8.428 4.4026564979207e-06 5.9222726866738e-07
8.624 2.6119696459093e-06 4.4116519992692e-07
8.82 1.5040303478422e-06 3.1441184415233e-07
9.016 8.3075751238112e-07 2.0787878045466e-07
9.212 4.3525753246437e-07 1.2460388828773e-07
9.408 2.1521386440308e-07 6.7100993592977e-08
9.604 1.013354740128e-07 3.3206332355611e-08
