0 0 0
0.196 -4.2749506097454e-07 3.8300298777513e-07
0.392 -4.600772181956e-06 5.4315418997974e-06
0.588 -1.7570148165019e-05 2.0626326374449e-05
0.784 -3.2432493372638e-05 4.631468024179e-05
0.98 -2.587429285571e-05 7.7298806889521e-05
1.176 2.8761068873277e-05 0.00010724377550363
1.372 0.0001444309676343 0.0001315560544959
1.568 0.00032164878171421 0.00014774408280503
1.764 0.00054995520008593 0.00015549266816225
1.96 0.00080560786700236 0.00015611768153342
2.156 0.0010525688241006 0.00015138029635088
2.352 0.0012525723991701 0.00014266183717782
2.548 0.0013812846343236 0.00013089041390902
2.744 0.0014330282000093 0.00011716312775762
2.94 0.0014151249394062 0.00010308531129963
3.136 0.0013421697219776 9.0162696913976e-05
3.332 0.0012304384817693 7.8934080876311e-05
3.528 0.0010949147291989 6.9002088990091e-05
3.724 0.0009484174749319 5.9841901271321e-05
3.92 0.00079924555684523 5.1239606531427e-05
4.116 0.00065353857635456 4.3157887213111e-05
4.312 0.00051770963101008 3.5620779630566e-05
4.508 0.00039793080296559 2.8770640384617e-05
4.704 0.00029823406361501 2.2840357710933e-05
4.9 0.00021982555835719 1.8008089584213e-05
5.096 0.00016095211513514 1.4253179671771e-05
5.292 0.00011804556387251 1.1408956009359e-05
5.488 8.7011777644117e-05 9.3193017099535e-06
5.684 6.4160492041231e-05 7.837157159241e-06
5.88 4.6745516845897e-05 6.7429438559774e-06
6.076 3.3078016326716e-05 5.7768595642967e-06
6.272 2.2414592967178e-05 4.7606180274386e-06
6.468 1.4500592862273e-05 3.6807482334775e-06
6.664 9.1278784492627e-06 2.6693787419677e-06
6.86 5.8976988432182e-06 1.9102446662467e-06
7.056 4.1951432499279e-06 1.495407406885e-06
7.252 3.3261134427813e-06 1.3116255561151e-06
7.448 2.7408269505243e-06 1.1607691331542e-06
7.644 2.1544925485177e-06 9.4970257436585e-07
7.84 1.5304974767933e-06 6.9200142421211e-07
8.036 9.5853531226503e-07 4.4343758695181e-07
8.232 5.2431849530336e-07 2.4869446592907e-07
8.428 2.4895002695132e-07 1.2133594272721e-07
8.624 1.0220709962829e-07 5.1308723436449e-08
8.82 3.6304133947692e-08 1.8869689655471e-08
9.016 1.0986451412502e-08 5.8931687069416e-09
9.212 2.8374165122003e-09 1.5805999982155e-09
9.408 5.570747399392e-10 3.3074027230014e-10
9.604 7.2282790894843e-11 4.1974319875925e-11
