0 0 0
0.196 0.00065154735218687 6.1606711140032e-05
0.392 0.0022280853605584 0.00020459847226728
0.588 0.0039012854283283 0.00034405656644877
0.784 0.0049560436736164 0.00041895231518833
0.98 0.0051632486062641 0.00042157542594561
1.176 0.0047349083163593 0.00038123851489732
1.372 0.0040006046035599 0.00032982743873074
1.568 0.0032036799023797 0.00028287062973724
1.764 0.0024732105268393 0.00024146756902427
1.96 0.0018867061587383 0.00020354338388406
2.156 0.0014443778353126 0.0001690696252862
2.352 0.0011121482946338 0.000139004255813
2.548 0.00085510408400066 0.00011370135268342
2.744 0.00065187760599396 9.2100827740577e-05
2.94 0.00048987191799014 7.282249866396e-05
3.136 0.00036311505181446 5.5788108812628e-05
3.332 0.0002669458919875 4.2088599458564e-05
3.528 0.00019590489131096 3.2522934594856e-05
3.724 0.00014431029507862 2.6490634556209e-05
3.92 0.00010664771131701 2.238228066281e-05
4.116 7.843845156326e-05 1.8835503523616e-05
4.312 5.7013910909559e-05 1.5246481076522e-05
4.508 4.1039878103027e-05 1.17196166494e-05
4.704 2.9286639244189e-05 8.6578238479168e-06
4.9 2.0876437527719e-05 6.3365666058443e-06
5.096 1.5032335437365e-05 4.7703484655665e-06
5.292 1.1105998368883e-05 3.8532457565698e-06
5.488 8.4811989504614e-06 3.5006758755366e-06
5.684 6.5914907391394e-06 3.3629258877687e-06
5.88 5.029040543758e-06 3.036024804095e-06
6.076 3.5914440387918e-06 2.4170408960494e-06
6.272 2.3215741694632e-06 1.6659404691562e-06
6.468 1.3279610072413e-06 9.8887142776002e-07
6.664 6.5657839496748e-07 5.0036766649603e-07
6.86 2.8135552462177e-07 2.1712209898519e-07
7.056 1.0395695496461e-07 8.0995432975039e-08
7.252 3.2438630432865e-08 2.5448244468584e-08
7.448 8.545519082994e-09 6.7468069167702e-09
7.644 1.4127682630245e-09 1.0944854241219e-09
7.84 9.6271963005959e-11 7.2706668899262e-11
8.036 6.4524597518678e-12 4.7622297981064e-12
8.232 2.5380156535039e-12 2.1808285017376e-12
8.428 -1.586473025224e-12 1.2683644959249e-12
8.624 5.0990088045762e-13 3.8938480938599e-13
8.82 -1.1663711819407e-13 8.494407839744e-14
9.016 2.0772942816522e-14 1.4710944569553e-14
9.212 -3.0367068132886e-15 2.2575834013685e-15
9.408 4.258345080637e-16 3.2299088595717e-16
9.604 -1.0221275061735e-16 8.2882674350313e-17
