0 0.020929256681989 0.00028782897508406
0.196 0.020920912681981 0.00028007486529414
0.392 0.020890447781099 0.00025894053848583
0.588 0.020824278520343 0.00022970778662336
0.784 0.020707377583026 0.00019833715578059
0.98 0.020527315644567 0.00016942723898463
1.176 0.02027418846929 0.0001453414856971
1.372 0.019939356816152 0.00012640413143171
1.568 0.019515756838007 0.0001117232048181
1.764 0.018999039940431 0.00010013280781201
1.96 0.018388488143374 9.0804499906189e-05
2.156 0.01768761433654 8.3260268293472e-05
2.352 0.016903844488391 7.6985588041417e-05
2.548 0.016046881664984 7.1288396014841e-05
2.744 0.01512674107742 6.5620131840559e-05
2.94 0.014152664703472 5.9856969147005e-05
3.136 0.01313303924675 5.4259229233805e-05
3.332 0.012075966870005 4.9269688487894e-05
3.528 0.010990586118133 4.5241951111628e-05
3.724 0.0098890008690429 4.2184764969087e-05
3.92 0.0087876010106753 3.9717051181902e-05
4.116 0.0077063534081814 3.7269493473921e-05
4.312 0.0066660507530442 3.4408991602112e-05
4.508 0.0056853265609132 3.1106214402065e-05
4.704 0.0047791774881592 2.7725594716343e-05
4.9 0.0039586323148768 2.4707685515835e-05
5.096 0.0032304199950694 2.2216023337072e-05
5.292 0.0025966512358663 2.0084066157099e-05
5.488 0.0020551035024453 1.8050745786187e-05
5.684 0.0016002488106988 1.597929851914e-05
5.88 0.0012246478165814 1.3880915576584e-05
6.076 0.00092003483633687 1.1826100057205e-05
6.272 0.0006778704688438 9.8818171083621e-06
6.468 0.00048950408741929 8.1029714814576e-06
6.664 0.00034631597591626 6.5356615772502e-06
6.86 0.00023996850138138 5.2073380951956e-06
7.056 0.000162770444063 4.1136172871901e-06
7.252 0.0001079985769117 3.2167404604385e-06
7.448 7.0058133583676e-05 2.4693676303387e-06
7.644 4.4451077666394e-05 1.8445205387721e-06
7.84 2.7636930855965e-05 1.3400916483561e-06
8.036 1.6893957847674e-05 9.5883134416768e-07
8.232 1.0198384913673e-05 6.9164773463933e-07
8.428 6.106240256906e-06 5.1580809846548e-07
8.624 3.6315153728297e-06 3.9895129320372e-07
8.82 2.1354198094686e-06 3.0873234999876e-07
9.016 1.2269197874145e-06 2.2717493572964e-07
9.212 6.7664115143009e-07 1.5306976341982e-07
9.408 3.5452751451261e-07 9.3514319430588e-08
9.604 1.65743021776e-07 4.864084215001e-08
