0 0 0
0.196 0.00035089669672694 0.00054068750722307
0.392 0.00053976534896804 0.00088133497896556
0.588 0.00050819406667065 0.00095573935490735
0.784 0.00034313738688752 0.00083820477821072
0.98 0.00017129643236802 0.00065025250716019
1.176 8.6732358663978e-05 0.00047447480570602
1.372 4.8781976646696e-05 0.00033771347937398
1.568 4.0018583598728e-05 0.0002384154553573
1.764 3.0179675966912e-05 0.00017047660235935
1.96 2.0069424063952e-05 0.00012683666440845
2.156 1.0702233647998e-05 9.9308016702654e-05
2.352 1.4857139649851e-05 8.1187304484967e-05
2.548 3.1244973244604e-05 6.835838797579e-05
2.744 5.0450581489621e-05 5.880456341637e-05
2.94 6.1801134112389e-05 5.0932490548427e-05
3.136 6.0019238177171e-05 4.3657876532203e-05
3.332 4.6203033111446e-05 3.705016337052e-05
3.528 2.6142926711565e-05 3.168361858688e-05
3.724 6.1585599716843e-06 2.7503250171224e-05
3.92 -9.4040349088118e-06 2.3878277810915e-05
4.116 -1.8273391812151e-05 2.0221798567627e-05
4.312 -2.069338441899e-05 1.6355686780903e-05
4.508 -1.845280914767e-05 1.2575071015745e-05
4.704 -1.3857688125746e-05 9.3540470603751e-06
4.9 -8.9477765834324e-06 6.952766527081e-06
5.096 -4.8787303308154e-06 5.3471978664243e-06
5.292 -1.8054541434043e-06 4.4424636744446e-06
5.488 2.4185624333718e-07 4.1562459311399e-06
5.684 1.3828591683251e-06 4.0592220587936e-06
5.88 1.7606061372518e-06 3.6865084189771e-06
6.076 1.6010707399952e-06 2.9406849204596e-06
6.272 1.1810415083915e-06 2.0291735165841e-06
6.468 7.3024690623904e-07 1.2056984141005e-06
6.664 3.7853166945906e-07 6.0878962423527e-07
6.86 1.666690879153e-07 2.6386770258361e-07
7.056 6.3827332865918e-08 9.8441834806263e-08
7.252 2.0429387061329e-08 3.0799784569921e-08
7.448 5.5092343567468e-09 8.1426756973091e-09
7.644 7.9291053719968e-10 1.2723360505901e-09
7.84 4.0153812073937e-11 7.7404674694616e-11
8.036 2.748868356457e-12 5.7709038846672e-12
8.232 2.2669772576442e-12 2.7101520800527e-12
8.428 -1.0436838532075e-12 1.4989922191135e-12
8.624 2.5167641035281e-13 4.4252462441781e-13
8.82 -3.4058070944506e-14 9.2985996243454e-14
9.016 2.8824761566251e-16 1.547227327499e-14
9.212 9.8978664909481e-16 2.3000580361288e-15
9.408 -1.4331710194728e-16 3.1990840486618e-16
9.604 -6.9027835671556e-17 9.0173471092029e-17
