0 0 0
0.196 -5.4310555349473e-07 3.9047639819732e-07
0.392 -3.6567446432965e-06 2.8205680473856e-06
0.588 -9.4646550672863e-06 8.1527241421563e-06
0.784 -1.6017809094383e-05 1.583410860528e-05
0.98 -2.1267340444674e-05 2.4496840402113e-05
1.176 -2.4067039980599e-05 3.2719636275131e-05
1.372 -2.4113078819825e-05 3.9545403707887e-05
1.568 -2.1796938962073e-05 4.4641025195509e-05
1.764 -1.8032072468397e-05 4.8107951786651e-05
1.96 -1.4109707065738e-05 5.017652369197e-05
2.156 -1.1276771096834e-05 5.108814970921e-05
2.352 -1.0037493793065e-05 5.1129943113372e-05
2.548 -1.0312968558852e-05 5.0569051887799e-05
2.744 -1.2454248737101e-05 4.9519641591942e-05
2.94 -1.7508191232326e-05 4.7958602083687e-05
3.136 -2.6220202424378e-05 4.5881515802073e-05
3.332 -3.7888512553398e-05 4.3403290124606e-05
3.528 -5.0209574570091e-05 4.0711417881715e-05
3.724 -6.0085358493075e-05 3.7954108074508e-05
3.92 -6.4791760791305e-05 3.5172803265416e-05
4.116 -6.3014223268101e-05 3.2315816229081e-05
4.312 -5.5133381486364e-05 2.9323874981617e-05
4.508 -4.2788003678541e-05 2.6234150783899e-05
4.704 -2.8296116601494e-05 2.3198746078824e-05
4.9 -1.4134685540858e-05 2.0384479082708e-05
5.096 -2.4198551043115e-06 1.7862200969393e-05
5.292 5.5166859181451e-06 1.5600174935279e-05
5.488 9.3167519263845e-06 1.353224457942e-05
5.684 9.5547718360113e-06 1.1614802352199e-05
5.88 7.4377450608784e-06 9.8431618850714e-06
6.076 4.3554650194415e-06 8.2359921273572e-06
6.272 1.487748762313e-06 6.8098538034132e-06
6.468 -4.417657383576e-07 5.5665417682179e-06
6.664 -1.2387877352203e-06 4.4978149090525e-06
6.86 -1.1644291744518e-06 3.5932963550956e-06
7.056 -7.0498761723536e-07 2.8408795244277e-06
7.252 -2.8528424855004e-07 2.2219583603158e-06
7.448 -1.016628597534e-07 1.7143126509904e-06
7.644 -1.3721744492272e-07 1.3021385650809e-06
7.84 -2.6692494169812e-07 9.7747869024862e-07
8.036 -3.6901196988505e-07 7.294654721e-07
8.232 -3.8804425042081e-07 5.3875159252182e-07
8.428 -3.33580421352e-07 3.8670387568276e-07
8.624 -2.4562307626043e-07 2.6466945196101e-07
8.82 -1.6098711317488e-07 1.718670177643e-07
9.016 -9.8239159281734e-08 1.0779479714559e-07
9.212 -5.9203179468624e-08 6.784761007878e-08
9.408 -3.7264024205155e-08 4.4121435056277e-08
9.604 -2.4705370493829e-08 2.922717966495e-08
