0 0 0
0.196 5.0170584877164e-07 2.373527242615e-06
0.392 8.2322087601716e-07 8.6941482689128e-06
0.588 -1.5086276974654e-06 1.7045597235986e-05
0.784 -8.4863124434559e-06 2.5340550758074e-05
0.98 -2.1123392804156e-05 3.2099322989005e-05
1.176 -4.0253487783293e-05 3.6708450768632e-05
1.372 -6.7020391103446e-05 3.9268797456963e-05
1.568 -0.0001025233020062 4.0269773291686e-05
1.764 -0.00014710808124936 4.0277932762047e-05
1.96 -0.00019987198996918 3.9735142720185e-05
2.156 -0.00025893344946832 3.8888426514444e-05
2.352 -0.0003224347419784 3.7834306030631e-05
2.548 -0.00038942710200838 3.6612300522391e-05
2.744 -0.00045980816964234 3.5252940625356e-05
2.94 -0.00053342790841821 3.3778426974672e-05
3.136 -0.00060927097897191 3.2210002307557e-05
3.332 -0.00068523980036928 3.0581250172297e-05
3.528 -0.00075819297597946 2.8939064361515e-05
3.724 -0.00082396863558518 2.7327415650245e-05
3.92 -0.00087763930424121 2.5754646245125e-05
4.116 -0.00091430130876442 2.4170681136944e-05
4.312 -0.00093028106894538 2.2499567207731e-05
4.508 -0.00092418103191568 2.0708208734825e-05
4.704 -0.00089702702089757 1.8833042222237e-05
4.9 -0.00085141542656312 1.6949782033022e-05
5.096 -0.00079046278197655 1.5134550781502e-05
5.292 -0.00071736120059638 1.3437653959411e-05
5.488 -0.00063554560468229 1.1870014620982e-05
5.684 -0.00054896423129579 1.0412966146141e-05
5.88 -0.00046196615759542 9.0459126061993e-06
6.076 -0.00037868707537137 7.7631977743071e-06
6.272 -0.00030231563539742 6.5707970093117e-06
6.468 -0.00023479938827528 5.4774811320517e-06
6.664 -0.00017703768110763 4.4904124109917e-06
6.86 -0.00012922834517762 3.6147195871836e-06
7.056 -9.1076312842672e-05 2.8548484912903e-06
7.252 -6.1845889433305e-05 2.213678025094e-06
7.448 -4.0402049884516e-05 1.6877300281127e-06
7.644 -2.5355584746653e-05 1.2659216861394e-06
7.84 -1.5268582921315e-05 9.3603318609655e-07
8.036 -8.8226610260039e-06 6.8894370607504e-07
8.232 -4.9086682408332e-06 5.1367653028476e-07
8.428 -2.6539714475572e-06 3.9185966046641e-07
8.624 -1.4162638533797e-06 3.019545717578e-07
8.82 -7.6011632924644e-07 2.2857288175403e-07
9.016 -4.1685359861942e-07 1.6573960315847e-07
9.212 -2.3506731576164e-07 1.1352367249693e-07
9.408 -1.3560695560345e-07 7.3366336436592e-08
9.604 -7.8766074823367e-08 4.4904279087065e-08
