0 0 0
0.196 -1.0001097263713e-05 3.0274214947684e-05
0.392 -4.7098783091276e-05 8.9842469347894e-05
0.588 -9.9912470407059e-05 0.00013076776489178
0.784 -0.00012505082830379 0.0001409637229778
0.98 -0.00010356902334127 0.000136894688402
1.176 -5.295430679555e-05 0.00013372429159633
1.372 2.6242044329321e-05 0.00013092046350639
1.568 0.00015409333590249 0.000125745446249
1.764 0.0003168743289267 0.00011907484673344
1.96 0.00047609365246633 0.00011280489445891
2.156 0.00063039211108314 0.00010804952558823
2.352 0.00079383429685289 0.00010221562298676
2.548 0.00093720492390102 9.5432611246556e-05
2.744 0.0010252100351778 9.0096904959427e-05
2.94 0.0010937796050391 8.5261204167416e-05
3.136 0.0012297281634075 8.1129495653624e-05
3.332 0.0014590721079788 7.7725965161533e-05
3.528 0.0017060465737675 7.3688548901598e-05
3.724 0.0018876626043289 6.8983704357653e-05
3.92 0.0019866055296787 6.3627420688793e-05
4.116 0.0020113070731159 5.7477193080795e-05
4.312 0.0019572108477315 5.1016297289792e-05
4.508 0.0018275105416669 4.5214390733022e-05
4.704 0.0016447195744187 4.049331235658e-05
4.9 0.0014322716333144 3.6172517744723e-05
5.096 0.0012057312977136 3.1669261394191e-05
5.292 0.0009788140460565 2.712580861947e-05
5.488 0.00076686162755551 2.2779899413022e-05
5.684 0.0005840479237516 1.9071066178786e-05
5.88 0.00043702785192182 1.6175955842972e-05
6.076 0.00032215905428111 1.3645818164894e-05
6.272 0.00023160400496175 1.1214716515175e-05
6.468 0.00016103095462207 8.971780107521e-06
6.664 0.00010930779567033 6.9465386377546e-06
6.86 7.4079236606612e-05 5.2932692170782e-06
7.056 5.0771305772843e-05 4.1478884107531e-06
7.252 3.4896684951548e-05 3.3858637660795e-06
7.448 2.3585621630056e-05 2.8402155249549e-06
7.644 1.5328403704313e-05 2.312437547859e-06
7.84 9.3949086649062e-06 1.7519161526003e-06
8.036 5.4222462782689e-06 1.2029241646971e-06
8.232 3.0442804700665e-06 7.6316808016851e-07
8.428 1.7285048895206e-06 5.0230766215363e-07
8.624 9.8337215080682e-07 3.3748611196243e-07
8.82 5.5936185858187e-07 2.5467329045353e-07
9.016 3.3178781188055e-07 2.2643412907686e-07
9.212 1.903126332908e-07 1.6576642174732e-07
9.408 8.7361748965936e-08 8.3520176618992e-08
9.604 2.8182788314758e-08 2.7783172071651e-08
