0 0 0
0.196 3.2493415466659e-08 2.4937437721053e-08
0.392 6.5781400568602e-07 3.7231507552372e-07
0.588 3.0775706984609e-06 1.593468478242e-06
0.784 8.4705480566221e-06 4.0823294743051e-06
0.98 1.6849140587885e-05 7.8465719545881e-06
1.176 2.6614828863106e-05 1.2548431091639e-05
1.372 3.5387186142797e-05 1.7638589474183e-05
1.568 4.1266314810998e-05 2.2520348809084e-05
1.764 4.3336546663875e-05 2.6723553050877e-05
1.96 4.1402065291444e-05 3.0001260346961e-05
2.156 3.563713365433e-05 3.2311564587883e-05
2.352 2.6515873856375e-05 3.3742284407275e-05
2.548 1.4889782633726e-05 3.4442522253996e-05
2.744 2.1198735255288e-06 3.4575522649348e-05
2.94 -9.9135262525029e-06 3.4274362367434e-05
3.136 -1.9133389173969e-05 3.3619458451525e-05
3.332 -2.3793071747019e-05 3.267459015905e-05
3.528 -2.2855164193989e-05 3.1532106436679e-05
3.724 -1.5911310275585e-05 3.0277599987078e-05
3.92 -2.9016229006933e-06 2.8918951273045e-05
4.116 1.5763194006203e-05 2.7404592650402e-05
4.312 3.8765222411039e-05 2.5703691031241e-05
4.508 6.3757785424824e-05 2.3839167692997e-05
4.704 8.7837735657772e-05 2.1874142460249e-05
4.9 0.00010820115848516 1.9897061878745e-05
5.096 0.00012266458919443 1.7983220878383e-05
5.292 0.00012994251710937 1.6149737697607e-05
5.488 0.00012971032303495 1.4366072375179e-05
5.684 0.00012256743102352 1.2617519079823e-05
5.88 0.00010994745228157 1.093470527595e-05
6.076 9.3855892995947e-05 9.3633260557998e-06
6.272 7.6434255682722e-05 7.9277389145848e-06
6.468 5.9525247398037e-05 6.6267309312865e-06
6.664 4.437806887629e-05 5.4518197331873e-06
6.86 3.1623991891547e-05 4.4009161571351e-06
7.056 2.1442981132094e-05 3.4773522272272e-06
7.252 1.3742921114655e-05 2.685195374424e-06
7.448 8.2654739301701e-06 2.0268326524762e-06
7.644 4.6369162942459e-06 1.5017790471307e-06
7.84 2.4134043626012e-06 1.1035193512059e-06
8.036 1.1467785733997e-06 8.157385626118e-07
8.232 4.5665924943921e-07 6.1320402598631e-07
8.428 8.0439942935128e-08 4.6959376659364e-07
8.624 -1.2484622724533e-07 3.651973952084e-07
8.82 -2.2237673761585e-07 2.8756777499127e-07
9.016 -2.4286366023888e-07 2.2841666742868e-07
9.212 -2.1215657123363e-07 1.8171803200658e-07
9.408 -1.5729044249514e-07 1.4319637681082e-07
9.604 -1.0154731674696e-07 1.1013263611569e-07
