0 0 0
0.196 -8.6446557686096e-06 4.3986598346817e-06
0.392 -3.4791116152049e-05 1.6125019060862e-05
0.588 -7.7791016796258e-05 3.1684410171107e-05
0.784 -0.0001343765213729 4.731336235241e-05
0.98 -0.0001999341778965 6.0372448109118e-05
1.176 -0.00027262241359038 6.9746618702e-05
1.372 -0.00035605658700953 7.5479106891886e-05
1.568 -0.00045784869334816 7.8139253745015e-05
1.764 -0.00058533311759899 7.8371833394023e-05
1.96 -0.00074150155523353 7.6788297047127e-05
2.156 -0.00092370160993043 7.4034988235237e-05
2.352 -0.0011248901662048 7.0790189287194e-05
2.548 -0.0013353370682671 6.756914803365e-05
2.744 -0.0015435386110277 6.4493172034671e-05
2.94 -0.0017365421389455 6.134682820209e-05
3.136 -0.0019010674499838 5.7886233352428e-05
3.332 -0.0020258871945475 5.4032757827738e-05
3.528 -0.0021039863146195 4.984239748839e-05
3.724 -0.002133091896243 4.5447377238083e-05
3.92 -0.0021144475261171 4.1049996972867e-05
4.116 -0.002051220141563 3.6864741842475e-05
4.312 -0.0019478323762854 3.3007135702233e-05
4.508 -0.0018099307104749 2.9459693366933e-05
4.704 -0.0016441764710771 2.6152907260994e-05
4.9 -0.0014580666491783 2.3051373804793e-05
5.096 -0.0012600613147751 2.0158496279179e-05
5.292 -0.0010595253540495 1.7471560723965e-05
5.488 -0.00086597126205097 1.496359247049e-05
5.684 -0.00068767842220763 1.260738618113e-05
5.88 -0.00053047483090874 1.0412385556671e-05
6.076 -0.00039734026931111 8.4347199099959e-06
6.272 -0.00028880532398865 6.7427363847289e-06
6.468 -0.00020361508622936 5.3646769864679e-06
6.664 -0.00013928330678258 4.2688130568344e-06
6.86 -9.2556638586377e-05 3.3934419663043e-06
7.056 -5.9851959231105e-05 2.6858208225836e-06
7.252 -3.7687198428238e-05 2.1117293991956e-06
7.448 -2.3055950553271e-05 1.647058969009e-06
7.644 -1.3627508247977e-05 1.2736426080639e-06
7.84 -7.7281755105312e-06 9.7599884015819e-07
8.036 -4.1860850152782e-06 7.3711076150121e-07
8.232 -2.1697997165241e-06 5.4113160077125e-07
8.428 -1.0868334512572e-06 3.7933652809973e-07
8.624 -5.3306868553796e-07 2.4999434080117e-07
8.82 -2.5830606820555e-07 1.5318889418051e-07
9.016 -1.2417535024864e-07 8.6793507412382e-08
9.212 -6.0257658061805e-08 4.5757423206144e-08
9.408 -3.1125863804606e-08 2.3464719849774e-08
9.604 -1.8233705287786e-08 1.3171545866736e-08
