0 0 0
0.196 6.4190497045985e-05 9.6610410887304e-05
0.392 0.00010479117461525 0.00017305298535248
0.588 0.00011030633027929 0.00021964210344951
0.784 9.2803939024186e-05 0.00023889486719191
0.98 7.6318751984541e-05 0.00023981646859698
1.176 7.8622073673653e-05 0.00023076660143779
1.372 0.00010532938450094 0.0002162244415675
1.568 0.00014915452774503 0.00019819837932836
1.764 0.00019365067062485 0.00017854987993655
1.96 0.00022221683479608 0.00015914366450836
2.156 0.00022625297720837 0.00014065285436839
2.352 0.00020718441283382 0.00012271747465109
2.548 0.00016971201623679 0.00010550239351357
2.744 0.00012076640708753 9.0230861454818e-05
2.94 7.0647187864874e-05 7.7905372562609e-05
3.136 2.9134660904268e-05 6.8169626138744e-05
3.332 9.5546159954303e-07 6.0038343398932e-05
3.528 -1.5233042795796e-05 5.3010536150428e-05
3.724 -2.3717092213035e-05 4.7144797263625e-05
3.92 -2.7954389238242e-05 4.2457641474983e-05
4.116 -3.0410848970391e-05 3.8598773683298e-05
4.312 -3.2983035525685e-05 3.5106383470323e-05
4.508 -3.6423575508706e-05 3.1667813597939e-05
4.704 -3.9543063990453e-05 2.8157468626729e-05
4.9 -3.9787606376647e-05 2.4621941811002e-05
5.096 -3.580100427249e-05 2.1199287614126e-05
5.292 -2.8525671571395e-05 1.8036628437526e-05
5.488 -1.9907984725286e-05 1.5216969837048e-05
5.684 -1.1596753608252e-05 1.2724974342743e-05
5.88 -4.7499258199405e-06 1.0500447876669e-05
6.076 -1.79279002806e-07 8.5185408882532e-06
6.272 1.8217047816616e-06 6.8221917873721e-06
6.468 1.6790650980856e-06 5.4750780214561e-06
6.664 3.9433830338107e-07 4.4653720505103e-06
6.86 -1.0020176431743e-06 3.6754283564692e-06
7.056 -1.885739378037e-06 2.9737813813154e-06
7.252 -2.1079564635413e-06 2.3186728525845e-06
7.448 -1.8505868229004e-06 1.7541781904819e-06
7.644 -1.3769583376585e-06 1.3254462920561e-06
7.84 -8.7862451410693e-07 1.0098835252989e-06
8.036 -4.4712881605689e-07 7.5237375079927e-07
8.232 -1.1434673033654e-07 5.3530596089861e-07
8.428 1.0391213044679e-07 3.7373139032536e-07
8.624 2.0896938504803e-07 2.6951309824909e-07
8.82 2.2439162597397e-07 1.990451714559e-07
9.016 1.8592813677238e-07 1.4154666494548e-07
9.212 1.2823854440269e-07 9.2650354118527e-08
9.408 7.6042350737647e-08 5.4710622445676e-08
9.604 3.9066212304066e-08 2.8797942527241e-08
