0 0 0
0.196 -4.7787074285977e-07 3.3847165790431e-07
0.392 -3.5296026654703e-06 2.4585217400774e-06
0.588 -1.0242530471034e-05 7.1708947447687e-06
0.784 -1.9726896272384e-05 1.4082960555915e-05
0.98 -2.9891487430655e-05 2.2052368483608e-05
1.176 -3.8518118820921e-05 2.9805119810113e-05
1.372 -4.3834391137793e-05 3.6376563992354e-05
1.568 -4.4825533075618e-05 4.1277531957348e-05
1.764 -4.1605993484754e-05 4.4428536962988e-05
1.96 -3.537435756765e-05 4.6011232217832e-05
2.156 -2.771785143882e-05 4.6344107729802e-05
2.352 -1.9942779943673e-05 4.5794646207431e-05
2.548 -1.2892963965819e-05 4.4710828939289e-05
2.744 -7.0426066424949e-06 4.3357027742298e-05
2.94 -2.5236010939164e-06 4.186141991195e-05
3.136 9.0137974405782e-07 4.0223167595467e-05
3.332 3.582730252956e-06 3.8409311700875e-05
3.528 5.5037754841257e-06 3.6452704757535e-05
3.724 6.2121351515472e-06 3.4436552216979e-05
3.92 5.2892064651218e-06 3.2412588079749e-05
4.116 2.9162637322059e-06 3.0380185568436e-05
4.312 1.4087494330549e-07 2.8320029833514e-05
4.508 -1.4843805915292e-06 2.6200174439103e-05
4.704 -7.8527556881078e-07 2.3978252869666e-05
4.9 2.267375106559e-06 2.1648593229838e-05
5.096 6.5465837537461e-06 1.9276827233492e-05
5.292 1.0478157042736e-05 1.6964935043271e-05
5.488 1.2796461878072e-05 1.4786895127391e-05
5.684 1.2962320177235e-05 1.2769790877496e-05
5.88 1.1277486827949e-05 1.091339244759e-05
6.076 8.7198804407189e-06 9.2113345153996e-06
6.272 6.3761531410728e-06 7.6628577586775e-06
6.468 4.8404600778304e-06 6.2771909677732e-06
6.664 4.0542613024576e-06 5.0671975178008e-06
6.86 3.5911312937148e-06 4.034297096199e-06
7.056 3.0600735867089e-06 3.1635607124468e-06
7.252 2.3235811626539e-06 2.4363109522228e-06
7.448 1.4695503362465e-06 1.8423568694118e-06
7.644 6.7466478878007e-07 1.3753925581989e-06
7.84 8.3367267196931e-08 1.0204942062221e-06
8.036 -2.4915575026542e-07 7.5292664760566e-07
8.232 -3.5561313240606e-07 5.4828149827465e-07
8.428 -3.1788048350609e-07 3.8967665037247e-07
8.624 -2.2169699766831e-07 2.6771144568664e-07
8.82 -1.2613357287927e-07 1.7709155256861e-07
9.016 -5.7179111139672e-08 1.1306628249884e-07
9.212 -1.7544289231091e-08 6.9737761355944e-08
9.408 4.094632092343e-10 4.1139481455505e-08
9.604 5.8678988054907e-09 2.2786252928027e-08
