0 0 0
0.196 4.7993391370498e-06 3.8683227118691e-05
0.392 1.6480346510547e-05 7.1052596004371e-05
0.588 3.6977393051174e-05 9.3352091120434e-05
0.784 6.224839376783e-05 0.0001052430820557
0.98 8.4932949894253e-05 0.00010888165875355
1.176 9.7948854918171e-05 0.00010725179634128
1.372 9.7491995311817e-05 0.00010280135333885
1.568 8.463194064606e-05 9.7002715858617e-05
1.764 6.4477145250395e-05 9.0672038844971e-05
1.96 4.3570341405739e-05 8.4340620829646e-05
2.156 2.7403106559796e-05 7.8290704741658e-05
2.352 1.9075637170755e-05 7.2473484207049e-05
2.548 1.8835087315884e-05 6.6628870781604e-05
2.744 2.417972766036e-05 6.0526932665099e-05
2.94 3.0732779555519e-05 5.4112803833657e-05
3.136 3.3851029738074e-05 4.7561622367484e-05
3.332 3.0524910370346e-05 4.1265816225213e-05
3.528 2.0645370105995e-05 3.5681156373851e-05
3.724 6.7917856339234e-06 3.1111584845509e-05
3.92 -7.3293123215669e-06 2.7616698324264e-05
4.116 -1.863334360692e-05 2.5053740562777e-05
4.312 -2.5555864170393e-05 2.3162735336697e-05
4.508 -2.801220468006e-05 2.1659065347473e-05
4.704 -2.689975696523e-05 2.031385650734e-05
4.9 -2.3627800485587e-05 1.8993161544471e-05
5.096 -1.9730635220122e-05 1.7634497689902e-05
5.292 -1.6345177092529e-05 1.6202568318048e-05
5.488 -1.3773260316957e-05 1.4669623391712e-05
5.684 -1.1586774521928e-05 1.3028061425637e-05
5.88 -9.2530430546434e-06 1.1311397435048e-05
6.076 -6.6495207247841e-06 9.5914012052391e-06
6.272 -4.1079814453847e-06 7.9495928535513e-06
6.468 -2.0905705897823e-06 6.4555357171937e-06
6.664 -8.4623074491659e-07 5.1596196589742e-06
6.86 -2.8486421688905e-07 4.0824686945208e-06
7.056 -1.1283359122239e-07 3.2047994385755e-06
7.252 -4.3182874344189e-08 2.4837286555354e-06
7.448 6.0111776361429e-08 1.888740423095e-06
7.644 1.7919912821094e-07 1.415813922251e-06
7.84 2.4356510261992e-07 1.0646025310651e-06
8.036 2.2222406761997e-07 8.1190917883333e-07
8.232 1.4226975751921e-07 6.1835764985341e-07
8.428 5.5025084958478e-08 4.5624107657903e-07
8.624 -3.6750111607833e-09 3.1897729895367e-07
8.82 -2.7107267937822e-08 2.0974501226913e-07
9.016 -2.7441693189553e-08 1.299285918639e-07
9.212 -1.9930096173225e-08 7.6066642648254e-08
9.408 -1.3729016087757e-08 4.2250052882022e-08
9.604 -1.1159382443322e-08 2.2968233709026e-08
