0 0 0
0.196 -1.5429954464114e-07 3.1461807577637e-07
0.392 -9.0346441253674e-07 2.2858154925925e-06
0.588 -1.7332888668586e-06 6.6640622140126e-06
0.784 -1.367936566277e-06 1.3064482341452e-05
0.98 7.0253954511178e-07 2.0388476834122e-05
1.176 3.066383390355e-06 2.7433860727093e-05
1.372 2.7983721998103e-06 3.3326874615868e-05
1.568 -2.875955155649e-06 3.7645418861767e-05
1.764 -1.4885270640583e-05 4.0329622494313e-05
1.96 -3.1457073041134e-05 4.1572879004048e-05
2.156 -4.8475027109344e-05 4.1744088456618e-05
2.352 -6.0917266213277e-05 4.125956454876e-05
2.548 -6.468402160385e-05 4.0424893485079e-05
2.744 -5.812848119788e-05 3.9377497918644e-05
2.94 -4.2990827919123e-05 3.8153497350999e-05
3.136 -2.4237913792504e-05 3.6779513552844e-05
3.332 -8.2481982363551e-06 3.5310597767394e-05
3.528 2.225250023788e-07 3.3795956976221e-05
3.724 3.4078044101291e-07 3.2239869778084e-05
3.92 -5.0585714636869e-06 3.0633799438966e-05
4.116 -1.1853622671279e-05 2.9000833064976e-05
4.312 -1.6936073752512e-05 2.7368874862157e-05
4.508 -1.8914885619866e-05 2.5722994482805e-05
4.704 -1.7559567591329e-05 2.4011157564226e-05
4.9 -1.3178344229602e-05 2.2184621961439e-05
5.096 -6.4833932843527e-06 2.0224132977978e-05
5.292 1.3733123680356e-06 1.8148067770686e-05
5.488 8.9549470272291e-06 1.6006846253311e-05
5.684 1.4894594488362e-05 1.3867403247806e-05
5.88 1.8281666053998e-05 1.1799447064423e-05
6.076 1.8947911589174e-05 9.8733972758563e-06
6.272 1.7428585789145e-05 8.1505081799576e-06
6.468 1.4631420008356e-05 6.6602141608377e-06
6.664 1.1412829534479e-05 5.3931473315081e-06
6.86 8.3604813136694e-06 4.3199888495843e-06
7.056 5.7929218347673e-06 3.4133718922853e-06
7.252 3.8301012095506e-06 2.655084953422e-06
7.448 2.4427817011929e-06 2.0315585298905e-06
7.644 1.505432708348e-06 1.5286005843576e-06
7.84 8.7124181943817e-07 1.1294874024363e-06
8.036 4.3364562083276e-07 8.1743229507141e-07
8.232 1.3933157050803e-07 5.7855507155557e-07
8.428 -3.5696898305225e-08 4.0097825810498e-07
8.624 -1.1324778461016e-07 2.7261205449167e-07
8.82 -1.234384528405e-07 1.8151624799525e-07
9.016 -9.8839050446987e-08 1.1777118183759e-07
9.212 -6.4909368755769e-08 7.4045347135281e-08
9.408 -3.5912112327587e-08 4.488628575709e-08
9.604 -1.6568007831231e-08 2.6014541235241e-08
