0 0 0
0.196 -2.2451097116289e-07 3.2053396325379e-07
0.392 -1.852739014513e-06 2.3177538782345e-06
0.588 -6.1313658025515e-06 6.7123799603359e-06
0.784 -1.3633462342759e-05 1.3065874944767e-05
0.98 -2.3688449260604e-05 2.026652510024e-05
1.176 -3.4385956394849e-05 2.7153360991036e-05
1.372 -4.3306227433651e-05 3.2918849235148e-05
1.568 -4.8515619184967e-05 3.7227173939818e-05
1.764 -4.908620964731e-05 4.0101261774763e-05
1.96 -4.5167893571737e-05 4.1726984314809e-05
2.156 -3.7964408497467e-05 4.2364359703433e-05
2.352 -2.9213358191451e-05 4.234505993174e-05
2.548 -2.0344718277784e-05 4.1974834793725e-05
2.744 -1.2114570323262e-05 4.1365526486066e-05
2.94 -4.7600416922237e-06 4.043498906616e-05
3.136 1.5143854134139e-06 3.9097066265861e-05
3.332 6.0379528584729e-06 3.7395218941099e-05
3.528 7.7759394312676e-06 3.5466480185131e-05
3.724 6.0795719875576e-06 3.3462872429251e-05
3.92 1.4405219782592e-06 3.1524334887274e-05
4.116 -4.4704262632357e-06 2.9737134941422e-05
4.312 -9.5285147540009e-06 2.8049837254564e-05
4.508 -1.2031231951843e-05 2.6278903514357e-05
4.704 -1.1262032391531e-05 2.4256648301787e-05
4.9 -7.6325977771547e-06 2.1965965772571e-05
5.096 -2.4477966043323e-06 1.9539367535162e-05
5.292 2.714124109933e-06 1.7160608407174e-05
5.488 6.7024747502322e-06 1.4955205689075e-05
5.684 9.0417875168722e-06 1.2949915375902e-05
5.88 9.7669784788692e-06 1.1109935153099e-05
6.076 9.1795357197527e-06 9.4003098620271e-06
6.272 7.6413526536314e-06 7.8140912782934e-06
6.468 5.5199168187616e-06 6.3674964935348e-06
6.664 3.2553586223184e-06 5.0846287259083e-06
6.86 1.3006664476233e-06 3.9865538526488e-06
7.056 -4.3564475473351e-08 3.0841565816988e-06
7.252 -7.2233701784044e-07 2.370548992566e-06
7.448 -8.7672494057812e-07 1.8177753739702e-06
7.644 -7.2470025963777e-07 1.3863123150139e-06
7.84 -4.6167455013116e-07 1.0415624101257e-06
8.036 -2.1941206810636e-07 7.6302637270244e-07
8.232 -6.4810184776993e-08 5.4209257599899e-07
8.428 -9.8880488949982e-09 3.7556430254034e-07
8.624 -2.8720688432933e-08 2.6103519771826e-07
8.82 -7.8728893585839e-08 1.9182200185433e-07
9.016 -1.2182958486565e-07 1.518083678887e-07
9.212 -1.3798117827735e-07 1.2216157438364e-07
9.408 -1.263415234597e-07 9.3545047741645e-08
9.604 -9.7803341530107e-08 6.5981611233021e-08
