0 0 0
0.196 -1.3459783966255e-05 2.3020625782099e-05
0.392 -2.7120199085078e-05 4.2417318196136e-05
0.588 -3.9679990424422e-05 5.603906899342e-05
0.784 -4.8019785890478e-05 6.3678755361838e-05
0.98 -4.8595532851716e-05 6.6512746675189e-05
1.176 -4.0027643362442e-05 6.6170259563606e-05
1.372 -2.4877573829223e-05 6.4011955710276e-05
1.568 -8.8471300514867e-06 6.0892958164337e-05
1.764 2.1891806363084e-06 5.7319690013737e-05
1.96 5.2857676263488e-06 5.3667875577224e-05
2.156 1.5078677493717e-06 5.0248100940845e-05
2.352 -5.6097440468756e-06 4.7268310898103e-05
2.548 -1.2542558381114e-05 4.4801822680665e-05
2.744 -1.7176486182756e-05 4.2782737164358e-05
2.94 -1.8905931781414e-05 4.1035936474642e-05
3.136 -1.838047496686e-05 3.9367359251547e-05
3.332 -1.7153645826214e-05 3.7680868204481e-05
3.528 -1.6815220894618e-05 3.5996239647797e-05
3.724 -1.808387916139e-05 3.4330373852806e-05
3.92 -2.0699171834335e-05 3.259522049439e-05
4.116 -2.3981168949156e-05 3.0643302497969e-05
4.312 -2.7316954019506e-05 2.8400813842312e-05
4.508 -3.017328226798e-05 2.5938123810582e-05
4.704 -3.1876680491391e-05 2.3422413163586e-05
4.9 -3.1771098246866e-05 2.101847462522e-05
5.096 -2.9674366041016e-05 1.8813059776203e-05
5.292 -2.6042584628636e-05 1.6805726588135e-05
5.488 -2.1733196922314e-05 1.4954036519769e-05
5.684 -1.7655022668012e-05 1.3216006894472e-05
5.88 -1.4407276303436e-05 1.1560139115246e-05
6.076 -1.2033280004413e-05 9.9664604130366e-06
6.272 -1.0176208991282e-05 8.4339111701382e-06
6.468 -8.4652991555719e-06 6.9856171163562e-06
6.664 -6.7898100811282e-06 5.6626758596447e-06
6.86 -5.2590488733908e-06 4.5070560994612e-06
7.056 -4.0211053963829e-06 3.5399983841152e-06
7.252 -3.1268502259649e-06 2.7511058301758e-06
7.448 -2.5118454200198e-06 2.1098115787868e-06
7.644 -2.0563655525884e-06 1.5870049407248e-06
7.84 -1.6633591219163e-06 1.165424188374e-06
8.036 -1.2972837797981e-06 8.3473381907632e-07
8.232 -9.6960707526413e-07 5.8388266115355e-07
8.428 -7.0062207352566e-07 3.9923681390164e-07
8.624 -4.9512182814996e-07 2.6646615054559e-07
8.82 -3.4262917648277e-07 1.7269422708863e-07
9.016 -2.2985693498766e-07 1.0782269485075e-07
9.212 -1.4820656444641e-07 6.4871031227985e-08
9.408 -9.248853681333e-08 3.9148696371216e-08
9.604 -5.7149553135035e-08 2.631227075918e-08
