0 0 0
0.196 2.7097130945941e-08 2.0432417071372e-08
0.392 3.2544828084818e-07 3.103307379112e-07
0.588 1.5423622164794e-06 1.3284143434399e-06
0.784 4.328761255077e-06 3.3900616488726e-06
0.98 8.9280519746723e-06 6.4524427537771e-06
1.176 1.5006689540274e-05 1.0159338230579e-05
1.372 2.1901108096829e-05 1.4014950598918e-05
1.568 2.8877552946577e-05 1.7568465120705e-05
1.764 3.5093777427781e-05 2.0537560662857e-05
1.96 3.9575612390599e-05 2.2840699855937e-05
2.156 4.1570967466324e-05 2.4545077357552e-05
2.352 4.1009729415059e-05 2.5756739999859e-05
2.548 3.8365001553895e-05 2.652639551323e-05
2.744 3.3874466019074e-05 2.6867113106913e-05
2.94 2.7109491894704e-05 2.6850542192717e-05
3.136 1.7619262809564e-05 2.6627210629384e-05
3.332 6.0195144888929e-06 2.6327839993596e-05
3.528 -5.6540589404105e-06 2.5964077450446e-05
3.724 -1.4757465152527e-05 2.544526156943e-05
3.92 -1.9369587261847e-05 2.4689504671086e-05
4.116 -1.9105238861668e-05 2.3710620695811e-05
4.312 -1.4994808578778e-05 2.2612469099968e-05
4.508 -8.7454015527985e-06 2.1515705708158e-05
4.704 -1.9625359915851e-06 2.0470718416704e-05
4.9 4.2538554879867e-06 1.9418616541043e-05
5.096 9.2916857683135e-06 1.8237586819807e-05
5.292 1.2839949933107e-05 1.684350171658e-05
5.488 1.4856004404661e-05 1.5260162992733e-05
5.684 1.5575109978357e-05 1.3604035893743e-05
5.88 1.5392682619806e-05 1.1998934161026e-05
6.076 1.4646657164102e-05 1.0500327913735e-05
6.272 1.3517473679497e-05 9.0920917036452e-06
6.468 1.2122175445078e-05 7.7423196221352e-06
6.664 1.0581970523672e-05 6.4501902457049e-06
6.86 9.0107861506649e-06 5.2475367167914e-06
7.056 7.4896026535807e-06 4.1742388990364e-06
7.252 6.0542071315456e-06 3.2558370284557e-06
7.448 4.7288163995107e-06 2.4956030647447e-06
7.644 3.5445903293035e-06 1.881077625332e-06
7.84 2.5374360060072e-06 1.3944345968688e-06
8.036 1.7311044037937e-06 1.0173334624323e-06
8.232 1.1252764775247e-06 7.3115891832952e-07
8.428 6.9742920933012e-07 5.1866646924657e-07
8.624 4.1250402027158e-07 3.6608810917116e-07
8.82 2.3117140276982e-07 2.6145484788536e-07
9.016 1.1738718508095e-07 1.9170518506145e-07
9.212 4.4904599460374e-08 1.4463736328744e-07
9.408 -1.1966649377159e-09 1.1253528244859e-07
9.604 -2.8011401389823e-08 9.0069406963601e-08
