0 0 0
0.196 0.00052756311791715 5.7483212339351e-05
0.392 0.0019320057927441 0.00019827723761456
0.588 0.0037817977250782 0.00035558291247446
0.784 0.005607569072672 0.00047421569075444
0.98 0.0070812074709118 0.00053276981603351
1.176 0.0080610825387742 0.00053628633773298
1.372 0.0085500980192053 0.00050169008309794
1.568 0.0086189752823883 0.00044764599763449
1.764 0.0083518820443111 0.0003897241944849
1.96 0.0078264747390194 0.00033769140912197
2.156 0.0071104447273466 0.00029431967857851
2.352 0.0062629001035975 0.00025709415025146
2.548 0.0053433144553356 0.00022222410134628
2.744 0.0044171359242798 0.00018823215988674
2.94 0.0035489603955966 0.0001561174974373
3.136 0.0027866988451639 0.00012727324839241
3.332 0.002151870756659 0.00010226770621814
3.528 0.0016445575724533 8.1325221130445e-05
3.724 0.0012524076737806 6.4799856691863e-05
3.92 0.00095611366312232 5.270796509024e-05
4.116 0.00073362594303325 4.4168195113487e-05
4.312 0.00056479965175376 3.7697210211909e-05
4.508 0.00043408276732475 3.2085145444445e-05
4.704 0.00033122902315627 2.6878510502697e-05
4.9 0.00024999976482839 2.2163599852392e-05
5.096 0.00018647311966088 1.8110929818911e-05
5.292 0.00013740717122423 1.4728569479755e-05
5.488 9.9715270555698e-05 1.1899359559753e-05
5.684 7.0805649940857e-05 9.5047641794434e-06
5.88 4.8875653179169e-05 7.4602714214695e-06
6.076 3.2821764493114e-05 5.7176005982025e-06
6.272 2.1766367905148e-05 4.3176441599495e-06
6.468 1.4694363437226e-05 3.4144486752472e-06
6.664 1.0467496863277e-05 3.052284750232e-06
6.86 8.0007318749663e-06 2.9427331848496e-06
7.056 6.4257979657783e-06 2.7790264769985e-06
7.252 5.2146464285935e-06 2.5015771034513e-06
7.448 4.113671504194e-06 2.1792563036353e-06
7.644 3.0729747515178e-06 1.8339444893879e-06
7.84 2.129377783014e-06 1.4390990665617e-06
8.036 1.3401126256715e-06 1.0124719615782e-06
8.232 7.5590528157329e-07 6.2230587698227e-07
8.428 3.7717679402165e-07 3.2959177521764e-07
8.624 1.6430217911719e-07 1.5023312449148e-07
8.82 6.2343352262269e-08 5.8547530447228e-08
9.016 1.8946688102579e-08 1.8386762159621e-08
9.212 4.8268964396647e-09 4.822344963032e-09
9.408 8.8082030323058e-10 8.7036561897414e-10
9.604 -3.0686682702751e-11 2.8150207591829e-11
