0 0 0
0.196 -3.3816463810141e-08 2.1492690339558e-08
0.392 -4.537788388456e-07 3.2433827652258e-07
0.588 -1.9104335593552e-06 1.3970208633569e-06
0.784 -4.6480311567377e-06 3.601235146018e-06
0.98 -8.2084568145309e-06 6.9417934806507e-06
1.176 -1.1666885072597e-05 1.1066505130364e-05
1.372 -1.3994377346242e-05 1.5414213651315e-05
1.568 -1.4296683574906e-05 1.943780640593e-05
1.764 -1.2009901859455e-05 2.2789740231644e-05
1.96 -7.1322705613626e-06 2.5374166389465e-05
2.156 -2.3024020601981e-07 2.7265957834204e-05
2.352 7.8667210858847e-06 2.8573386581019e-05
2.548 1.640693734087e-05 2.9355146752905e-05
2.744 2.4914678165495e-05 2.9648732425299e-05
2.94 3.3146342131682e-05 2.953748215591e-05
3.136 4.0886900932932e-05 2.9146917737151e-05
3.332 4.770068141389e-05 2.8577247112812e-05
3.528 5.2704815099964e-05 2.7874415802434e-05
3.724 5.4627970416437e-05 2.7066236180128e-05
3.92 5.2452579929094e-05 2.6184459451676e-05
4.116 4.6397793556269e-05 2.524288008864e-05
4.312 3.8417431859225e-05 2.4215061704812e-05
4.508 3.154570525088e-05 2.3046535281473e-05
4.704 2.843242046953e-05 2.1697957485573e-05
4.9 3.007074600924e-05 2.0181689442797e-05
5.096 3.541993130021e-05 1.8555233642588e-05
5.292 4.2052247166709e-05 1.687863539644e-05
5.488 4.7533956643613e-05 1.518243142347e-05
5.684 5.0513184246955e-05 1.3485235965932e-05
5.88 5.0771632586043e-05 1.1815777071117e-05
6.076 4.8553979173348e-05 1.0201767342411e-05
6.272 4.415760299036e-05 8.6603618978277e-06
6.468 3.8020332899275e-05 7.2110663780109e-06
6.664 3.0854069754948e-05 5.8854996695604e-06
6.86 2.35266917342e-05 4.7155499888923e-06
7.056 1.6830080826993e-05 3.7173510899154e-06
7.252 1.129872126992e-05 2.8877350633441e-06
7.448 7.1381386500752e-06 2.211585389233e-06
7.644 4.2677725453944e-06 1.6714119247319e-06
7.84 2.4332987845832e-06 1.2517982431496e-06
8.036 1.3362592231614e-06 9.3708524929165e-07
8.232 7.2167985677081e-07 7.0671517405206e-07
8.428 4.0247457727771e-07 5.373908368006e-07
8.624 2.4953367053834e-07 4.1098446593184e-07
8.82 1.7723814063221e-07 3.1662956413146e-07
9.016 1.3463011075694e-07 2.4513839010219e-07
9.212 9.8330114625625e-08 1.865894176211e-07
9.408 6.3630617364501e-08 1.3482366928979e-07
9.604 3.3836721464773e-08 8.9782975829521e-08
