0 0 0
0.196 4.6829642603432e-05 3.192841017718e-05
0.392 8.8726343384931e-05 5.8654623005129e-05
0.588 0.00012281462662614 7.6929350124465e-05
0.784 0.00014784757996712 8.6208925329863e-05
0.98 0.00016279156939071 8.8125877248148e-05
1.176 0.00016721459015513 8.5404961800802e-05
1.372 0.00016265363598201 8.0728593026487e-05
1.568 0.00015223019265384 7.5798334991234e-05
1.764 0.00013837087411278 7.1054250780451e-05
1.96 0.00012111471163456 6.6235605229122e-05
2.156 9.8845476974275e-05 6.1110088100491e-05
2.352 7.0685719304397e-05 5.5721497537433e-05
2.548 3.8401785692183e-05 5.0264633006127e-05
2.744 6.2200952033463e-06 4.4951749020715e-05
2.94 -2.1401924624166e-05 3.9966761379243e-05
3.136 -4.1928289332215e-05 3.5421657585615e-05
3.332 -5.496390437944e-05 3.1329277745768e-05
3.528 -6.0982404973183e-05 2.7667054747519e-05
3.724 -6.0376008949644e-05 2.4471763963643e-05
3.92 -5.3784118109668e-05 2.1827299403736e-05
4.116 -4.2796718708147e-05 1.9751426721412e-05
4.312 -2.9831294670817e-05 1.8135838696055e-05
4.508 -1.7262643292095e-05 1.6808436912101e-05
4.704 -6.7802014436944e-06 1.5606912709356e-05
4.9 7.6239647581823e-07 1.4401040594443e-05
5.096 5.2455335239416e-06 1.311287302222e-05
5.292 7.1256658037118e-06 1.1739900731439e-05
5.488 7.2214956851161e-06 1.033592992589e-05
5.684 6.4602798771568e-06 8.9661216429089e-06
5.88 5.5968343367545e-06 7.6785720599112e-06
6.076 4.9974883980445e-06 6.5031495524264e-06
6.272 4.605636037025e-06 5.4567301875287e-06
6.468 4.1752476433935e-06 4.5429390691568e-06
6.664 3.5492066894673e-06 3.7527489482396e-06
6.86 2.7633184866892e-06 3.0728097438883e-06
7.056 1.96686594396e-06 2.4943835947529e-06
7.252 1.2969439580375e-06 2.0108996700051e-06
7.448 8.2461671765534e-07 1.6103917847635e-06
7.644 5.5010437177606e-07 1.2779274950025e-06
7.84 4.1508137440955e-07 1.0048486313123e-06
8.036 3.3625494967654e-07 7.8885432985755e-07
8.232 2.5260475704722e-07 6.2339876632096e-07
8.428 1.5001156789858e-07 4.9210102512793e-07
8.624 4.9258806831652e-08 3.776393813731e-07
8.82 -2.5130564537516e-08 2.7317184343459e-07
9.016 -6.5218273870962e-08 1.8271096544475e-07
9.212 -7.8904524459456e-08 1.1336512649575e-07
9.408 -7.8510234933627e-08 6.9219084637875e-08
9.604 -7.2306348501951e-08 4.9071420732657e-08
