0 0 0
0.196 -8.1360880689401e-09 6.0377925385439e-07
0.392 6.1029504678565e-07 7.773967084447e-06
0.588 -1.1614293216359e-05 2.4549394670687e-05
0.784 -4.2004268614417e-05 4.4110694246456e-05
0.98 -6.2893441227096e-05 5.9597973719398e-05
1.176 -4.6709524190141e-05 6.9722592676203e-05
1.372 -1.0674684728654e-05 7.4742404387413e-05
1.568 4.4053495922357e-06 7.5484232905662e-05
1.764 -1.8377650967126e-05 7.3950749340763e-05
1.96 -5.6576512803861e-05 7.1451328407839e-05
2.156 -7.1785054003711e-05 6.8396876899219e-05
2.352 -4.8350733150129e-05 6.5569819308584e-05
2.548 -4.3921116604963e-06 6.4500406049752e-05
2.744 2.8576840130744e-05 6.3514852358108e-05
2.94 3.0438125080635e-05 6.1500084468543e-05
3.136 9.9648270970938e-06 5.9666533123559e-05
3.332 -1.1307148273327e-05 5.8018368789687e-05
3.528 -3.2695791454186e-05 5.6028724661975e-05
3.724 -6.3698196696575e-05 5.2960757221239e-05
3.92 -9.3391020752421e-05 4.9150728971289e-05
4.116 -9.7131618629286e-05 4.605855077949e-05
4.312 -6.780608878153e-05 4.349038892557e-05
4.508 -2.5293549987968e-05 4.0895211404939e-05
4.704 1.0269753239139e-05 3.7945885655145e-05
4.9 3.916491747615e-05 3.4333937894433e-05
5.096 6.7557686636676e-05 3.023108697658e-05
5.292 9.1389519588084e-05 2.6070952337705e-05
5.488 0.00010414621371625 2.2572461173399e-05
5.684 0.00010768981523728 1.9878827729011e-05
5.88 0.00010681556837798 1.7358080277572e-05
6.076 0.00010189852161267 1.4627201636929e-05
6.272 9.1516375985618e-05 1.1995070073634e-05
6.468 7.6049545513057e-05 9.8734832759569e-06
6.664 5.7799100747487e-05 8.0038219152913e-06
6.86 4.0023837359871e-05 6.1370710918748e-06
7.056 2.5510687452856e-05 4.5591215806088e-06
7.252 1.4928747641357e-05 3.4127868385992e-06
7.448 7.5313069246799e-06 2.5985457661047e-06
7.644 2.8304591059347e-06 2.0051399885407e-06
7.84 4.1867606195663e-07 1.5368359760968e-06
8.036 -5.5638591124288e-07 1.209099174148e-06
8.232 -8.109142139237e-07 9.6107285657615e-07
8.428 -7.0430827414147e-07 7.2119074700013e-07
8.624 -5.0268147499545e-07 5.7300899228035e-07
8.82 -3.5347738388936e-07 4.6817893976295e-07
9.016 -2.5084381475187e-07 3.2158962057436e-07
9.212 -1.5784148789853e-07 1.6998684246124e-07
9.408 -7.7087018301548e-08 6.8353220549896e-08
9.604 -2.7206115427501e-08 2.0964623684655e-08
