0 0 0
0.196 7.0259146093229e-05 3.4066794883613e-05
0.392 0.00012891680607881 6.2908158077117e-05
0.588 0.0001681726741472 8.3320941756735e-05
0.784 0.00018565277858859 9.4756972971125e-05
0.98 0.00018398636603772 9.8582913599845e-05
1.176 0.00016899494023151 9.6944931381811e-05
1.372 0.00014705166821646 9.1933368525263e-05
1.568 0.00012297986323735 8.5196195122915e-05
1.764 9.960524255944e-05 7.7870466644512e-05
1.96 7.8578894233602e-05 7.06515224294e-05
2.156 6.1072468787484e-05 6.3894958287017e-05
2.352 4.7572306402643e-05 5.7680894285287e-05
2.548 3.7354937097471e-05 5.1879805018527e-05
2.744 2.8589541495611e-05 4.6308919842104e-05
2.94 1.9449390532778e-05 4.0911294734839e-05
3.136 9.3923871903711e-06 3.5838357078431e-05
3.332 -6.1604362284664e-07 3.1398011084822e-05
3.528 -9.1110154830102e-06 2.7863138590944e-05
3.724 -1.5331372345771e-05 2.521954689926e-05
3.92 -1.9375165523168e-05 2.3125243248799e-05
4.116 -2.153468462185e-05 2.1196728146331e-05
4.312 -2.1915281761002e-05 1.9267627794694e-05
4.508 -2.0627660346901e-05 1.7368707525546e-05
4.704 -1.8081286702495e-05 1.5585892280689e-05
4.9 -1.502413612539e-05 1.3974347627103e-05
5.096 -1.2306685195059e-05 1.2527185883055e-05
5.292 -1.0460534740357e-05 1.1184424135836e-05
5.488 -9.4433050648276e-06 9.8775846078408e-06
5.684 -8.76315511232e-06 8.5718185393555e-06
5.88 -7.9273406662323e-06 7.2794500564828e-06
6.076 -6.7847980483025e-06 6.0508582977807e-06
6.272 -5.5096991213575e-06 4.9473644192062e-06
6.468 -4.3207821756008e-06 4.005994196581e-06
6.664 -3.2730024213068e-06 3.2238709953758e-06
6.86 -2.3035621172654e-06 2.5739813149717e-06
7.056 -1.3904499958237e-06 2.031781246567e-06
7.252 -6.1578788966584e-07 1.5847482433736e-06
7.448 -8.4928408156734e-08 1.2243294715314e-06
7.644 1.6830873051214e-07 9.3907166176133e-07
7.84 2.0448641895209e-07 7.1652550389456e-07
8.036 1.3128125390778e-07 5.4503350657967e-07
8.232 4.2534762084586e-08 4.1138305492806e-07
8.428 -1.2629497284883e-08 3.0286970524536e-07
8.624 -2.706903960921e-08 2.1301301495305e-07
8.82 -1.5949863560253e-08 1.4190334652898e-07
9.016 2.414944254891e-09 9.0796226484991e-08
9.212 1.6402586411024e-08 5.7781518500528e-08
9.408 2.2088742781151e-08 3.770490740587e-08
9.604 2.0857037946515e-08 2.5011749830405e-08
