0 0.079811040466988 0.0020360957973831
0.196 0.079040219408433 0.0019453040284758
0.392 0.076765422896091 0.0017043054387127
0.588 0.073073658559404 0.0013868688915175
0.784 0.068097260526111 0.0010681161276267
0.98 0.06206910860109 0.0007975580279145
1.176 0.055315404061942 0.00059360604542533
1.372 0.048204834579415 0.00045347389059427
1.568 0.041110554403128 0.00036536160711581
1.764 0.034370517229285 0.00031378702047097
1.96 0.028242843256683 0.0002826417227834
2.156 0.022877438529077 0.00026005705058387
2.352 0.018318369276302 0.0002398944587809
2.548 0.014533648230666 0.00021895371582317
2.744 0.011449655505583 0.00019607351651387
2.94 0.0089750131605251 0.00017280297201447
3.136 0.0070137762845259 0.00015163666697591
3.332 0.0054701136062444 0.00013328249465005
3.528 0.0042549705894006 0.00011667849292169
3.724 0.0032924697640916 0.00010098437113834
3.92 0.0025234566544327 8.6218662141979e-05
4.116 0.0019061503072057 7.259932436622e-05
4.312 0.0014136843823633 6.0177851091958e-05
4.508 0.0010284088243107 4.8978127702131e-05
4.704 0.00073578106525829 3.9104452298269e-05
4.9 0.00052074871267825 3.0676091409277e-05
5.096 0.0003675406209157 2.3748147791031e-05
5.292 0.00026069726202525 1.8340772329197e-05
5.488 0.00018671074438376 1.443752102206e-05
5.684 0.00013491925514638 1.181463238717e-05
5.88 9.7682228948365e-05 9.9831884959134e-06
6.076 6.9987293241747e-05 8.4353573812787e-06
6.272 4.9030011109486e-05 6.8866956239155e-06
6.468 3.3499978945256e-05 5.3220699665942e-06
6.664 2.2574090877681e-05 3.9137390946812e-06
6.86 1.5382140386511e-05 2.8802659227925e-06
7.056 1.0890125370684e-05 2.3157367230314e-06
7.252 8.0324857400225e-06 2.0605752152856e-06
7.448 5.9921427335378e-06 1.8452486260928e-06
7.644 4.3162409814815e-06 1.5293595134057e-06
7.84 2.8808374103689e-06 1.128749367562e-06
8.036 1.7332007892765e-06 7.3098657424076e-07
8.232 9.2401834540345e-07 4.1295097475059e-07
8.428 4.310670073081e-07 2.0244528177225e-07
8.624 1.7377867857545e-07 8.5216498740599e-08
8.82 6.1278254219466e-08 3.1256035482556e-08
9.016 1.8322545991953e-08 9.7232205504939e-09
9.212 4.5738091848281e-09 2.5358438320492e-09
9.408 9.457913805662e-10 5.6220326780773e-10
9.604 1.1174298546481e-10 6.5028404973482e-11
