0 0 0
0.196 -1.221149741183e-07 1.1869839918646e-07
0.392 -2.2912719888727e-06 1.7498043200956e-06
0.588 -8.0347063387307e-06 7.3940184576462e-06
0.784 -1.5712605797383e-05 1.8544338034199e-05
0.98 -2.2490781772291e-05 3.4543871273667e-05
1.176 -3.0246673405457e-05 5.3169676772063e-05
1.372 -4.7065316939903e-05 7.2047079463943e-05
1.568 -8.0364805053925e-05 8.9613469778573e-05
1.764 -0.00012726981547532 0.00010507764355158
1.96 -0.00017220908874213 0.00011803447609799
2.156 -0.00019550585517527 0.0001283834047236
2.352 -0.00018529535294933 0.00013624673609841
2.548 -0.00014213230239391 0.00014191368442025
2.744 -7.6079493413316e-05 0.00014587902401509
2.94 -1.6860537608959e-06 0.00014825054164738
3.136 6.8114084676106e-05 0.00014812104855032
3.332 0.00012733107620908 0.00014412402057079
3.528 0.00017706018051626 0.00013559080008694
3.724 0.00022130610297784 0.00012321711060179
3.92 0.00026321377150837 0.00010895635832113
4.116 0.00030356510145094 9.5171710981595e-05
4.312 0.00034043802246858 8.3482553321929e-05
4.508 0.00036968564625334 7.4296077254807e-05
4.704 0.00038667576581881 6.7127037793252e-05
4.9 0.0003884557396368 6.0955708894402e-05
5.096 0.00037502233019142 5.4729498684477e-05
5.292 0.00034891740305366 4.8070029360224e-05
5.488 0.00031386701600278 4.1418557174013e-05
5.684 0.00027351614558701 3.5395280496312e-05
5.88 0.00023075616413196 3.0129048006992e-05
6.076 0.00018779978425821 2.5304689770484e-05
6.272 0.00014671860428682 2.0686961832183e-05
6.468 0.0001096171660094 1.6357935739199e-05
6.664 7.8235975257106e-05 1.2545463041791e-05
6.86 5.3461656783467e-05 9.4106487304797e-06
7.056 3.5234968530502e-05 6.9886143132925e-06
7.252 2.2782054064811e-05 5.2227147169787e-06
7.448 1.4902231839785e-05 3.992135994744e-06
7.644 1.0241987097383e-05 3.1590501557419e-06
7.84 7.5550828061373e-06 2.6328156454599e-06
8.036 5.8830417300092e-06 2.3496235574176e-06
8.232 4.6294761387963e-06 2.1824173878802e-06
8.428 3.5197106517547e-06 1.965636972279e-06
8.624 2.5008426235595e-06 1.617825535752e-06
8.82 1.6240614790567e-06 1.1798106353055e-06
9.016 9.4952579419398e-07 7.5236597602177e-07
9.212 4.9444387818948e-07 4.1735614166822e-07
9.408 2.2763948949665e-07 2.0106053774311e-07
9.604 9.1841739235545e-08 8.379039502457e-08
