0 0 0
0.196 -3.302417502318e-05 7.8456326215592e-07
0.392 2.4451240305068e-05 5.2066881972677e-06
0.588 9.6106866387548e-05 1.9671866004023e-05
0.784 0.00021335921533999 4.3866237901094e-05
0.98 0.00035592900452767 7.212540377107e-05
1.176 0.0004898944066863 9.734720742681e-05
1.372 0.00059018473840478 0.00011413582243874
1.568 0.00064365834112015 0.0001216081941287
1.764 0.00065856099436689 0.00012032336186098
1.96 0.00063764809401019 0.00011255000288181
2.156 0.00058847173241788 0.00010110376124461
2.352 0.00052125884110904 8.852749246086e-05
2.548 0.00044413589912424 7.6322563682105e-05
2.744 0.00036424716547465 6.451494551551e-05
2.94 0.00028739480776686 5.2711990782506e-05
3.136 0.00021925513049701 4.1421931481925e-05
3.332 0.0001637618131459 3.1933270313675e-05
3.528 0.00012188613813437 2.5154114708408e-05
3.724 9.1741735283782e-05 2.0734267363049e-05
3.92 6.9761191156525e-05 1.7573611079632e-05
4.116 5.2874991924501e-05 1.4788121793435e-05
4.312 3.9251279023786e-05 1.2027492649067e-05
4.508 2.8289437389076e-05 9.3077753495348e-06
4.704 1.9788908275205e-05 6.8546826726916e-06
4.9 1.3508327036793e-05 4.9037611947955e-06
5.096 9.0705460281263e-06 3.5019821179409e-06
5.292 6.1384329565026e-06 2.5039411652807e-06
5.488 4.241284478028e-06 1.8205274503115e-06
5.684 2.986821158296e-06 1.4068012019648e-06
5.88 2.1014493033883e-06 1.1248134293023e-06
6.076 1.4135049976073e-06 8.4946606735127e-07
6.272 8.7733933890902e-07 5.6951050786242e-07
6.468 4.8794508284084e-07 3.3150500874414e-07
6.664 2.4130377870864e-07 1.6827920328606e-07
6.86 1.032146423842e-07 7.2797237521559e-08
7.056 3.7853682710277e-08 2.6827704298636e-08
7.252 1.2148860172062e-08 8.5861828239844e-09
7.448 3.2479862886463e-09 2.2968676255369e-09
7.644 7.0435937173008e-10 5.0137532152105e-10
7.84 7.3994784178887e-11 5.4125279347224e-11
8.036 1.9345573704659e-12 1.351456524403e-12
8.232 7.5781748335284e-13 5.4451827847844e-13
8.428 -7.0851546966063e-13 5.1033274713016e-13
8.624 2.8803627094381e-13 2.0724994835099e-13
8.82 -7.9013671728751e-14 5.6250854612147e-14
9.016 1.667167810998e-14 1.183329371854e-14
9.212 -2.8497576066064e-15 2.0953136175204e-15
9.408 4.4197595570619e-16 3.3753793237082e-16
9.604 -9.0153983308362e-17 6.4809988686453e-17
