0 0 0
0.196 -2.8488377711115e-06 3.2099589912028e-06
0.392 -1.6297626502952e-05 1.9119316262286e-05
0.588 -4.099644190383e-05 4.2158413747423e-05
0.784 -7.138939987707e-05 6.0311629353356e-05
0.98 -8.3926960880624e-05 6.9726095248965e-05
1.176 -4.777834705648e-05 7.18194763321e-05
1.372 2.3912754906298e-05 6.9443759885332e-05
1.568 7.6354292241548e-05 6.6424554157443e-05
1.764 8.1285173733958e-05 6.4542083463189e-05
1.96 6.1793632833261e-05 6.3387430641129e-05
2.156 4.2615835633018e-05 6.1325516924355e-05
2.352 2.1324603209774e-05 5.7739783080344e-05
2.548 -2.0736311894311e-06 5.4195104867493e-05
2.744 -1.2640773827685e-05 5.1925819818939e-05
2.94 -9.380419259629e-06 4.9610065263752e-05
3.136 -8.7682994742453e-06 4.7111461986443e-05
3.332 -1.4022187621902e-05 4.5760015214578e-05
3.528 -1.2599629107286e-05 4.4848425884435e-05
3.724 -2.1082875648689e-06 4.3015403178827e-05
3.92 6.4536509151565e-06 4.0400849341301e-05
4.116 6.7476386514537e-06 3.8099232017462e-05
4.312 1.8693754945187e-06 3.7028378859136e-05
4.508 -1.9229276886777e-06 3.6423337565133e-05
4.704 4.2085609846782e-06 3.5026313183914e-05
4.9 2.2647072540426e-05 3.3347722631015e-05
5.096 3.5656699483283e-05 3.1994609211512e-05
5.292 2.2570631110127e-05 3.0687976383099e-05
5.488 -7.5882415926863e-06 2.9128627264546e-05
5.684 -2.6010945388129e-05 2.7663720170528e-05
5.88 -2.3577509740465e-05 2.6252535275155e-05
6.076 -1.3468237120461e-05 2.4470486045888e-05
6.272 -5.8576056934291e-06 2.2014724640462e-05
6.468 -1.2606153489778e-06 1.9615811641974e-05
6.664 2.6812036338533e-06 1.7588046390502e-05
6.86 6.8754821113459e-06 1.539894352795e-05
7.056 9.2375830019637e-06 1.320069478373e-05
7.252 7.3349343913169e-06 1.1246732427299e-05
7.448 1.9920812440766e-06 9.2726866945251e-06
7.644 -2.7760323861934e-06 7.2034293885946e-06
7.84 -3.5764624421618e-06 5.3793756697027e-06
8.036 -1.2481098428913e-06 4.0324130865874e-06
8.232 7.7981581250285e-07 3.0054412021785e-06
8.428 8.9464975950102e-07 2.1230098226767e-06
8.624 -3.994073527389e-08 1.5197291384686e-06
8.82 -7.0910867101237e-07 1.3022048859482e-06
9.016 -5.8514277868652e-07 1.2620805394037e-06
9.212 1.0251633865383e-07 1.1545397466953e-06
9.408 7.1061992123486e-07 9.1216758997762e-07
9.604 7.8672336952633e-07 6.0173036659198e-07
