0 0 0
0.196 -1.1074411584999e-05 4.2718760283299e-06
0.392 -4.2454149371797e-05 1.5648985178959e-05
0.588 -8.94324515724e-05 3.0693028786793e-05
0.784 -0.00014643812946457 4.5651094230816e-05
0.98 -0.00020970230020128 5.7807963065076e-05
1.176 -0.00027899306154766 6.5965120620022e-05
1.372 -0.00035702123097827 7.0273424608154e-05
1.568 -0.00044727942164552 7.1696204509992e-05
1.764 -0.00055203592456992 7.1348321769491e-05
1.96 -0.00067132404300048 7.0020032481633e-05
2.156 -0.00080305032810357 6.8073190441138e-05
2.352 -0.00094405629966409 6.5632733263216e-05
2.548 -0.0010911661284751 6.2831268459652e-05
2.744 -0.0012412550983164 5.9858747232961e-05
2.94 -0.0013904439974555 5.6805032636527e-05
3.136 -0.0015332108707902 5.3592640501238e-05
3.332 -0.001662085063115 5.0145611203938e-05
3.528 -0.0017681657885727 4.6516645007081e-05
3.724 -0.0018422925380781 4.2802227984335e-05
3.92 -0.0018766385460433 3.9044475836779e-05
4.116 -0.0018661511493054 3.5273054110842e-05
4.312 -0.0018093479397737 3.1593186706916e-05
4.508 -0.0017085823558638 2.8161731896644e-05
4.704 -0.0015700264481649 2.5060171927786e-05
4.9 -0.0014032397534839 2.2228538781989e-05
5.096 -0.0012200045078983 1.9543435737201e-05
5.292 -0.0010325808415164 1.6937210957299e-05
5.488 -0.00085178062461686 1.4444796735263e-05
5.684 -0.00068552469252193 1.216348271162e-05
5.88 -0.00053854134158033 1.017184902191e-05
6.076 -0.00041286677175581 8.4773911487823e-06
6.272 -0.00030854909499176 7.0286196030349e-06
6.468 -0.00022436311284341 5.7615872584426e-06
6.664 -0.00015842641678701 4.6398348085029e-06
6.86 -0.0001084967887989 3.6635454591513e-06
7.056 -7.2055580058568e-05 2.8456441188362e-06
7.252 -4.6437278859757e-05 2.182204577717e-06
7.448 -2.9052442906928e-05 1.6498568879439e-06
7.644 -1.7615255937399e-05 1.2265101157046e-06
7.84 -1.0297283089849e-05 9.0177668663479e-07
8.036 -5.7531733505907e-06 6.651882768004e-07
8.232 -3.0402123646214e-06 4.9401984735334e-07
8.428 -1.5051930413031e-06 3.6146448936336e-07
8.624 -6.9558726992597e-07 2.5211759050608e-07
8.82 -3.0358224202312e-07 1.6358102410584e-07
9.016 -1.312520420294e-07 9.7861441155315e-08
9.212 -6.2628947007993e-08 5.494993948735e-08
9.408 -3.721677580185e-08 3.1839126810242e-08
9.604 -2.71738585293e-08 2.260198025226e-08
