0 0.012444834138026 0.00038222135648989
0.196 0.012419263573927 0.00034223025047282
0.392 0.01234585105898 0.00025965137400362
0.588 0.012239929136056 0.00019730098097362
0.784 0.012113344838186 0.00016837579215492
0.98 0.011961821009235 0.00015097384257626
1.176 0.011805095517897 0.00013678971521446
1.372 0.011690944028945 0.00012838717184125
1.568 0.01163942616836 0.00012408876171948
1.764 0.011604948620432 0.00011990333791444
1.96 0.011521322381538 0.00011319453260281
2.156 0.011378802002978 0.00010364377077198
2.352 0.01120317503454 9.6916087564048e-05
2.548 0.010993806938345 9.3724044526726e-05
2.744 0.010744329861603 8.7980553202807e-05
2.94 0.010474604541879 8.1990621512845e-05
3.136 0.010206005228297 7.9778681687356e-05
3.332 0.0099302087758941 7.8686478098609e-05
3.528 0.0096201573021389 7.5541579885409e-05
3.724 0.0092594233142445 7.1704000220389e-05
3.92 0.0088494994618556 6.921625919381e-05
4.116 0.0084120611872503 6.5771720440288e-05
4.312 0.0079768268442966 6.0015750813795e-05
4.508 0.0075500832424657 5.4500049987409e-05
4.704 0.0071057342295489 5.1111515945556e-05
4.9 0.0066052833976348 4.9973664233555e-05
5.096 0.0060318312947532 4.917054324789e-05
5.292 0.005408986727 4.7219948187949e-05
5.488 0.0047708721220076 4.4785107039402e-05
5.684 0.004130733804411 4.1928686202583e-05
5.88 0.0034964485841879 3.8913893284266e-05
6.076 0.0028890497507523 3.6375436443891e-05
6.272 0.0023292864333485 3.3814117793936e-05
6.468 0.0018260790837842 3.0548641167814e-05
6.664 0.0013853163418134 2.6699681081256e-05
6.86 0.0010152041689781 2.2677673474378e-05
7.056 0.00071960706981041 1.8873952641101e-05
7.252 0.0004954072744425 1.5393687152234e-05
7.448 0.00033396918808526 1.2046809871014e-05
7.644 0.00022204765084951 9.3522249999815e-06
7.84 0.0001445858415209 7.3955515383757e-06
8.036 9.007337840446e-05 5.5599308234187e-06
8.232 5.2528144650672e-05 3.8017736849264e-06
8.428 2.8670405024048e-05 2.4174195917723e-06
8.624 1.5271601551458e-05 1.5819805760914e-06
8.82 8.5590534589582e-06 1.254565144444e-06
9.016 5.1096735289946e-06 1.0463411322243e-06
9.212 2.9147874017162e-06 7.3914230018666e-07
9.408 1.4163143716443e-06 4.0312908640396e-07
9.604 5.7233736525499e-07 1.7938426485056e-07
