0 0 0
0.196 -7.6967402271863e-06 3.1744790348461e-06
0.392 -2.9086680174466e-05 1.1587060765833e-05
0.588 -5.9682104162318e-05 2.2620918446717e-05
0.784 -9.3685284584207e-05 3.353042003361e-05
0.98 -0.00012589271980763 4.2495104477531e-05
1.176 -0.00015315985535291 4.885248489646e-05
1.372 -0.00017508733048017 5.2749350044402e-05
1.568 -0.00019394714906556 5.4653047184828e-05
1.764 -0.00021369507679452 5.5054374182571e-05
1.96 -0.00023835015794766 5.4380015991213e-05
2.156 -0.0002709111626742 5.2966309622209e-05
2.352 -0.00031311228633595 5.1067228500593e-05
2.548 -0.00036521443513113 4.8901278082333e-05
2.744 -0.00042578483700361 4.6659634280629e-05
2.94 -0.00049207094760716 4.4450362448298e-05
3.136 -0.00056097346138794 4.2278698823329e-05
3.332 -0.00063009275726397 4.0116620296963e-05
3.528 -0.00069835064162807 3.7971742189761e-05
3.724 -0.00076557497654928 3.5874236606747e-05
3.92 -0.00083109042974088 3.3815103495974e-05
4.116 -0.00089246347798435 3.1727236849116e-05
4.312 -0.00094523425816282 2.9535213267785e-05
4.508 -0.00098357692969782 2.7218213144558e-05
4.704 -0.0010014960107751 2.482025214081e-05
4.9 -0.00099416865094676 2.2403962653237e-05
5.096 -0.00095915421880606 2.001891521605e-05
5.292 -0.00089726624241544 1.7715385862468e-05
5.488 -0.00081268917067653 1.5545126466234e-05
5.684 -0.00071219112002135 1.3527754327147e-05
5.88 -0.00060377204785204 1.1646098733761e-05
6.076 -0.00049526405263731 9.8866592867159e-06
6.272 -0.00039325037958021 8.2613940055445e-06
6.468 -0.00030241274339164 6.7929964309757e-06
6.664 -0.00022533023137779 5.5011680710341e-06
6.86 -0.00016271804072998 4.3999939725556e-06
7.056 -0.00011388570680298 3.4896359579332e-06
7.252 -7.723760455293e-05 2.7460781025633e-06
7.448 -5.0728747997508e-05 2.130917754043e-06
7.644 -3.2224975026858e-05 1.6146937649891e-06
7.84 -1.9755577499546e-05 1.1860708555352e-06
8.036 -1.1653622589814e-05 8.435490821866e-07
8.232 -6.5973788922129e-06 5.8469545606175e-07
8.428 -3.5868448294966e-06 4.0065073871248e-07
8.624 -1.8891062326657e-06 2.762613822786e-07
8.82 -9.838824385173e-07 1.9362090509199e-07
9.016 -5.2084312036429e-07 1.3650630961716e-07
9.212 -2.8430510262742e-07 9.396899304015e-08
9.408 -1.5817157761968e-07 6.1047200805374e-08
9.604 -8.5347289289326e-08 3.6518087571669e-08
