0 0 0
0.196 -2.7726715156184e-06 2.4874761543734e-06
0.392 -1.0302190802732e-05 9.0950530313235e-06
0.588 -2.0775022717429e-05 1.7789738308093e-05
0.784 -3.2341406450284e-05 2.6384991338455e-05
0.98 -4.3651157973361e-05 3.3365202228594e-05
1.176 -5.3605653532998e-05 3.815152199129e-05
1.372 -6.0796024067053e-05 4.0910646397208e-05
1.568 -6.3577382770715e-05 4.2141563242459e-05
1.764 -6.1381067953785e-05 4.2317918751126e-05
1.96 -5.6224692578969e-05 4.1771249910465e-05
2.156 -5.2499032522836e-05 4.0744663383188e-05
2.352 -5.4810366682472e-05 3.9425418607603e-05
2.548 -6.562555785487e-05 3.7934513164154e-05
2.744 -8.4440520784843e-05 3.635905263514e-05
2.94 -0.00010881041101455 3.4790690742802e-05
3.136 -0.00013597205184661 3.3313172632213e-05
3.332 -0.00016364469614636 3.197915655016e-05
3.528 -0.00018998688796633 3.0798467133131e-05
3.724 -0.00021351964454622 2.972297612114e-05
3.92 -0.00023327469854361 2.8644150594242e-05
4.116 -0.00024895865679737 2.7435480310647e-05
4.312 -0.00026104654226449 2.6040058016178e-05
4.508 -0.00027061830021507 2.4515973663596e-05
4.704 -0.00027876815607874 2.2966044692732e-05
4.9 -0.00028583251884283 2.1433664086586e-05
5.096 -0.00029094478023356 1.988800144403e-05
5.292 -0.00029228214441484 1.8281451654012e-05
5.488 -0.00028791206480963 1.6594176390694e-05
5.684 -0.00027663789155232 1.48456532462e-05
5.88 -0.00025830835865271 1.3079694654885e-05
6.076 -0.00023366606778018 1.1339331001441e-05
6.272 -0.00020407176162192 9.6602571409113e-06
6.468 -0.0001713432804727 8.080136863029e-06
6.664 -0.00013765266236358 6.6392815617996e-06
6.86 -0.0001053335195698 5.3690365826111e-06
7.056 -7.6495598075716e-05 4.2778900911008e-06
7.252 -5.257438510416e-05 3.352910736042e-06
7.448 -3.4097538948898e-05 2.5764432416424e-06
7.644 -2.0770574930303e-05 1.9380645921309e-06
7.84 -1.1775664937547e-05 1.4304417466331e-06
8.036 -6.1050912678654e-06 1.0395553885003e-06
8.232 -2.7923515243254e-06 7.4417189894124e-07
8.428 -1.0271876405981e-06 5.2382112908909e-07
8.624 -1.9466536330196e-07 3.6324037960357e-07
8.82 1.2980656834664e-07 2.5018916888114e-07
9.016 2.1128352999056e-07 1.7267171653041e-07
9.212 1.961224109764e-07 1.1948365412124e-07
9.408 1.534500547157e-07 8.2351945850872e-08
9.604 1.0979192338712e-07 5.6032573878656e-08
