0 0 0
0.196 7.2890821845289e-06 3.6347053453814e-06
0.392 2.7238617727513e-05 1.3370672312562e-05
0.588 5.5368832841327e-05 2.6386819386632e-05
0.784 8.6999075812835e-05 3.9507105370187e-05
0.98 0.00011918915430928 5.0264364294738e-05
1.176 0.00015196058658023 5.7370729538226e-05
1.372 0.00018849195432203 6.0758179064797e-05
1.568 0.00023359028640887 6.1298500299734e-05
1.764 0.00029125371620828 6.0248827777292e-05
1.96 0.00036315250450391 5.8637744850078e-05
2.156 0.00044856870600945 5.6930569392213e-05
2.352 0.00054488114762264 5.5116934274179e-05
2.548 0.00064829154641188 5.3052568105594e-05
2.744 0.0007550384489737 5.073705121758e-05
2.94 0.00086258568525786 4.8316619716337e-05
3.136 0.00096994022836134 4.591554643433e-05
3.332 0.0010765112596137 4.3544425654548e-05
3.528 0.0011799524097626 4.1158003414837e-05
3.724 0.0012746526362701 3.8728003246574e-05
3.92 0.0013522299840202 3.6229811027438e-05
4.116 0.0014036664100879 3.3608183351955e-05
4.312 0.0014216662342983 3.0815443877118e-05
4.508 0.0014024041922595 2.7886689260773e-05
4.704 0.0013463166842786 2.4947260459989e-05
4.9 0.0012577125051053 2.2132516582622e-05
5.096 0.0011434868510875 1.9510631729549e-05
5.292 0.0010117974375074 1.7083711443142e-05
5.488 0.00087113878856606 1.4838461185347e-05
5.684 0.00072955857228119 1.2783426859625e-05
5.88 0.0005939180686599 1.0941899892339e-05
6.076 0.00046945463556994 9.3130259873144e-06
6.272 0.00035975338365195 7.8571036112873e-06
6.468 0.00026693073347338 6.5298162233222e-06
6.664 0.00019170974688462 5.3186465663509e-06
6.86 0.00013343057829804 4.2411819045802e-06
7.056 9.0216721394457e-05 3.3206044158817e-06
7.252 5.9422138909298e-05 2.5651671063637e-06
7.448 3.8208538224788e-05 1.9622611510407e-06
7.644 2.4003683322608e-05 1.4866025757583e-06
7.84 1.472554388748e-05 1.113769442786e-06
8.036 8.8116059347151e-06 8.2531679867107e-07
8.232 5.1402995665545e-06 6.043545691399e-07
8.428 2.9280587499093e-06 4.340995732526e-07
8.624 1.6378597091445e-06 3.0254164716167e-07
8.82 9.1178565107829e-07 2.0454658956378e-07
9.016 5.1987778993963e-07 1.3880789097266e-07
9.212 3.1956071501381e-07 1.0458068676873e-07
9.408 2.2348442370392e-07 9.7174448759148e-08
9.604 1.7896850830707e-07 1.0372598164397e-07
