0 0 0
0.196 4.7631920403476e-06 3.5294220465126e-06
0.392 3.3593493017113e-05 2.0820841452708e-05
0.588 9.2538187697665e-05 4.563195564574e-05
0.784 0.00014590371430939 6.5152847334463e-05
0.98 0.00014218561857183 7.4694748566988e-05
1.176 8.7260540574047e-05 7.740237159172e-05
1.372 4.7581996228098e-05 7.7020433933552e-05
1.568 4.9803434209083e-05 7.4864192803058e-05
1.764 3.8430843857933e-05 7.351725685768e-05
1.96 -3.0657312789391e-05 7.2753415249927e-05
2.156 -0.00012079860782433 7.0198155527018e-05
2.352 -0.00016716935497205 6.6055477371011e-05
2.548 -0.00015089438425876 6.2220228500838e-05
2.744 -0.0001055954582706 5.9602496804004e-05
2.94 -7.0405190655854e-05 5.7393182389686e-05
3.136 -5.2971912962822e-05 5.4937708801187e-05
3.332 -4.0703466647991e-05 5.273490716223e-05
3.528 -3.0715019148903e-05 5.0859043464067e-05
3.724 -3.2699372640032e-05 4.9091961101771e-05
3.92 -4.4805553391324e-05 4.6513776450931e-05
4.116 -5.157504202697e-05 4.3142924763678e-05
4.312 -4.6384488797701e-05 4.0786506755888e-05
4.508 -3.1197942596287e-05 3.9427197540965e-05
4.704 -1.1322596357767e-05 3.868737364636e-05
4.9 3.3281044649168e-06 3.831380281001e-05
5.096 1.1758799977577e-05 3.7435513577605e-05
5.292 2.2481990277364e-05 3.5765267798752e-05
5.488 3.5599074608505e-05 3.2895701304998e-05
5.684 4.1823964997359e-05 3.0030257566085e-05
5.88 3.7476443047049e-05 2.8350935535119e-05
6.076 2.9375014777846e-05 2.6509407978299e-05
6.272 2.3800121121067e-05 2.3657356967868e-05
6.468 1.8920494454923e-05 2.0194178120728e-05
6.664 1.0908059206548e-05 1.6759197100844e-05
6.86 6.6958014892206e-07 1.415259916092e-05
7.056 -7.5867428535461e-06 1.2383135660487e-05
7.252 -1.1354642951888e-05 1.0518956688077e-05
7.448 -1.2189627257734e-05 8.1933768928819e-06
7.644 -1.1497562636718e-05 6.1674679032105e-06
7.84 -9.2442223248423e-06 4.7331267838165e-06
8.036 -6.3521318058396e-06 3.5172894866697e-06
8.232 -4.1022158650596e-06 2.4413352306898e-06
8.428 -2.6466703008135e-06 1.6237631599225e-06
8.624 -1.7178132024351e-06 1.1138379546465e-06
8.82 -1.2024204589178e-06 9.3344291882521e-07
9.016 -9.1817890660715e-07 8.5184645700515e-07
9.212 -6.277093469157e-07 6.4618303753252e-07
9.408 -3.0037669621338e-07 3.6438403331754e-07
9.604 -5.7830580551628e-08 1.6595752958681e-07
