0 0 0
0.196 -7.179115719123e-08 3.5039627924426e-08
0.392 -9.698931625927e-07 5.295793143591e-07
0.588 -4.1701666066449e-06 2.2696324628497e-06
0.784 -1.0910359551826e-05 5.8172093183286e-06
0.98 -2.1619201124113e-05 1.1151765534048e-05
1.176 -3.5362563819512e-05 1.7702111620514e-05
1.372 -4.9415291711934e-05 2.4596446765758e-05
1.568 -5.9921321556657e-05 3.0969887715792e-05
1.764 -6.3781571731841e-05 3.6175371307367e-05
1.96 -6.0436281795107e-05 3.9857632621975e-05
2.156 -5.1839471896722e-05 4.1972442647714e-05
2.352 -4.0555747838703e-05 4.2768805835063e-05
2.548 -2.7931758952709e-05 4.2662932533318e-05
2.744 -1.3592097095486e-05 4.2036248742992e-05
2.94 4.2561445214676e-06 4.1111599688778e-05
3.136 2.7999065578442e-05 3.99362011633e-05
3.332 5.9207575474275e-05 3.8429300244163e-05
3.528 9.7589191388605e-05 3.6514343037802e-05
3.724 0.00014111048272287 3.4240965699743e-05
3.92 0.00018685379078674 3.1758333416669e-05
4.116 0.00023174641449485 2.9195677109747e-05
4.312 0.00027263171882203 2.6613463584725e-05
4.508 0.00030601933124222 2.4058884704373e-05
4.704 0.00032832411714982 2.1603137804423e-05
4.9 0.00033680647093566 1.9297993227605e-05
5.096 0.00033055184274201 1.7134291200994e-05
5.292 0.00031092222934762 1.5071934134718e-05
5.488 0.00028107793450064 1.3091776206227e-05
5.684 0.00024491414787671 1.121132120165e-05
5.88 0.0002060977987931 9.461160039501e-06
6.076 0.00016756484942453 7.8624682301359e-06
6.272 0.00013142946228145 6.4245470264657e-06
6.468 9.9100823276822e-05 5.1537297180397e-06
6.664 7.1485565426015e-05 4.0631767115445e-06
6.86 4.9063241557242e-05 3.1721303244792e-06
7.056 3.1868506167986e-05 2.4821099532965e-06
7.252 1.9488727466275e-05 1.955844002117e-06
7.448 1.114989899514e-05 1.5367329901597e-06
7.644 5.8975362841776e-06 1.1874760011404e-06
7.84 2.8018056560592e-06 8.990248031354e-07
8.036 1.1030966279859e-06 6.7077278966748e-07
8.232 2.5589237592459e-07 4.9444988466046e-07
8.428 -1.0179072355639e-07 3.5677713476461e-07
8.624 -2.015513110315e-07 2.4820729550796e-07
8.82 -1.8555138088862e-07 1.644448209327e-07
9.016 -1.3344826351905e-07 1.0302385062948e-07
9.212 -8.2439757829674e-08 6.090093670181e-08
9.408 -4.4496403438384e-08 3.4255209095345e-08
9.604 -2.0427476687468e-08 1.9004216771177e-08
