0 0 0
0.196 1.7943657019342e-07 2.5525555146985e-07
0.392 3.7012731022126e-06 3.5154781805278e-06
0.588 1.4992911385528e-05 1.3473560492889e-05
0.784 3.5828688031719e-05 3.0714963918715e-05
0.98 6.6654471670814e-05 5.2453063553061e-05
1.176 0.0001134112525189 7.4628490499336e-05
1.372 0.00018735483366046 9.3516294449941e-05
1.568 0.0002962231639206 0.0001067910565153
1.764 0.00043702199588597 0.00011400125987705
1.96 0.00059804095774129 0.00011613915109068
2.156 0.00076486999084589 0.00011477550780536
2.352 0.00092374404590271 0.00011109282844945
2.548 0.0010635419501944 0.0001055222020672
2.744 0.0011741076083712 9.8368520688747e-05
2.94 0.0012451996764402 9.0301751534154e-05
3.136 0.001269009491419 8.2043586355431e-05
3.332 0.0012438572015852 7.3810051352051e-05
3.528 0.0011749255320712 6.5454919660569e-05
3.724 0.0010732549453364 5.7068991918726e-05
3.92 0.0009512680486845 4.9030666111561e-05
4.116 0.00081939072819644 4.1604678594337e-05
4.312 0.00068616619858891 3.4805616384358e-05
4.508 0.00055928682319373 2.8641436675196e-05
4.704 0.00044528467764113 2.3272848374084e-05
4.9 0.00034774750467131 1.8887790055529e-05
5.096 0.00026700626275101 1.5482141312657e-05
5.292 0.00020155038630706 1.2828233162988e-05
5.488 0.00014936477965197 1.0655295413159e-05
5.684 0.00010848055286805 8.8026193564937e-06
5.88 7.7085814647799e-05 7.2213032005088e-06
6.076 5.3419000118503e-05 5.8898695835083e-06
6.272 3.5844227507942e-05 4.7622232769225e-06
6.468 2.309632059571e-05 3.7804644721101e-06
6.664 1.4240253064199e-05 2.9234638920411e-06
6.86 8.4983958089004e-06 2.2160275339677e-06
7.056 5.1095423180051e-06 1.695848474747e-06
7.252 3.3328026325658e-06 1.3821532533601e-06
7.448 2.5117473287663e-06 1.2539971068249e-06
7.644 2.1318559857632e-06 1.2212572605885e-06
7.84 1.8496659190049e-06 1.1596340043426e-06
8.036 1.5080949203599e-06 1.0003187068573e-06
8.232 1.1032391994779e-06 7.5862937967577e-07
8.428 7.0857535384774e-07 4.9910423760692e-07
8.624 3.9527182517429e-07 2.8323532342546e-07
8.82 1.9106337183648e-07 1.3828790670169e-07
9.016 7.9508217706217e-08 5.801332199227e-08
9.212 2.8586179598259e-08 2.0892105541592e-08
9.408 8.8399833368348e-09 6.457572885307e-09
9.604 2.3089498460477e-09 1.6992847361972e-09
