0 0 0
0.196 8.0222191406424e-05 3.3111081970099e-05
0.392 0.00014955364630073 6.0948483139505e-05
0.588 0.00020013138953787 8.0365685102397e-05
0.784 0.00022907873730972 9.1082544480812e-05
0.98 0.00023808779427386 9.4894640839819e-05
1.176 0.00023163373624706 9.4241008622989e-05
1.372 0.00021560430121876 9.1098266521065e-05
1.568 0.00019594263006905 8.6658421676172e-05
1.764 0.00017707980286436 8.155934902148e-05
1.96 0.00016128254283572 7.6147596450649e-05
2.156 0.00014896874003455 7.0592012946938e-05
2.352 0.00013901817528587 6.4962353068012e-05
2.548 0.00012897551995033 5.9306811763494e-05
2.744 0.0001158699042252 5.3707766390515e-05
2.94 9.7660494110203e-05 4.8299695546195e-05
3.136 7.4396390599408e-05 4.3223072624996e-05
3.332 4.8265458129008e-05 3.8580409569313e-05
3.528 2.2679418805172e-05 3.4444072518888e-05
3.724 1.1009339778643e-06 3.0848350747752e-05
3.92 -1.4114265240796e-05 2.7762546996349e-05
4.116 -2.2508772236381e-05 2.509757916788e-05
4.312 -2.5261307914459e-05 2.2758724714597e-05
4.508 -2.419086239099e-05 2.0718385910783e-05
4.704 -2.0977284447694e-05 1.9011054956012e-05
4.9 -1.6935991540471e-05 1.7628554853651e-05
5.096 -1.3031495891163e-05 1.6463122325408e-05
5.292 -9.9273365998064e-06 1.5373815842179e-05
5.488 -7.9866741750779e-06 1.4249495610506e-05
5.684 -7.1368063212036e-06 1.3016011503486e-05
5.88 -6.8994122454176e-06 1.1646299919332e-05
6.076 -6.7609300187328e-06 1.017641727437e-05
6.272 -6.4914221350846e-06 8.6877752976538e-06
6.468 -6.1255016006499e-06 7.2605614242186e-06
6.664 -5.7302391140836e-06 5.9439390862294e-06
6.86 -5.2818968735212e-06 4.7602304838111e-06
7.056 -4.7055316830205e-06 3.7213707916482e-06
7.252 -3.9536524602325e-06 2.8356961103742e-06
7.448 -3.0693961925657e-06 2.1071606665922e-06
7.644 -2.1891031034698e-06 1.5344733822435e-06
7.84 -1.4666221331188e-06 1.1080486270318e-06
8.036 -9.8576490009541e-07 8.0592801088872e-07
8.232 -7.2941188885115e-07 5.9826610168571e-07
8.428 -6.1350500007603e-07 4.5730573414737e-07
8.624 -5.4591128221961e-07 3.5833961369038e-07
8.82 -4.6843001369407e-07 2.7882478545966e-07
9.016 -3.6663538558526e-07 2.0594577309347e-07
9.212 -2.5432147062444e-07 1.3936261684412e-07
9.408 -1.5638935306213e-07 8.5695103741173e-08
9.604 -7.5087590735921e-08 4.4387836545154e-08
