0 0 0
0.196 -1.7467515040231e-06 2.3264702459826e-06
0.392 -6.4081243783412e-06 8.5538043774901e-06
0.588 -1.2770577218174e-05 1.6863520912017e-05
0.784 -1.9770229601353e-05 2.5220967738963e-05
0.98 -2.6638142398512e-05 3.2089895793706e-05
1.176 -3.2663309957244e-05 3.6723944755346e-05
1.372 -3.7330313389835e-05 3.9120139764779e-05
1.568 -4.0739584190979e-05 3.9781795502652e-05
1.764 -4.3716079334348e-05 3.9408138468373e-05
1.96 -4.7311214975729e-05 3.8598985990878e-05
2.156 -5.1863606253179e-05 3.7672871251839e-05
2.352 -5.631700055666e-05 3.667844308389e-05
2.548 -5.8660990065943e-05 3.5559321552637e-05
2.744 -5.7369644357252e-05 3.4316133249213e-05
2.94 -5.2593927628619e-05 3.3043963800746e-05
3.136 -4.6138150236544e-05 3.1838630997455e-05
3.332 -4.0487571552663e-05 3.0685608050381e-05
3.528 -3.7730424437697e-05 2.9477276084829e-05
3.724 -3.8913514893723e-05 2.8141100717217e-05
3.92 -4.3888099144074e-05 2.6716195400393e-05
4.116 -5.150832690701e-05 2.5304670439526e-05
4.312 -6.0101151866868e-05 2.3981283318726e-05
4.508 -6.8148588184516e-05 2.2742694596519e-05
4.704 -7.4798819740739e-05 2.1513088146055e-05
4.9 -7.9851171971411e-05 2.0199174042484e-05
5.096 -8.3380325549281e-05 1.8751423708064e-05
5.292 -8.5398482942405e-05 1.7183199422944e-05
5.488 -8.5789718878293e-05 1.5551116896565e-05
5.684 -8.4466171228114e-05 1.3927226321587e-05
5.88 -8.1405574661414e-05 1.2368779538322e-05
6.076 -7.6535134569439e-05 1.0894056174766e-05
6.272 -6.9784428813145e-05 9.4933321483059e-06
6.468 -6.1347463302478e-05 8.1615467030798e-06
6.664 -5.1805966969229e-05 6.9102928804618e-06
6.86 -4.1960953699082e-05 5.7554198068398e-06
7.056 -3.258167887559e-05 4.7055248914692e-06
7.252 -2.4233130151575e-05 3.7638931127561e-06
7.448 -1.7223136827177e-05 2.9353994005395e-06
7.644 -1.1641056409561e-05 2.2281579564145e-06
7.84 -7.4314317843365e-06 1.6492724958212e-06
8.036 -4.4473418476727e-06 1.1983830875401e-06
8.232 -2.4807786243781e-06 8.6333525299538e-07
8.428 -1.2879926774509e-06 6.2193714160277e-07
8.624 -6.2659340454263e-07 4.4940768800874e-07
8.82 -2.9298581879969e-07 3.2501690251412e-07
9.016 -1.3905223475977e-07 2.3373436178673e-07
9.212 -7.0445026303213e-08 1.6507193368885e-07
9.408 -3.9057635089449e-08 1.1261982573807e-07
9.604 -1.731947729144e-08 7.1897037333715e-08
