0 0 0
0.196 2.5955452970889e-05 1.319958548865e-05
0.392 0.00011343367703685 4.6623814264454e-05
0.588 0.00028383508125784 8.7196421778799e-05
0.784 0.00055694938358522 0.00012357624369163
0.98 0.00094191260958434 0.00015014188689514
1.176 0.0014304684146485 0.00016611638160392
1.372 0.0019929228387219 0.00017318910362404
1.568 0.0025862520115148 0.00017359577238015
1.764 0.0031640112916338 0.0001693198204456
1.96 0.0036822709873896 0.00016199924240569
2.156 0.0041036780045325 0.00015255073319503
2.352 0.0044004614579354 0.00014124844937271
2.548 0.0045594373510066 0.00012850629108368
2.744 0.0045815968077296 0.00011527697668636
2.94 0.004477786371676 0.00010270080257113
3.136 0.0042660691275639 9.1459724723304e-05
3.332 0.0039666865059774 8.1598073537188e-05
3.528 0.0035999056657165 7.2762668094178e-05
3.724 0.0031879602642541 6.4539101263981e-05
3.92 0.0027557806378259 5.6711821528643e-05
4.116 0.0023277800367375 4.9268531374835e-05
4.312 0.001923605289678 4.2292401403084e-05
4.508 0.0015565910706532 3.5888335716031e-05
4.704 0.0012341853691754 3.0147110800686e-05
4.9 0.00095916102852838 2.5102747659772e-05
5.096 0.00073134522292677 2.0775571578864e-05
5.292 0.00054821572946627 1.7211025853379e-05
5.488 0.00040494989896864 1.4386155124128e-05
5.684 0.0002951427445913 1.2112091654549e-05
5.88 0.00021221616956773 1.0125099638405e-05
6.076 0.00015050602033703 8.283128473029e-06
6.272 0.00010543729307892 6.6180461275687e-06
6.468 7.3237531988735e-05 5.2332550860691e-06
6.664 5.066822254529e-05 4.1736674257236e-06
6.86 3.4994435401519e-05 3.3698721500436e-06
7.056 2.4059041292176e-05 2.6983334532735e-06
7.252 1.6326003962836e-05 2.0921610368474e-06
7.448 1.0835941215862e-05 1.569473388252e-06
7.644 7.0083659871598e-06 1.1668256082166e-06
7.84 4.4308856715685e-06 8.7287251174186e-07
8.036 2.7587310848929e-06 6.4477294099499e-07
8.232 1.7078491162193e-06 4.6393133964769e-07
8.428 1.0612490564999e-06 3.3566725471028e-07
8.624 6.65645063345e-07 2.5265433055447e-07
8.82 4.1793970385251e-07 1.9114019516534e-07
9.016 2.5696761060478e-07 1.3659653142296e-07
9.212 1.5038374933069e-07 8.9037423064492e-08
9.408 8.1384295977259e-08 5.2218514335813e-08
9.604 3.9732634476938e-08 2.7304693786405e-08
