0 0 0
0.196 4.7734071120978e-06 3.4927237432883e-06
0.392 1.8913489254198e-05 1.2841130409558e-05
0.588 4.1375498641711e-05 2.5351393449549e-05
0.784 6.9500263093261e-05 3.8070448730917e-05
0.98 9.9598794190943e-05 4.8780233359464e-05
1.176 0.00012910827312359 5.6328739179276e-05
1.372 0.00015840142439224 6.0547577633809e-05
1.568 0.00019072257232958 6.1969612460271e-05
1.764 0.00023057464115151 6.1464062612379e-05
1.96 0.00028188897013521 5.9905143845638e-05
2.156 0.00034689092817613 5.7930085264592e-05
2.352 0.00042589772643258 5.5821373545685e-05
2.548 0.00051794835532643 5.3588735275874e-05
2.744 0.00062144658366453 5.1184118217535e-05
2.94 0.00073368923170022 4.8639642763419e-05
3.136 0.00084981801683225 4.6044697388855e-05
3.332 0.00096302030924538 4.3449387519107e-05
3.528 0.0010662430103008 4.0823311147981e-05
3.724 0.0011537490423245 3.8124727246904e-05
3.92 0.0012212955797552 3.5378537884211e-05
4.116 0.0012654167764174 3.2647647762912e-05
4.312 0.0012829861509349 2.9966214290047e-05
4.508 0.001271630291413 2.7339985623459e-05
4.704 0.0012306466076099 2.4776265503975e-05
4.9 0.001161746165211 2.2283166642607e-05
5.096 0.0010691636731864 1.9862173757135e-05
5.292 0.00095890989204706 1.7520641915692e-05
5.488 0.00083759910126545 1.5276946765858e-05
5.684 0.00071168059472697 1.3148409974118e-05
5.88 0.00058716240841824 1.1149385540111e-05
6.076 0.0004694223672773 9.3054295786464e-06
6.272 0.0003629329982174 7.6498732992794e-06
6.468 0.00027093290159688 6.199638136782e-06
6.664 0.00019515287707627 4.9482223178506e-06
6.86 0.0001357146915944 3.8846229653565e-06
7.056 9.1294943256687e-05 3.0068515228826e-06
7.252 5.9565178889979e-05 2.3116426048777e-06
7.448 3.7777681304593e-05 1.7781616466056e-06
7.644 2.3304434813123e-05 1.368503645404e-06
7.84 1.3964378806194e-05 1.0435133974349e-06
8.036 8.1111912321231e-06 7.7684712691079e-07
8.232 4.5654942386026e-06 5.5744161452616e-07
8.428 2.4998941472812e-06 3.8329831335211e-07
8.624 1.3424469775618e-06 2.5322216100764e-07
8.82 7.1192495210771e-07 1.6216975871161e-07
9.016 3.7196289183902e-07 1.020855480451e-07
9.212 1.8841003698914e-07 6.4606386050086e-08
9.408 8.9987864122387e-08 4.2000465266467e-08
9.604 3.9092208345462e-08 2.7656591854664e-08
