0 0 0
0.196 1.4887430345068e-05 1.91598062447e-05
0.392 2.7801418850003e-05 3.5322238841025e-05
0.588 3.7574407275729e-05 4.6686281668524e-05
0.784 4.4468452780471e-05 5.3019205830275e-05
0.98 4.9865755828367e-05 5.5212700133849e-05
1.176 5.5055002960403e-05 5.4585052380019e-05
1.372 6.0159148660045e-05 5.2357871344975e-05
1.568 6.4059255296402e-05 4.9417724237802e-05
1.764 6.5407437827401e-05 4.6274340537483e-05
1.96 6.3820479725308e-05 4.3131708566674e-05
2.156 6.0072670619862e-05 4.002681337203e-05
2.352 5.5523358993124e-05 3.6951821788131e-05
2.548 5.1622854485807e-05 3.3897728169751e-05
2.744 4.9389943047873e-05 3.086934005191e-05
2.94 4.8702049541028e-05 2.7917634042372e-05
3.136 4.8063748233308e-05 2.5140600254849e-05
3.332 4.545317834658e-05 2.2630505808836e-05
3.528 3.9664711907733e-05 2.0423816671251e-05
3.724 3.1037134843248e-05 1.8500845173716e-05
3.92 2.1126001834506e-05 1.6819172186303e-05
4.116 1.173987023862e-05 1.5331841885375e-05
4.312 4.1039384618909e-06 1.3984681508183e-05
4.508 -1.4808511744674e-06 1.2735788067257e-05
4.704 -5.4877221222834e-06 1.1590513162441e-05
4.9 -8.641433473661e-06 1.0589193892049e-05
5.096 -1.1387931360536e-05 9.7425939145062e-06
5.292 -1.3657742198323e-05 9.0048282696882e-06
5.488 -1.5022747845487e-05 8.3174044858407e-06
5.684 -1.5089809111457e-05 7.6452433264449e-06
5.88 -1.3795220407937e-05 6.9639646432132e-06
6.076 -1.1471714249566e-05 6.2482057308594e-06
6.272 -8.7252399892255e-06 5.4869485806441e-06
6.468 -6.1972509828671e-06 4.6981090263737e-06
6.664 -4.2960075906761e-06 3.9223517967546e-06
6.86 -3.0841460415295e-06 3.2024581902026e-06
7.056 -2.3688780620351e-06 2.5659203052193e-06
7.252 -1.8983155373554e-06 2.0215792354488e-06
7.448 -1.5086384320723e-06 1.5667809411249e-06
7.644 -1.148428043336e-06 1.1951609561347e-06
7.84 -8.2820416268838e-07 9.0045084129486e-07
8.036 -5.6501177728461e-07 6.753070794374e-07
8.232 -3.6108283736512e-07 5.0791422279536e-07
8.428 -2.0857591333707e-07 3.8227943884318e-07
8.624 -1.0014876523555e-07 2.8393675756351e-07
8.82 -3.2108960799774e-08 2.0471573584557e-07
9.016 -2.0866691608743e-10 1.4169519660768e-07
9.212 5.1890631237881e-09 9.3640325990641e-08
9.408 -2.2310260946877e-09 5.8988670475772e-08
9.604 -9.9915415231209e-09 3.5409599378052e-08
