0 0.020380069329795 0.00027287788210496
0.196 0.020355075900429 0.00026514418483656
0.392 0.020279745470724 0.00024436829458282
0.588 0.020152489919595 0.00021645235890149
0.784 0.019970214171009 0.00018762011744487
0.98 0.019729738263813 0.00016193392857137
1.176 0.019430226324506 0.00014080806653114
1.372 0.019074259470411 0.00012406348981519
1.568 0.018666231566977 0.00011104336209952
1.764 0.018208784209998 0.00010100370540891
1.96 0.017699988724434 9.3066862320011e-05
2.156 0.017133715514383 8.6224138780677e-05
2.352 0.01650225669873 7.9587679775387e-05
2.548 0.015798334831318 7.2740724485896e-05
2.744 0.015016343774529 6.5832971349834e-05
2.94 0.014154510676574 5.9299599407498e-05
3.136 0.013217453632725 5.3517478634898e-05
3.332 0.012216848316745 4.8666879692376e-05
3.528 0.011169588487276 4.4730937875827e-05
3.724 0.010094975551083 4.1534782745737e-05
3.92 0.0090126441276069 3.8822403357815e-05
4.116 0.0079418433716869 3.6345545180817e-05
4.312 0.0069015493693978 3.3920041334306e-05
4.508 0.0059103472039027 3.1441730849433e-05
4.704 0.0049854266680455 2.8872935147895e-05
4.9 0.0041408927344429 2.6242526765693e-05
5.096 0.0033862296829004 2.3642369738456e-05
5.292 0.0027257098462581 2.1155536663084e-05
5.488 0.0021587077980641 1.8782486571609e-05
5.684 0.0016806740003211 1.6472993518372e-05
5.88 0.0012846239219698 1.4209265228223e-05
6.076 0.00096253672626178 1.2035076088375e-05
6.272 0.0007060944107135 1.0021642381839e-05
6.468 0.00050678708328482 8.2246194681943e-06
6.664 0.00035589166436884 6.6647805401188e-06
6.86 0.00024467605690265 5.3298844632124e-06
7.056 0.00016484043917042 4.1955616642635e-06
7.252 0.00010894839378099 3.2479954933461e-06
7.448 7.0716511733877e-05 2.4815948453418e-06
7.644 4.5124231579609e-05 1.87974018381e-06
7.84 2.8346153294447e-05 1.4114544737538e-06
8.036 1.7570537679022e-05 1.0494157642012e-06
8.232 1.0786178960723e-05 7.8088845580562e-07
8.428 6.5849423347269e-06 5.9625729498257e-07
8.624 4.0071992306659e-06 4.7304260919617e-07
8.82 2.4245653090775e-06 3.800452560345e-07
9.016 1.4452344690092e-06 2.9562936267001e-07
9.212 8.3593752290749e-07 2.1480090678824e-07
9.408 4.6071722750238e-07 1.4257508846934e-07
9.604 2.3754996259229e-07 8.5242839659148e-08
