0 0 0
0.196 -1.678396732804e-08 1.9846533621928e-08
0.392 -1.9582366613147e-07 2.9941347358212e-07
0.588 -7.2691069229854e-07 1.2807801297564e-06
0.784 -1.424848449239e-06 3.2656272095051e-06
0.98 -1.6164607704384e-06 6.210679210845e-06
1.176 -6.9470978779332e-07 9.7757376197157e-06
1.372 1.1151847011773e-06 1.3486604795914e-05
1.568 2.7926387009902e-06 1.6900464350945e-05
1.764 3.3487836212113e-06 1.9727057076696e-05
1.96 2.4326302802569e-06 2.1867201422146e-05
2.156 3.1905562406336e-07 2.3368445320246e-05
2.352 -2.4470363395705e-06 2.436895308229e-05
2.548 -5.2640014537104e-06 2.5054605610092e-05
2.744 -7.3830008583784e-06 2.5574373273e-05
2.94 -8.0451774597935e-06 2.5944659633942e-05
3.136 -7.0272647980405e-06 2.6060367117057e-05
3.332 -4.8537077933821e-06 2.5817533626169e-05
3.528 -2.268040308213e-06 2.5227680404101e-05
3.724 3.6815415293409e-07 2.4427612875952e-05
3.92 2.9988765793887e-06 2.3579537124441e-05
4.116 5.4339171302021e-06 2.275043817186e-05
4.312 7.3297991699067e-06 2.1885895963935e-05
4.508 8.4884875512469e-06 2.088785052942e-05
4.704 8.9252265029244e-06 1.9716445743484e-05
4.9 8.7436199285498e-06 1.8433082853343e-05
5.096 8.1479954503286e-06 1.7143352158441e-05
5.292 7.4682630487914e-06 1.5899078717959e-05
5.488 7.0125155777107e-06 1.4663145493573e-05
5.684 6.8916939977463e-06 1.3363269196625e-05
5.88 6.9946703280261e-06 1.1962925358636e-05
6.076 7.1233898936765e-06 1.0487374303653e-05
6.272 7.0908502768048e-06 9.0047563256481e-06
6.468 6.7804718563115e-06 7.5900615281342e-06
6.664 6.1883673602627e-06 6.2985653251178e-06
6.86 5.4180454386118e-06 5.1536611618536e-06
7.056 4.6079819048912e-06 4.1505460714143e-06
7.252 3.8382626608029e-06 3.2743792618517e-06
7.448 3.1178513333707e-06 2.5178602132231e-06
7.644 2.4397709441503e-06 1.8823345381219e-06
7.84 1.8128297700764e-06 1.3688258776057e-06
8.036 1.2559160488136e-06 9.7215950659995e-07
8.232 7.8476549306539e-07 6.7947308348201e-07
8.428 4.0966692237804e-07 4.7114495592749e-07
8.624 1.3684367541923e-07 3.2486098894951e-07
8.82 -3.5185992634695e-08 2.2143714709505e-07
9.016 -1.2070534660984e-07 1.478721858337e-07
9.212 -1.4543189851672e-07 9.7116905896657e-08
9.408 -1.3770578051802e-07 6.6803853152261e-08
9.604 -1.1900958280115e-07 5.4986741238201e-08
