0 0.016856685464489 0.00022245858559362
0.196 0.016841311066632 0.00021578948047771
0.392 0.016797028445203 0.00019791192379079
0.588 0.016728332420233 0.00017410378615903
0.784 0.01663918522189 0.00015011927512083
0.98 0.016529668097574 0.00012979743036425
1.176 0.016394268441653 0.00011417876708505
1.372 0.016223105433879 0.00010233758275841
1.568 0.016005469878033 9.2881053483079e-05
1.764 0.015733117167204 8.4884466394574e-05
1.96 0.015401513019448 7.8041374648587e-05
2.156 0.01500978766896 7.232547126585e-05
2.352 0.014560468878674 6.7525518996446e-05
2.548 0.014058578171726 6.3135967218635e-05
2.744 0.013509521662751 5.8664548238236e-05
2.94 0.012916745605103 5.3898708911186e-05
3.136 0.012281079840743 4.8915293333285e-05
3.332 0.011602408299019 4.3992537011526e-05
3.528 0.01088213956643 3.9523529154758e-05
3.724 0.010124271999049 3.5867864305118e-05
3.92 0.0093346432874193 3.3148133571193e-05
4.116 0.0085197447593457 3.118744869846e-05
4.312 0.0076865478120667 2.9664281086796e-05
4.508 0.006843872276689 2.8282798371946e-05
4.704 0.0060042544102725 2.6843637897513e-05
4.9 0.0051841147905228 2.5256806161113e-05
5.096 0.0044014118411593 2.3516352879048e-05
5.292 0.0036723805368643 2.1644626448364e-05
5.488 0.0030094195757652 1.96472092129e-05
5.684 0.0024205757751319 1.7533119048299e-05
5.88 0.0019097614720142 1.5361467082106e-05
6.076 0.0014771352271096 1.3236031842613e-05
6.272 0.0011195197564301 1.1252737690513e-05
6.468 0.00083103811236906 9.4666666691737e-06
6.664 0.00060395944679414 7.8945854427782e-06
6.86 0.00042956558394992 6.5261130373439e-06
7.056 0.00029889640372604 5.3281216103352e-06
7.252 0.00020336587780797 4.2626253876652e-06
7.448 0.00013523389768191 3.3156860476351e-06
7.644 8.7881879696487e-05 2.5039518914559e-06
7.84 5.5883118201316e-05 1.8533174809744e-06
8.036 3.490465002611e-05 1.3721258416861e-06
8.232 2.1555356980924e-05 1.0377179020874e-06
8.428 1.3263294400116e-05 8.0421336169555e-07
8.624 8.1768192459294e-06 6.2639724931529e-07
8.82 5.051996520343e-06 4.786023820754e-07
9.016 3.1101720189252e-06 3.5422826848086e-07
9.212 1.8900796876103e-06 2.5416181182667e-07
9.408 1.1220955517371e-06 1.7727493500768e-07
9.604 6.4784969533237e-07 1.2130051852728e-07
