0 0 0
0.196 3.091426322796e-08 4.1889045047732e-07
0.392 2.3752887600345e-07 3.0261977990795e-06
0.588 9.4946832743855e-07 8.7463243020344e-06
0.784 2.4106315188053e-06 1.697888389724e-05
0.98 4.2957430002572e-06 2.6258561396477e-05
1.176 5.5879733599692e-06 3.5092891424717e-05
1.372 4.968119863732e-06 4.2508735248934e-05
1.568 1.2707044992221e-06 4.8198588674588e-05
1.764 -6.242483137328e-06 5.2278323342224e-05
1.96 -1.7656410735218e-05 5.4890784711903e-05
2.156 -3.2035864202442e-05 5.6033042285266e-05
2.352 -4.7059931315097e-05 5.5702584439465e-05
2.548 -5.9525366247303e-05 5.4113474130866e-05
2.744 -6.6951083572504e-05 5.1731316960766e-05
2.94 -6.8830523785617e-05 4.9078095332924e-05
3.136 -6.6267202790924e-05 4.6458897904933e-05
3.332 -6.0557787457689e-05 4.3873578838662e-05
3.528 -5.2376565924501e-05 4.1192518949479e-05
3.724 -4.2236126533127e-05 3.8372227668435e-05
3.92 -3.1301997657089e-05 3.5488900160976e-05
4.116 -2.1463776186444e-05 3.2628263574305e-05
4.312 -1.4513290323664e-05 2.9808178682788e-05
4.508 -1.1184756640656e-05 2.6997852196116e-05
4.704 -1.0867291061079e-05 2.4172621740999e-05
4.9 -1.2101271546212e-05 2.1350718991331e-05
5.096 -1.3420683173564e-05 1.8605648741762e-05
5.292 -1.3893644703367e-05 1.6049680635173e-05
5.488 -1.3189726836986e-05 1.377938638288e-05
5.684 -1.1370505272536e-05 1.18149366026e-05
5.88 -8.7466774140035e-06 1.0092913026729e-05
6.076 -5.8026090461291e-06 8.5281759050578e-06
6.272 -3.0927049848233e-06 7.0797052510666e-06
6.468 -1.0729165307418e-06 5.7561754168575e-06
6.664 3.6778163188527e-08 4.5786055147916e-06
6.86 2.979163827427e-07 3.5562943756886e-06
7.056 -2.9353410895767e-08 2.6939403712334e-06
7.252 -6.1504751893037e-07 2.0004754987799e-06
7.448 -1.1681204244358e-06 1.4798676847896e-06
7.644 -1.4977987509158e-06 1.1161560548103e-06
7.84 -1.5400066932315e-06 8.7020609791604e-07
8.036 -1.3431462834686e-06 6.9331168610828e-07
8.232 -1.0186200891463e-06 5.4753827460749e-07
8.428 -6.7990429208678e-07 4.1603010306554e-07
8.624 -4.034037813727e-07 2.9903986848667e-07
8.82 -2.1798827595701e-07 2.036889679251e-07
9.016 -1.1578533991683e-07 1.3523813539406e-07
9.212 -7.0538531780963e-08 9.2565561110576e-08
9.408 -5.4092669327277e-08 6.7738112715243e-08
9.604 -4.6441285302416e-08 5.0921932706403e-08
