0 0 0
0.196 4.0770975040771e-05 1.7455847969136e-05
0.392 0.00013014847189072 5.1801329538959e-05
0.588 0.00020000025295236 7.7059080682768e-05
0.784 0.00021181054135427 8.7324928658034e-05
0.98 0.00018267885940103 8.8190853520762e-05
1.176 0.00014448013482011 8.5077775906168e-05
1.372 0.00011603130067054 8.0746066502838e-05
1.568 9.8140288318431e-05 7.6775159147538e-05
1.764 7.1748134965988e-05 7.3964954681299e-05
1.96 3.260074166116e-05 7.2171170020358e-05
2.156 1.439978846275e-05 7.0465749729745e-05
2.352 4.2915113921422e-05 6.7573072607407e-05
2.548 8.9052352271493e-05 6.35473465856e-05
2.744 9.6574414612112e-05 6.0663576540813e-05
2.94 5.1173725369151e-05 5.9234843790421e-05
3.136 -2.90809738258e-06 5.7865872060137e-05
3.332 -1.7285448924987e-05 5.6094769074075e-05
3.528 1.8770457669456e-05 5.3823529401965e-05
3.724 8.5164527480494e-05 5.1204299921231e-05
3.92 0.00014824597986455 4.8678266395947e-05
4.116 0.00017974694597104 4.6976556276832e-05
4.312 0.00017628439912218 4.6206704340812e-05
4.508 0.00016134663960791 4.5394057417992e-05
4.704 0.00016375173074106 4.3920094064729e-05
4.9 0.00018960890158668 4.0983117113515e-05
5.096 0.00022281011063348 3.7206796771823e-05
5.292 0.00024976999910966 3.4208913003495e-05
5.488 0.00027100189228361 3.1726889667735e-05
5.684 0.00029111864542708 2.949212157171e-05
5.88 0.00030515987539739 2.795125953363e-05
6.076 0.00029975891572171 2.5867008133325e-05
6.272 0.000271156428097 2.2605291123448e-05
6.468 0.00023112224717195 1.9198780401344e-05
6.664 0.000191360476608 1.6405632835155e-05
6.86 0.00015354022731141 1.4106813949341e-05
7.056 0.00011565550745787 1.1940147123975e-05
7.252 8.0444436176075e-05 9.812639716959e-06
7.448 5.2277760593983e-05 7.9892350441841e-06
7.644 3.1204661152539e-05 6.5850140890235e-06
7.84 1.5540253241194e-05 5.3909934289727e-06
8.036 5.6853548472997e-06 4.1119585094193e-06
8.232 1.4994516967696e-06 2.7502416325784e-06
8.428 4.446469272623e-07 1.6470362806826e-06
8.624 1.9586964960234e-07 1.0306321405684e-06
8.82 1.3539336061968e-07 8.2374204181589e-07
9.016 2.4804429130563e-07 7.3377841204622e-07
9.212 3.3328704888694e-07 5.6443615094508e-07
9.408 2.4472691310517e-07 3.2315136894946e-07
9.604 9.0787408022e-08 1.3178733140986e-07
