0 0 0
0.196 -3.6688566831631e-06 2.281928948988e-05
0.392 -4.8864379011619e-06 4.2200681647556e-05
0.588 -2.7639082542633e-06 5.6020251853876e-05
0.784 1.3206180964324e-06 6.3933839094021e-05
0.98 4.8007544214508e-06 6.6959830951104e-05
1.176 5.9606103299487e-06 6.6669853053124e-05
1.372 4.9754918058048e-06 6.4444696331163e-05
1.568 3.2824845164609e-06 6.1120997954742e-05
1.764 2.2177434547414e-06 5.7116151613148e-05
1.96 2.2049585383671e-06 5.2761590981936e-05
2.156 2.9933994706764e-06 4.845506365601e-05
2.352 4.3499819545473e-06 4.4535892784267e-05
2.548 6.3442620721775e-06 4.111899611391e-05
2.744 9.0849271420929e-06 3.8108896492582e-05
2.94 1.2303434477117e-05 3.5345071216715e-05
3.136 1.5238550726753e-05 3.2704471045493e-05
3.332 1.6999596280226e-05 3.0101803915425e-05
3.528 1.709358343447e-05 2.7466535975285e-05
3.724 1.5605202545815e-05 2.4776789490036e-05
3.92 1.2928490926875e-05 2.2111440760705e-05
4.116 9.3934928510307e-06 1.9647355573522e-05
4.312 5.1184774036477e-06 1.7589418345682e-05
4.508 2.0386346829463e-07 1.6046629315755e-05
4.704 -4.9716807143981e-06 1.4937059564359e-05
4.9 -9.6295144419946e-06 1.4059586020796e-05
5.096 -1.2838675480627e-05 1.3245793978557e-05
5.292 -1.396705097577e-05 1.2399505768526e-05
5.488 -1.3015614138292e-05 1.1460928074177e-05
5.684 -1.0611502656428e-05 1.0410474712367e-05
5.88 -7.7454206300789e-06 9.2824502659492e-06
6.076 -5.3372971937797e-06 8.1401586912583e-06
6.272 -3.8528768215771e-06 7.03844794154e-06
6.468 -3.2230370698291e-06 6.0083038184902e-06
6.664 -3.0955094084944e-06 5.0643813737407e-06
6.86 -3.1369013801396e-06 4.2155481563868e-06
7.056 -3.158243412526e-06 3.4682134097381e-06
7.252 -3.0851466473311e-06 2.8233405315307e-06
7.448 -2.8945058847986e-06 2.2738616900597e-06
7.644 -2.5894855648861e-06 1.8065790654204e-06
7.84 -2.1959783226592e-06 1.4083732311574e-06
8.036 -1.7568234853902e-06 1.0727054615276e-06
8.232 -1.3188943799984e-06 8.004115838777e-07
8.428 -9.2419970358784e-07 5.9192550471494e-07
8.624 -6.0292278216785e-07 4.3881506354669e-07
8.82 -3.672713351388e-07 3.2455664420477e-07
9.016 -2.1100683561153e-07 2.3373846473821e-07
9.212 -1.1693467950601e-07 1.590244418102e-07
9.408 -6.5045967359267e-08 1.0007671410288e-07
9.604 -3.9228777136028e-08 5.834119980747e-08
