0 0 0
0.196 8.3246414463192e-07 3.8588329052126e-06
0.392 -2.6859924174703e-07 2.2727001616075e-05
0.588 -2.6271657584778e-05 4.9468483565559e-05
0.784 -9.2033484124993e-05 7.0185337321482e-05
0.98 -0.0001588235490975 8.0640223666479e-05
1.176 -0.00016877581150217 8.350163637194e-05
1.372 -0.00011511677595927 8.310318022215e-05
1.568 -3.3198428820893e-05 8.2760321841148e-05
1.764 4.2890221874364e-05 8.1302121477066e-05
1.96 8.9989822229479e-05 7.7283539034494e-05
2.156 0.00010135444910885 7.2463506503477e-05
2.352 9.552057209061e-05 6.9514119496441e-05
2.548 9.2385494364307e-05 6.8158832781353e-05
2.744 8.4701964313006e-05 6.6322104706886e-05
2.94 5.9012902845911e-05 6.368993766225e-05
3.136 2.6198073638825e-05 6.0832364579633e-05
3.332 9.7867833620526e-06 5.8256846835314e-05
3.528 1.6921800948962e-05 5.6173706737461e-05
3.724 3.1064013525538e-05 5.4297295637504e-05
3.92 3.0343952389541e-05 5.1062235973988e-05
4.116 6.9882944072437e-06 4.6869227861882e-05
4.312 -2.9534701979124e-05 4.3663639604865e-05
4.508 -6.0708140541132e-05 4.1541298137264e-05
4.704 -7.1302597482051e-05 3.8972212189182e-05
4.9 -5.9348218235936e-05 3.5079443956089e-05
5.096 -3.3722447125224e-05 3.0643830386164e-05
5.292 -8.0624266608304e-06 2.6584228794032e-05
5.488 4.6601618337135e-06 2.3100176769712e-05
5.684 1.9975998747502e-06 2.0323745599927e-05
5.88 -6.9989275305064e-06 1.7895094005928e-05
6.076 -1.2961981842268e-05 1.5478640215726e-05
6.272 -1.3171523699843e-05 1.3099354314199e-05
6.468 -1.0497000453225e-05 1.0766583543083e-05
6.664 -8.5084213760806e-06 8.4900015259403e-06
6.86 -7.0315991397409e-06 6.4492792847493e-06
7.056 -4.6018408417083e-06 4.7616521763399e-06
7.252 -2.3940767589746e-06 3.5305965120913e-06
7.448 -1.7397977987484e-06 2.7381704346329e-06
7.644 -1.7459384422288e-06 2.1227490975796e-06
7.84 -1.2793213348139e-06 1.5527223781712e-06
8.036 -5.2984292452986e-07 1.1151368280514e-06
8.232 -6.5066304285436e-08 8.5563473992172e-07
8.428 7.7073824437637e-08 6.8999499032265e-07
8.624 1.7699174639581e-07 5.7102018676987e-07
8.82 2.8116577470843e-07 4.4951680727048e-07
9.016 2.5953957539917e-07 2.9371723737591e-07
9.212 1.4097077100733e-07 1.4583952453191e-07
9.408 4.4745615179133e-08 5.4777683266569e-08
9.604 6.8942962344183e-09 1.6735128423207e-08
