0 0 0
0.196 -3.9600002008827e-06 4.3045094102651e-06
0.392 -1.7112635821735e-05 1.5740367216568e-05
0.588 -4.2159147653094e-05 3.0753785719179e-05
0.784 -8.0846569301261e-05 4.5428875166685e-05
0.98 -0.00013238496469507 5.6932480648201e-05
1.176 -0.00019438952610034 6.4086029936682e-05
1.372 -0.00026518654628524 6.7188587527888e-05
1.568 -0.00034547927379947 6.7412470748311e-05
1.764 -0.00043828239571132 6.6128865816513e-05
1.96 -0.00054722411948206 6.4416270389405e-05
2.156 -0.0006744379265551 6.2822855275101e-05
2.352 -0.00081907593268429 6.1364450510362e-05
2.548 -0.00097671335636371 5.9733509048412e-05
2.744 -0.001139720652188 5.7621791318071e-05
2.94 -0.0012985992372069 5.4939238136066e-05
3.136 -0.001444027616401 5.1790695419377e-05
3.332 -0.0015687525468965 4.8332767514845e-05
3.528 -0.001667935009561 4.4688496127122e-05
3.724 -0.0017377548295334 4.0944958333132e-05
3.92 -0.0017739748433248 3.7189004873331e-05
4.116 -0.0017721019498877 3.3527078251676e-05
4.312 -0.0017292065771883 3.0067841693295e-05
4.508 -0.0016458785569111 2.6906301706055e-05
4.704 -0.0015268762143784 2.4097066872867e-05
4.9 -0.0013802333758831 2.1606011330175e-05
5.096 -0.0012156503513282 1.9317684633499e-05
5.292 -0.0010429411191618 1.7118128373654e-05
5.488 -0.00087095591314142 1.4956402299575e-05
5.684 -0.00070708292578044 1.2839389125383e-05
5.88 -0.00055713386795756 1.0806354090068e-05
6.076 -0.00042533307793535 8.9135338778233e-06
6.272 -0.00031419489417952 7.2197132015574e-06
6.468 -0.00022441646824224 5.7647011050482e-06
6.664 -0.00015500864121967 4.5502578700926e-06
6.86 -0.00010367628320634 3.5457982102271e-06
7.056 -6.7330234107043e-05 2.7180091078832e-06
7.252 -4.2630437593742e-05 2.0509990962616e-06
7.448 -2.6443283536273e-05 1.5396106377788e-06
7.644 -1.6142313233488e-05 1.1715406428036e-06
7.84 -9.7255610170386e-06 9.1640013772959e-07
8.036 -5.7846564986602e-06 7.3038867500754e-07
8.232 -3.3880547017147e-06 5.7535521701983e-07
8.428 -1.944740009072e-06 4.338981427346e-07
8.624 -1.0885851531554e-06 3.0710165113726e-07
8.82 -5.9425768103174e-07 2.0275164743356e-07
9.016 -3.2083473927116e-07 1.2608095559575e-07
9.212 -1.7753546417811e-07 7.6885185903327e-08
9.408 -1.0541426777756e-07 4.9913405135272e-08
9.604 -6.8105319051331e-08 3.5917182541374e-08
