0 0 0
0.196 4.0184953542481e-07 3.8679608850539e-07
0.392 3.0925225766105e-06 2.8007298990648e-06
0.588 9.6641128057324e-06 8.132680435933e-06
0.784 2.0114533250708e-05 1.5893315664998e-05
0.98 3.2103133766553e-05 2.4772774893482e-05
1.176 4.1549556582134e-05 3.3344905175521e-05
1.372 4.5074601236392e-05 4.0544954488234e-05
1.568 4.2171517592287e-05 4.5872493807032e-05
1.764 3.4803084348915e-05 4.9336723439582e-05
1.96 2.5307334163843e-05 5.121907108001e-05
2.156 1.516477375177e-05 5.1823870353355e-05
2.352 5.1752609273956e-06 5.1383897071276e-05
2.548 -4.0160453728027e-06 5.0108887450104e-05
2.744 -1.1626027557284e-05 4.8223704983801e-05
2.94 -1.6648417539269e-05 4.5938493353386e-05
3.136 -1.8104846678182e-05 4.3415414844177e-05
3.332 -1.5589886441665e-05 4.0775928957831e-05
3.528 -9.6848179198365e-06 3.8115452933329e-05
3.724 -1.8255257580227e-06 3.5495865862067e-05
3.92 6.3303246672067e-06 3.293181686054e-05
4.116 1.3456126707191e-05 3.0381590521674e-05
4.312 1.8632934732899e-05 2.778050882505e-05
4.508 2.1223424541529e-05 2.5118037418824e-05
4.704 2.0978609972374e-05 2.2461743289099e-05
4.9 1.8327418339722e-05 1.9906389139928e-05
5.096 1.4348877805763e-05 1.7529871043518e-05
5.292 1.0211989268002e-05 1.5380434958429e-05
5.488 6.6432886377546e-06 1.3457642041335e-05
5.684 3.8807413944214e-06 1.1707226928972e-05
5.88 1.8893389948605e-06 1.0065246126885e-05
6.076 5.4519221072599e-07 8.5138287329097e-06
6.272 -3.2062698039628e-07 7.0828702419635e-06
6.468 -9.0686378572153e-07 5.8032582058348e-06
6.664 -1.3732087385426e-06 4.6773713901947e-06
6.86 -1.7666974372763e-06 3.6932907538104e-06
7.056 -2.0243412472257e-06 2.8468290717419e-06
7.252 -2.055233360324e-06 2.142064602056e-06
7.448 -1.8444305135607e-06 1.5800378550858e-06
7.644 -1.4848327950761e-06 1.1521407637681e-06
7.84 -1.1110322038673e-06 8.3979181847505e-07
8.036 -8.1815724399043e-07 6.1823189172449e-07
8.232 -6.3092371555089e-07 4.6404560248691e-07
8.428 -5.201960184174e-07 3.5829476090269e-07
8.624 -4.408442339642e-07 2.8238600556961e-07
8.82 -3.6144574936856e-07 2.1919304087458e-07
9.016 -2.7453295427483e-07 1.6057311100565e-07
9.212 -1.8808329719497e-07 1.0764935552517e-07
9.408 -1.1725358656329e-07 6.6119941580529e-08
9.604 -5.7227776201312e-08 3.2763399537958e-08
