0 0 0
0.196 0.00089950358551261 7.5082590572021e-05
0.392 0.0031823716999536 0.00025320037706251
0.588 0.0058820391118679 0.00043717282852733
0.784 0.0080256149052561 0.00055313093861246
0.98 0.0090824764395513 0.00058414217142684
1.176 0.0090543806461103 0.00055386835615172
1.372 0.0082615522466302 0.00049486338668435
1.568 0.0070959764547257 0.00042958378283918
1.764 0.0058706842616643 0.00036707819491193
1.96 0.0047636088779695 0.00030930385543836
2.156 0.0038328644939208 0.00025728999429182
2.352 0.0030720474499473 0.00021196175046773
2.548 0.0024538450885038 0.00017306454685158
2.744 0.0019551405062769 0.00013997212355953
2.94 0.0015565051654953 0.00011322722450874
3.136 0.0012397042014009 9.3559252611012e-05
3.332 0.00098614441339834 7.9388699709287e-05
3.528 0.0007792153523477 6.7474680535102e-05
3.724 0.00060695462354221 5.6159267173319e-05
3.92 0.00046358240929838 4.6327073613532e-05
4.116 0.00034769581915705 3.9261722959827e-05
4.312 0.00025742972093922 3.4432696244732e-05
4.508 0.00018871375237165 3.0077735169341e-05
4.704 0.00013677553199315 2.5120906341991e-05
4.9 9.7367380817376e-05 1.9669094816461e-05
5.096 6.754622638037e-05 1.4454996656717e-05
5.292 4.5507701103016e-05 1.0163876459093e-05
5.488 2.9815951209239e-05 7.0369297939722e-06
5.684 1.910606256112e-05 4.896435498715e-06
5.88 1.2058320025118e-05 3.4300709697018e-06
6.076 7.6607290458819e-06 2.4161086895715e-06
6.272 5.12329564748e-06 1.7836290529578e-06
6.468 3.8426061883757e-06 1.5784977833416e-06
6.664 3.2785200950522e-06 1.6874777170113e-06
6.86 3.0028684602574e-06 1.8114586106659e-06
7.056 2.7031590358201e-06 1.757974165949e-06
7.252 2.2546161657216e-06 1.5028927935898e-06
7.448 1.7105064616344e-06 1.1284669888786e-06
7.644 1.1949280146423e-06 7.5299355963865e-07
7.84 8.0269453621731e-07 4.7679196575388e-07
8.036 5.5095343174557e-07 3.4250766979419e-07
8.232 3.9719104170439e-07 2.9426176547464e-07
8.428 2.9041130162232e-07 2.5034197973054e-07
8.624 2.0168120279875e-07 1.8877543323711e-07
8.82 1.2594327416126e-07 1.2255866971096e-07
9.016 6.8806420574646e-08 6.8086299961609e-08
9.212 3.2859485605636e-08 3.2785110600844e-08
9.408 1.3129217103663e-08 1.3137660924838e-08
9.604 4.5382003556858e-09 4.5351344797184e-09
