0 0 0
0.196 -1.9798431444588e-08 2.9548844294275e-08
0.392 -3.5382320978945e-07 4.4247759437582e-07
0.588 -1.4731971227382e-06 1.8796088978953e-06
0.784 -3.660274480107e-06 4.7686345757851e-06
0.98 -6.8419709206416e-06 9.0543832924695e-06
1.176 -1.0957120448157e-05 1.4267612379841e-05
1.372 -1.6273105432727e-05 1.973870001758e-05
1.568 -2.2750822437284e-05 2.4854624657489e-05
1.764 -2.9138308366897e-05 2.9237847525728e-05
1.96 -3.3308300172717e-05 3.2737752227996e-05
2.156 -3.3588835948596e-05 3.5313739910191e-05
2.352 -2.9544905394676e-05 3.6969636307391e-05
2.548 -2.1552066033237e-05 3.7778030753269e-05
2.744 -9.9639621059461e-06 3.79091618187e-05
2.94 5.2002683953017e-06 3.756467583674e-05
3.136 2.3976609910211e-05 3.6857333240875e-05
3.332 4.5977663858168e-05 3.5787018074134e-05
3.528 7.0301828800869e-05 3.4331382278581e-05
3.724 9.587940370615e-05 3.2536391596444e-05
3.92 0.0001217233619673 3.0522431183216e-05
4.116 0.00014696407739681 2.8413573567189e-05
4.312 0.00017078679310473 2.6281058350774e-05
4.508 0.00019223594828048 2.4156029125687e-05
4.704 0.00020999803134809 2.2056380268613e-05
4.9 0.00022235559898507 1.9988468374953e-05
5.096 0.00022744082299563 1.7954604190669e-05
5.292 0.00022379074121277 1.5975008332545e-05
5.488 0.00021108065666553 1.4079823034584e-05
5.684 0.00019054029016679 1.2280272508657e-05
5.88 0.00016463317453514 1.0565508164465e-05
6.076 0.00013625009568283 8.9327654005157e-06
6.272 0.00010800183617107 7.406454363765e-06
6.468 8.1880961463587e-05 6.0262834202103e-06
6.664 5.9210694525065e-05 4.8234766408823e-06
6.86 4.068470765858e-05 3.8089855201225e-06
7.056 2.6423405257136e-05 2.9758293465086e-06
7.252 1.6088045746022e-05 2.3079122021352e-06
7.448 9.058814482342e-06 1.785594908768e-06
7.644 4.6129917264648e-06 1.3849596872427e-06
7.84 2.0471716778248e-06 1.0770746870032e-06
8.036 7.35045581578e-07 8.3447575753767e-07
8.232 1.6406127082787e-07 6.3878550704668e-07
8.428 -3.3914359322129e-08 4.8055564649736e-07
8.624 -7.7530347314489e-08 3.5448415816997e-07
8.82 -6.8129167490529e-08 2.5672683459231e-07
9.016 -4.3296354026675e-08 1.8387306433268e-07
9.212 -1.7360751187297e-08 1.3153197277987e-07
9.408 1.6113535035098e-09 9.38908751009e-08
9.604 1.0259179058122e-08 6.5448916047574e-08
