0 0.0146668246707 0.00018722115893985
0.196 0.014660631707258 0.0001820449565543
0.392 0.014642492132121 0.00016809960032732
0.588 0.014613087805336 0.00014931165811862
0.784 0.014571464304559 0.00013000591921508
0.98 0.014513119046045 0.00011319178130082
1.176 0.014430002208056 9.9903624775599e-05
1.372 0.014313036804827 8.9746869240145e-05
1.568 0.014155587416782 8.1918917823271e-05
1.764 0.013955519510136 7.5741300920113e-05
1.96 0.013714510791041 7.0642619555288e-05
2.156 0.013435513003378 6.6129314520095e-05
2.352 0.013120740155345 6.189286045707e-05
2.548 0.012771338997554 5.7833067758153e-05
2.744 0.012387728136904 5.3932355194835e-05
2.94 0.011969551033213 5.0146511043168e-05
3.136 0.011515616602364 4.6424619277051e-05
3.332 0.011024282058933 4.2769727503273e-05
3.528 0.010493949693477 3.9243710528126e-05
3.724 0.0099234849446349 3.5938763962365e-05
3.92 0.0093127343342937 3.295559620532e-05
4.116 0.0086634275557176 3.038667161932e-05
4.312 0.0079802541003673 2.8275429580796e-05
4.508 0.0072711851083796 2.6568954707083e-05
4.704 0.00654664887211 2.5126878550674e-05
4.9 0.0058182910123097 2.3788002532256e-05
5.096 0.0050979915188116 2.2433734817793e-05
5.292 0.0043974175669894 2.1010939875585e-05
5.488 0.0037279762465258 1.950655932969e-05
5.684 0.003100696806849 1.7906959964687e-05
5.88 0.0025256853574419 1.6184418247531e-05
6.076 0.0020113637889327 1.4331781756656e-05
6.272 0.0015637047808375 1.2401233861892e-05
6.468 0.0011854929711012 1.0491546517969e-05
6.664 0.00087586579332991 8.6988682696126e-06
6.86 0.00063042976440361 7.0807315719452e-06
7.056 0.0004420662789875 5.6602332969817e-06
7.252 0.00030208238813473 4.4468017596516e-06
7.448 0.00020132025511889 3.4432689595388e-06
7.644 0.00013102701956404 2.6389206739327e-06
7.84 8.3444136548064e-05 2.0070806110748e-06
8.036 5.2131325193025e-05 1.5149785411049e-06
8.232 3.2043580557714e-05 1.1338893883759e-06
8.428 1.9433045241127e-05 8.4161190134294e-07
8.624 1.1646877336845e-05 6.2189826598951e-07
8.82 6.8938059687778e-06 4.6292589042029e-07
9.016 4.015053473655e-06 3.5117969231248e-07
9.212 2.2860162030131e-06 2.6809998452708e-07
9.408 1.2613393747987e-06 1.9806719462171e-07
9.604 6.6798843871308e-07 1.363063616864e-07
