0 0 0
0.196 0.00013150381426092 0.00060217643877522
0.392 0.00015287123539891 0.0010091989621593
0.588 -2.2259876300571e-06 0.0011469707688521
0.784 -0.00029601996828383 0.0010720001301075
0.98 -0.00058633432623502 0.00089088147998062
1.176 -0.00073757746818525 0.00068933347706412
1.372 -0.00070163939869327 0.00051492608771607
1.568 -0.00053102920768651 0.00038335909067098
1.764 -0.00032733725334722 0.00028912237535172
1.96 -0.00017120025731956 0.00022124325374152
2.156 -9.2059735087218e-05 0.00017348243966828
2.352 -6.9057146485109e-05 0.00014162304949674
2.548 -6.3404753546672e-05 0.00011963839153204
2.744 -4.7926863381304e-05 0.00010246214968456
2.94 -1.6750801462702e-05 8.8315545934455e-05
3.136 2.0494996153843e-05 7.6990708634837e-05
3.332 5.0676414123991e-05 6.7930861158803e-05
3.528 6.6692117310592e-05 5.9906982577173e-05
3.724 6.9238496375452e-05 5.184657885558e-05
3.92 6.3337932582683e-05 4.366726063482e-05
4.116 5.4708699053049e-05 3.6082944259095e-05
4.312 4.6837366207413e-05 2.968377506325e-05
4.508 4.0529844060481e-05 2.4325389287134e-05
4.704 3.5137549303823e-05 1.9583712850286e-05
4.9 2.9618454709832e-05 1.5419041478523e-05
5.096 2.3661321320127e-05 1.1991764504765e-05
5.292 1.7749456230676e-05 9.2323506725001e-06
5.488 1.2614832437073e-05 6.9469540495024e-06
5.684 8.5850686157167e-06 5.0591350871638e-06
5.88 5.5837974157925e-06 3.5809225692723e-06
6.076 3.4804587272358e-06 2.5103895731552e-06
6.272 2.0979265322253e-06 1.8475438033409e-06
6.468 1.2551395516216e-06 1.649182338663e-06
6.664 7.3073608502321e-07 1.794093078317e-06
6.86 3.4679038689285e-07 1.9630528860607e-06
7.056 1.2862001141029e-08 1.9437996317004e-06
7.252 -2.628956379605e-07 1.6965728299625e-06
7.448 -4.3582203744377e-07 1.2997050924222e-06
7.644 -5.009754193896e-07 8.8197452916137e-07
7.84 -4.9326898778128e-07 5.6157972172066e-07
8.036 -4.4967816637382e-07 3.9647179672025e-07
8.232 -3.869666882012e-07 3.3425225483342e-07
8.428 -3.0911783107813e-07 2.8257418484218e-07
8.624 -2.226086601725e-07 2.1273764670297e-07
8.82 -1.4119000023113e-07 1.381047174039e-07
9.016 -7.7582226944929e-08 7.6747107220514e-08
9.212 -3.7033114448515e-08 3.6935025057503e-08
9.408 -1.4816263768337e-08 1.4826685443033e-08
9.604 -5.1272289936808e-09 5.123467060728e-09
