0 0 0
0.196 8.4717778697512e-09 1.9895188953918e-08
0.392 1.7737619367413e-07 2.9828819079894e-07
0.588 7.4805374070466e-07 1.2767964053121e-06
0.784 1.8733058501366e-06 3.2656719742673e-06
0.98 3.5789896128909e-06 6.2503363069772e-06
1.176 6.0110561315442e-06 9.9236125099072e-06
1.372 9.5033305029231e-06 1.3809921677426e-05
1.568 1.4123033334079e-05 1.7412044254064e-05
1.764 1.9233635994121e-05 2.0364055889042e-05
1.96 2.3770439896413e-05 2.2536048825422e-05
2.156 2.7003871231883e-05 2.4013040171453e-05
2.352 2.8952960123657e-05 2.495636124617e-05
2.548 3.0101332587724e-05 2.5473460807739e-05
2.744 3.0961900068247e-05 2.5604244499384e-05
2.94 3.2026956163933e-05 2.5380958132459e-05
3.136 3.3953715088927e-05 2.485865939609e-05
3.332 3.7641518942009e-05 2.4097539153712e-05
3.528 4.3990308580958e-05 2.3141660429951e-05
3.724 5.3354718190775e-05 2.2029539162599e-05
3.92 6.5256421556838e-05 2.0824669235856e-05
4.116 7.8720804107267e-05 1.9605900160564e-05
4.312 9.2743950419209e-05 1.8408132970193e-05
4.508 0.00010637083705221 1.7201346763767e-05
4.704 0.00011851632351423 1.5945325030532e-05
4.9 0.00012786050078128 1.4640270192524e-05
5.096 0.00013300323256018 1.3314718498508e-05
5.292 0.00013283464796695 1.1993254540093e-05
5.488 0.00012693170213941 1.0684702773645e-05
5.684 0.00011584039273685 9.3971881797157e-06
5.88 0.00010101492055495 8.1530505376454e-06
6.076 8.4361043943817e-05 6.982618492705e-06
6.272 6.7669512893917e-05 5.9065178796094e-06
6.468 5.2268736203289e-05 4.9287794290913e-06
6.664 3.8935278249134e-05 4.0474423555617e-06
6.86 2.7977600253544e-05 3.2661935219268e-06
7.056 1.9378304424064e-05 2.5929397500075e-06
7.252 1.2929273530884e-05 2.0285678005882e-06
7.448 8.3210338426027e-06 1.5619506534125e-06
7.644 5.2005403771795e-06 1.1789759476153e-06
7.84 3.2096502419593e-06 8.72394061538e-07
8.036 2.0149870612308e-06 6.3901243679011e-07
8.232 1.3322335635896e-06 4.7043083302113e-07
8.428 9.4372696973068e-07 3.5055243602777e-07
8.624 7.0312766873747e-07 2.6208710969829e-07
8.82 5.2751448452745e-07 1.9294799056214e-07
9.016 3.8148480702237e-07 1.3710427953051e-07
9.212 2.5777621399161e-07 9.2560373834984e-08
9.408 1.6002646652636e-07 5.9084617229731e-08
9.604 8.9299810894298e-08 3.5831020897729e-08
