0 0 0
0.196 2.6342771426554e-07 2.6458956042776e-07
0.392 1.8198250805859e-06 1.9194330739683e-06
0.588 4.9611790758046e-06 5.5900946741906e-06
0.784 9.3321245383019e-06 1.097022043998e-05
0.98 1.4865714974217e-05 1.7187871861359e-05
1.176 2.1861411493044e-05 2.3272094496022e-05
1.372 3.0355835252329e-05 2.8472559546207e-05
1.568 3.9784213843656e-05 3.2391774470313e-05
1.764 4.8994659226836e-05 3.4961149617102e-05
1.96 5.62800710538e-05 3.6338964399131e-05
2.156 5.9713603794456e-05 3.6807312194822e-05
2.352 5.8043589430375e-05 3.6680513121147e-05
2.548 5.1552377165385e-05 3.6215339065002e-05
2.744 4.204099427192e-05 3.554822339541e-05
2.94 3.1860612215577e-05 3.4697373758752e-05
3.136 2.265514611428e-05 3.3636983006425e-05
3.332 1.4629255260694e-05 3.2384848732083e-05
3.528 6.9230164275199e-06 3.1011066202082e-05
3.724 -1.1466241261582e-06 2.9565307364722e-05
3.92 -9.1188256910175e-06 2.8050773959309e-05
4.116 -1.5616513537654e-05 2.6486888871881e-05
4.312 -1.9412779659738e-05 2.4927284893185e-05
4.508 -2.0240809762326e-05 2.3387142234369e-05
4.704 -1.8874727090753e-05 2.1807641626947e-05
4.9 -1.6745289258649e-05 2.0125572852015e-05
5.096 -1.5293218439139e-05 1.836116358508e-05
5.292 -1.5211669239122e-05 1.6613229061396e-05
5.488 -1.6088531192933e-05 1.4958212528729e-05
5.684 -1.6832787862803e-05 1.3379693959395e-05
5.88 -1.6506684688047e-05 1.1814588038883e-05
6.076 -1.4894568248739e-05 1.0240367956395e-05
6.272 -1.2463365908829e-05 8.6955237312072e-06
6.468 -9.8587697734494e-06 7.2411018197644e-06
6.664 -7.5004613318235e-06 5.9225193702714e-06
6.86 -5.5354339240968e-06 4.7617395544891e-06
7.056 -3.9974068668714e-06 3.7675195649665e-06
7.252 -2.8924846073487e-06 2.9420322186189e-06
7.448 -2.1741409100724e-06 2.2797096395238e-06
7.644 -1.723344770887e-06 1.7630530233986e-06
7.84 -1.3980328699611e-06 1.3634732389646e-06
8.036 -1.1059705094964e-06 1.0506491392281e-06
8.232 -8.2713126118014e-07 8.0178328951073e-07
8.428 -5.8492235146123e-07 6.0368954223411e-07
8.624 -4.0505402783619e-07 4.5061605261411e-07
8.82 -2.9104888517723e-07 3.3943855366515e-07
9.016 -2.2345117944774e-07 2.6209461867408e-07
9.212 -1.7644291941133e-07 2.0386733709029e-07
9.408 -1.3342309565376e-07 1.5253325416536e-07
9.604 -9.1609131680093e-08 1.0530167540844e-07
