0 0 0
0.196 -2.9100665693602e-06 3.7210149913097e-06
0.392 -1.3847781736295e-05 2.5399463073054e-05
0.588 -1.2817297010316e-05 6.8044340657186e-05
0.784 2.2893707439908e-05 0.00012074119846126
0.98 9.2363432698464e-05 0.00016874146016159
1.176 0.00017615600171461 0.00020198033811857
1.372 0.00024720550160805 0.00021762027722895
1.568 0.00028301395527277 0.00021784149084761
1.764 0.00027554332291652 0.00020693315878631
1.96 0.00023321771897846 0.00018983032717462
2.156 0.00017522887043282 0.00017085235176065
2.352 0.00011864119498916 0.00015213449102449
2.548 7.152549560601e-05 0.00013362364176567
2.744 3.6034990871946e-05 0.00011497599089605
2.94 1.2079912993737e-05 9.7144159556682e-05
3.136 3.9271437159642e-07 8.2037671931287e-05
3.332 2.5116706541411e-06 7.0696356698411e-05
3.528 1.6698711195081e-05 6.2189027684506e-05
3.724 3.5889476538179e-05 5.4849682248234e-05
3.92 5.0216901339301e-05 4.7816003813811e-05
4.116 5.320165593432e-05 4.0966157483726e-05
4.312 4.5255307513918e-05 3.4389668717844e-05
4.508 3.1108122166868e-05 2.8314083715309e-05
4.704 1.6053916121666e-05 2.3056749013012e-05
4.9 3.5993534207706e-06 1.8762811002246e-05
5.096 -4.7522473205611e-06 1.5340588993924e-05
5.292 -8.947760605407e-06 1.2636601600192e-05
5.488 -9.838609719266e-06 1.0527847931068e-05
5.684 -8.5797421753096e-06 8.8849665104385e-06
5.88 -6.2716489348426e-06 7.5523863416544e-06
6.076 -3.8096941464592e-06 6.3569721702124e-06
6.272 -1.8395609778941e-06 5.1550637757636e-06
6.468 -6.307126867035e-07 3.9211831814047e-06
6.664 -1.0024868477304e-07 2.7830131363693e-06
6.86 1.2237536678336e-08 1.9575191909264e-06
7.056 -1.4853874254054e-08 1.5805696768562e-06
7.252 -3.3832276329745e-08 1.4836711614347e-06
7.448 -1.3013145743979e-08 1.3811886335332e-06
7.644 2.4563573642517e-08 1.1623982234669e-06
7.84 4.8507934389739e-08 8.6052508222112e-07
8.036 5.2356935629853e-08 5.5658659465796e-07
8.232 4.2284850474256e-08 3.1385847542516e-07
8.428 2.6684435815477e-08 1.5363870407907e-07
8.624 1.3304428609467e-08 6.4833403620022e-08
8.82 5.8200571585093e-09 2.3822678230542e-08
9.016 2.029164383677e-09 7.43073192884e-09
9.212 6.1924236797856e-10 1.9628552645198e-09
9.408 1.6390499688755e-10 4.2392588548761e-10
9.604 1.4470250208354e-11 5.0574921421863e-11
