0 0 0
0.196 -1.1598390138809e-05 9.0742658208189e-05
0.392 -1.9537462840341e-05 0.00013720739447823
0.588 -2.0145830143178e-05 0.00014449537923403
0.784 -2.034436493584e-05 0.0001387054659148
0.98 -2.4885798507697e-05 0.00012887314648358
1.176 -8.3720854947746e-06 0.00011707822059373
1.372 4.9133556320693e-05 0.00010595523480517
1.568 0.00010653307172816 9.6233238985505e-05
1.764 0.00010623158934756 8.9402148098632e-05
1.96 5.4534551566452e-05 8.4673357084428e-05
2.156 8.5229845232995e-07 7.9096722472688e-05
2.352 -2.9786080293417e-05 7.2789761185524e-05
2.548 -4.1249034101746e-05 6.844570330448e-05
2.744 -4.0590084681459e-05 6.5500660137892e-05
2.94 -2.8222242396475e-05 6.1928416120868e-05
3.136 -1.3487555131063e-06 5.8406650650818e-05
3.332 2.8666245496189e-05 5.5235697904227e-05
3.528 3.9299891987478e-05 5.1830479447103e-05
3.724 2.7060221293937e-05 4.7860737234743e-05
3.92 1.220458553559e-05 4.3584773832179e-05
4.116 8.3666940114981e-06 4.0120063413327e-05
4.312 3.4895017339953e-06 3.7279657841598e-05
4.508 -1.6670481555662e-05 3.4514456774821e-05
4.704 -4.0651662944506e-05 3.1431899442487e-05
4.9 -4.8454163644463e-05 2.8317818880013e-05
5.096 -3.7487234726098e-05 2.6096998791163e-05
5.292 -1.8269085065343e-05 2.4398218083388e-05
5.488 -5.57801614322e-07 2.2817967691761e-05
5.684 1.2214422167776e-05 2.0946990453355e-05
5.88 1.9353188510648e-05 1.8575239164866e-05
6.076 1.9917236908074e-05 1.610823967035e-05
6.272 1.6353157314682e-05 1.3812646988578e-05
6.468 1.1976618716962e-05 1.1645383671227e-05
6.664 7.1826630548417e-06 9.4844258110934e-06
6.86 2.301529929178e-06 7.5269612177778e-06
7.056 -1.3990945453092e-06 5.8466258393372e-06
7.252 -3.6673971648386e-06 4.3782153468638e-06
7.448 -4.7488170692849e-06 3.2021982216051e-06
7.644 -4.5505089947807e-06 2.3727524695899e-06
7.84 -3.4693649303526e-06 1.7879279436129e-06
8.036 -2.1251855950472e-06 1.354246364887e-06
8.232 -8.2642698235972e-07 9.9764648528004e-07
8.428 2.296373768966e-07 7.1345021605402e-07
8.624 8.447751494774e-07 5.9818752621224e-07
8.82 1.0047233213058e-06 5.3344174672332e-07
9.016 8.4581470498789e-07 4.0380402542756e-07
9.212 5.3344087302361e-07 2.4825241653825e-07
9.408 2.4596031925876e-07 1.2097140099012e-07
9.604 8.0801402403485e-08 4.3656145767314e-08
