0 0 0
0.196 1.8600778063897e-06 8.4273793743246e-07
0.392 2.3629376761969e-05 1.0690390285419e-05
0.588 7.181919226635e-05 3.3844022183327e-05
0.784 0.00011038110520085 6.0286669301027e-05
0.98 0.00010544912088905 7.9016933575778e-05
1.176 7.5990266772029e-05 8.9087573538107e-05
1.372 6.7390143076008e-05 9.3675837130285e-05
1.568 9.7119484659261e-05 9.4726240972898e-05
1.764 0.00013388110993393 9.4486118937051e-05
1.96 0.00013588764592618 9.3547508029516e-05
2.156 9.8210667717181e-05 9.1771453966101e-05
2.352 3.672250103222e-05 9.0244311267136e-05
2.548 -3.4434863672196e-05 8.7783370883853e-05
2.744 -9.6157537423125e-05 8.3359025464446e-05
2.94 -0.00013058214799169 7.8244369343586e-05
3.136 -0.00013601811686572 7.3647960628907e-05
3.332 -0.00012033130188965 7.0101429894371e-05
3.528 -8.6955944090841e-05 6.7065870303639e-05
3.724 -4.1014850161866e-05 6.3758643437299e-05
3.92 1.0010190336337e-05 5.9750309182177e-05
4.116 6.4591467292615e-05 5.4591099865153e-05
4.312 0.00012355111641175 4.9204134905725e-05
4.508 0.00018122460706585 4.4000212483338e-05
4.704 0.00022182049647049 3.8539012484264e-05
4.9 0.00023293227630535 3.3186952221299e-05
5.096 0.0002225812559967 2.8325747615422e-05
5.292 0.0002068383395737 2.4106042127523e-05
5.488 0.00018874819050015 2.0356476507284e-05
5.684 0.00016412614256163 1.7220228145722e-05
5.88 0.00013477172745992 1.4786638026346e-05
6.076 0.00010572110429322 1.2401660738847e-05
6.272 7.9808555483442e-05 9.857537776788e-06
6.468 5.8418585980246e-05 7.5869206296044e-06
6.664 4.2392387480549e-05 5.8219375505774e-06
6.86 3.0985666463876e-05 4.5670580252044e-06
7.056 2.2578144990619e-05 3.7149538025881e-06
7.252 1.6193870079121e-05 3.0007252142122e-06
7.448 1.1367281893447e-05 2.355168868857e-06
7.644 7.6885898195354e-06 1.8446035280381e-06
7.84 4.9097975581649e-06 1.4512754981684e-06
8.036 2.9396073012683e-06 1.0473783511504e-06
8.232 1.662449104496e-06 6.755527296822e-07
8.428 8.9721576734296e-07 4.3846551740389e-07
8.624 4.8334570920407e-07 2.8550534166413e-07
8.82 3.010414135316e-07 2.1068283513071e-07
9.016 2.2358330464474e-07 1.936972964196e-07
9.212 1.5143727442084e-07 1.4529315589548e-07
9.408 7.4753704138208e-08 7.3943432369487e-08
9.604 2.4765790423812e-08 2.46943936391e-08
