0 0.012666089325123 0.00016238461677136
0.0196 0.012665940293803 0.00016232318305504
0.0392 0.012665493398805 0.00016213903847362
0.0588 0.012664749236452 0.00016183265330835
0.0784 0.012663708800613 0.00016140481331704
0.098 0.012662373482706 0.00016085662269567
0.1176 0.012660745443884 0.00016018959481434
0.1372 0.012658830539157 0.00015940630226436
0.1568 0.012656637969482 0.00015851026352553
0.1764 0.012654177809487 0.00015750538750135
0.196 0.012651460872258 0.00015639586260028
0.2156 0.012648498608885 0.00015518610163591
0.2352 0.012645302618174 0.00015388067882698
0.2548 0.012641884872401 0.00015248430902288
0.2744 0.012638256470853 0.00015100178436845
0.294 0.012634430344942 0.00014943801231357
0.3136 0.01263041821562 0.00014779797569561
0.3332 0.012626232654225 0.00014608699955388
0.3528 0.012621887026447 0.00014431077914985
0.3724 0.012617393528036 0.0001424752685312
0.392 0.012612766748376 0.00014058634118406
0.4116 0.012608021052741 0.00013864999866664
0.4312 0.012603164353583 0.00013667203439682
0.4508 0.012598212947162 0.00013465830135705
0.4704 0.012593180190181 0.00013261453312623
0.49 0.012588076467668 0.00013054612187858
0.5096 0.012582914770678 0.00012845856037491
0.5292 0.012577704132051 0.00012635706341009
0.5488 0.012572452527926 0.00012424693697324
0.5684 0.012567168099076 0.00012213345139165
0.588 0.012561857525602 0.00012002184759151
0.6076 0.012556529059115 0.00011791703006971
0.6272 0.012551185699751 0.00011582377915573
0.6468 0.012545830853631 0.00011374661839318
0.6664 0.012540471969618 0.00011168982538772
0.686 0.012535112225342 0.0001096574517739
0.7056 0.012529756002875 0.00010765319458003
0.7252 0.012524406148474 0.00010568057581152
0.7448 0.012519064379245 0.00010374278322561
0.7644 0.012513729446914 0.00010184291077991
0.784 0.01250840267665 9.9983853893575e-05
0.8036 0.012503081286124 9.8168168449996e-05
0.8232 0.012497764704654 9.6398058570155e-05
0.8428 0.012492451511029 9.4675523238832e-05
0.8624 0.012487143373018 9.3002248829612e-05
0.882 0.012481838088525 9.1379520711118e-05
0.9016 0.012476528818311 8.9808136737455e-05
0.9212 0.012471217402303 8.8288677012e-05
0.9408 0.012465895404 8.6821438314922e-05
0.9604 0.012460562531131 8.5406506432044e-05
0.98 0.012455212289357 8.4043696031227e-05
0.9996 0.012449842287495 8.2732561242837e-05
1.0192 0.012444446319943 8.1472501529069e-05
1.0388 0.012439017800318 8.0262471633964e-05
1.0584 0.012433550370942 7.910141809286e-05
1.078 0.012428039068299 7.7987944809894e-05
1.0976 0.012422475608234 7.6920451896093e-05
1.1172 0.01241685876373 7.5897233239556e-05
1.1368 0.012411177232602 7.4916227161268e-05
1.1564 0.012405422492275 7.3975716326954e-05
1.176 0.012399585293556 7.3073729563232e-05
1.1956 0.012393654819808 7.220840254868e-05
1.2152 0.01238762243329 7.1377797567067e-05
1.2348 0.012381479363619 7.0580074084315e-05
1.2544 0.012375216867466 6.9813166457981e-05
1.274 0.012368810417785 6.9075421979361e-05
1.2936 0.012362267232469 6.8364752404882e-05
1.3132 0.01235556829092 6.7679374743652e-05
1.3328 0.012348708204906 6.7017553364952e-05
1.3524 0.012341672927912 6.6377728130438e-05
1.372 0.012334450332428 6.5758484865415e-05
1.3916 0.012327031872633 6.5158519120546e-05
1.4112 0.012319415629764 6.4576372342837e-05
1.4308 0.01231156097817 6.4011713742885e-05
1.4504 0.012303484728146 6.3462459077162e-05
1.47 0.012295169916078 6.2928157887288e-05
1.4896 0.01228661404189 6.2407763908619e-05
1.5092 0.012277790411574 6.1900160913947e-05
1.5288 0.012268709092454 6.1404785120721e-05
1.5484 0.012259353008725 6.0920659949545e-05
1.568 0.012249711435043 6.0447223571774e-05
1.5876 0.012239801204019 5.9984464065848e-05
1.6072 0.012229588706612 5.9530321719659e-05
1.6268 0.012219082492347 5.9085731773081e-05
1.6464 0.012208286387705 5.8649237997964e-05
1.666 0.012197167500404 5.8221879498164e-05
1.6856 0.012185758129622 5.7801507620937e-05
1.7052 0.01217403675505 5.7388229925733e-05
1.7248 0.012162003403089 5.6981469504207e-05
1.7444 0.012149660029656 5.6580828243325e-05
1.764 0.012137008633556 5.6185930097331e-05
1.7836 0.012124058263154 5.5796539084877e-05
1.8032 0.012110787737076 5.5412128710302e-05
1.8228 0.012097223503114 5.503271104005e-05
1.8424 0.012083358673496 5.4657944932943e-05
1.862 0.01206920837995 5.4287320550312e-05
1.8816 0.012054763195017 5.3920858981443e-05
1.9012 0.012040027973415 5.3558052469583e-05
1.9208 0.012025009793697 5.319860779822e-05
1.9404 0.012009716401641 5.2842279823469e-05
1.96 0.011994144054517 5.2489111155723e-05
1.9796 0.011978308768415 5.2138932881246e-05
1.9992 0.011962215121732 5.1791739955145e-05
2.0188 0.011945866472879 5.1447608428251e-05
2.0384 0.011929271897644 5.1106601937516e-05
2.058 0.011912434525086 5.076864476725e-05
2.0776 0.011895339902448 5.0433058628396e-05
2.0972 0.011878052540297 5.0102255402667e-05
2.1168 0.011860518211882 4.9773922624498e-05
2.1364 0.011842764721225 4.9448885435849e-05
2.156 0.011824791966427 4.9127409814802e-05
2.1756 0.011806605109171 4.8809722154871e-05
2.1952 0.011788209454504 4.849598142909e-05
2.2148 0.011769607849598 4.8186618118049e-05
2.2344 0.011750800695998 4.7879359446081e-05
2.254 0.011731802792006 4.7581897239408e-05
2.2736 0.011712606133925 4.7287030972139e-05
2.2932 0.01169321587389 4.6997374511283e-05
2.3128 0.011673636745558 4.6713100695439e-05
2.3324 0.01165386899155 4.6434273277032e-05
2.352 0.011633913430821 4.6160951644461e-05
2.3716 0.011613773578554 4.5893353163143e-05
2.3912 0.011593445409254 4.5631414007662e-05
2.4108 0.011572900678153 4.537598203328e-05
2.4304 0.011552239588261 4.5124515573035e-05
2.45 0.011531360590825 4.4879431773634e-05
2.4696 0.011510298665428 4.4639667307712e-05
2.4892 0.011489053621838 4.4405119147286e-05
2.5088 0.011467625573684 4.4175421827966e-05
2.5284 0.011446013399325 4.3950092487604e-05
2.548 0.011424214618703 4.3728753183997e-05
2.5676 0.011402228479959 4.3511231496227e-05
2.5872 0.011380050612504 4.3296944086289e-05
2.6068 0.011357680801682 4.308551668913e-05
2.6264 0.011335114792325 4.2876604269396e-05
2.646 0.011312347401123 4.2669529073008e-05
2.6656 0.011289381537404 4.2463934995842e-05
2.6852 0.011266126220957 4.2260739750596e-05
2.7048 0.011242830005786 4.2054831551669e-05
2.7244 0.01121923851013 4.1850231203214e-05
2.744 0.011195345498048 4.1646026446476e-05
2.7636 0.011171397286559 4.1438435507717e-05
2.7832 0.011147137972739 4.1230404542837e-05
2.8028 0.011122661068365 4.1021888559817e-05
2.8224 0.011097918978805 4.0808223526381e-05
2.842 0.011072938488625 4.0593466297558e-05
2.8616 0.011047710589053 4.0375840416709e-05
2.8812 0.011022227384194 4.0155056863637e-05
2.9008 0.010996475033699 3.9930792997952e-05
2.9204 0.010970458991573 3.9702916202035e-05
2.94 0.010944165555381 3.9470997322011e-05
2.9596 0.010917585421564 3.9235463744635e-05
2.9792 0.010890719677097 3.8995907400819e-05
2.9988 0.010863556173534 3.8752567391967e-05
3.0184 0.010836085099628 3.8505410230606e-05
3.038 0.010808302078966 3.8254753118786e-05
3.0576 0.010780200265753 3.8000666841463e-05
3.0772 0.010751772362082 3.7743332830012e-05
3.0968 0.010723009594215 3.7483091002988e-05
3.1164 0.010693907716897 3.7220091705081e-05
3.136 0.010664457585208 3.6954967082201e-05
3.1556 0.010634652910487 3.6687288764933e-05
3.1752 0.01060459291022 3.6421887782143e-05
3.1948 0.010573951448824 3.6148629994697e-05
3.2144 0.010543038940289 3.5878448059947e-05
3.234 0.010511744966998 3.560830520837e-05
3.2536 0.010480070222638 3.5339318015793e-05
3.2732 0.010447995627068 3.5071531195607e-05
3.2928 0.010415523806735 3.4805716946364e-05
3.3124 0.010382645115822 3.4542270883542e-05
3.332 0.010349365101917 3.4282207241582e-05
3.3516 0.010315667446404 3.4025824462997e-05
3.3712 0.010281550386248 3.3773478796098e-05
3.3908 0.010247014339724 3.352612714545e-05
3.4104 0.010212058432099 3.3284021402907e-05
3.43 0.010176665174146 3.3048410551061e-05
3.4496 0.010140844765226 3.2819072444303e-05
3.4692 0.010104594647048 3.2596483056236e-05
3.4888 0.010067905718524 3.2381171673143e-05
3.5084 0.010030779735302 3.2173296691901e-05
3.528 0.0099932127877392 3.1973099824879e-05
3.5476 0.0099552053405731 3.1780776956477e-05
3.5672 0.0099167563705338 3.1596455543265e-05
3.5868 0.0098778675935723 3.1420286454933e-05
3.6064 0.009838404814953 3.1263319761279e-05
3.626 0.0097987615432442 3.1092443648804e-05
3.6456 0.0097585463306055 3.0940702247564e-05
3.6652 0.0097178892347394 3.0796932264372e-05
3.6848 0.009676793019807 3.0660971937977e-05
3.7044 0.0096352505221547 3.0532331922753e-05
3.724 0.009593267841773 3.041091842603e-05
3.7436 0.0095508503756681 3.029633240699e-05
3.7632 0.0095079939631798 3.0188247649321e-05
3.7828 0.0094647025915415 3.0086286031505e-05
3.8024 0.0094209830801589 2.9989995664785e-05
3.822 0.0093768301500165 2.9899180367238e-05
3.8416 0.0093322543127644 2.981320386401e-05
3.8612 0.0092872536256971 2.9731667435284e-05
3.8808 0.009241831554973 2.965407716161e-05
3.9004 0.0091959923210779 2.9579869620154e-05
3.92 0.0091497379386994 2.950853120055e-05
3.9396 0.0091030714333295 2.9439536260092e-05
3.9592 0.0090559940961253 2.9372272405131e-05
3.9788 0.0090085181695114 2.9306476093378e-05
3.9984 0.0089606400501671 2.9241508040575e-05
4.018 0.0089123686334727 2.9176960224852e-05
4.0376 0.0088638843359166 2.9100321531566e-05
4.0572 0.0088146586951095 2.9047318851962e-05
4.0768 0.0087652302522767 2.8981371629176e-05
4.0964 0.0087154231288617 2.8914086324185e-05
4.116 0.008665241668376 2.8845067224435e-05
4.1356 0.0086146915713553 2.8773932071278e-05
4.1552 0.0085637752712716 2.870035692334e-05
4.1748 0.008512498666807 2.8624216455373e-05
4.1944 0.0084608855749427 2.8546535535981e-05
4.214 0.0084090154938219 2.8475501645267e-05
4.2336 0.0083565593238954 2.8377932184029e-05
4.2532 0.0083038583886141 2.8289759262419e-05
4.2728 0.0082508474589224 2.8198563754184e-05
4.2924 0.0081974928853323 2.8103679141939e-05
4.312 0.0081438010443989 2.8005335248264e-05
4.3316 0.0080897744025238 2.7903228497755e-05
4.3512 0.0080354368227389 2.7798511912727e-05
4.3708 0.0079807687170848 2.7690230719802e-05
4.3904 0.0079257802138899 2.7578820018936e-05
4.41 0.0078704738524548 2.7464523010878e-05
4.4296 0.0078148534613044 2.7347452619903e-05
4.4492 0.0077589219754354 2.7227815317342e-05
4.4688 0.0077023665453134 2.7092751085048e-05
4.4884 0.0076461412282946 2.6981628634741e-05
4.508 0.007589299975655 2.685533990645e-05
4.5276 0.0075321548432853 2.6727162756273e-05
4.5472 0.0074747148512838 2.6597072682708e-05
4.5668 0.0074169958764012 2.6465737532643e-05
4.5864 0.0073589832791743 2.6332994055798e-05
4.606 0.0073006825662251 2.6199105277127e-05
4.6256 0.0072421053407464 2.6064416646105e-05
4.6452 0.0071832484081839 2.5928946952614e-05
4.6648 0.0071241188235157 2.5792934431423e-05
4.6844 0.0070647166142993 2.5656526410315e-05
4.704 0.007005068996692 2.551987585165e-05
4.7236 0.006945119955401 2.5382701347065e-05
4.7432 0.0068853212043763 2.525229069678e-05
4.7628 0.0068244711966949 2.5108848776833e-05
4.7824 0.0067638002753293 2.4971157873613e-05
4.802 0.0067028624135579 2.4834201000696e-05
4.8216 0.0066416804361274 2.469750389265e-05
4.8412 0.0065802638237035 2.456139568012e-05
4.8608 0.0065186054480274 2.4425251384598e-05
4.8804 0.0064567199022913 2.4289736914718e-05
4.9 0.0063946107044854 2.4154661253963e-05
4.9196 0.0063322806837061 2.4020032096299e-05
4.9392 0.006269738406624 2.3885821156465e-05
4.9588 0.0062069867394584 2.3752018625085e-05
4.9784 0.0061440305856671 2.3618658321125e-05
4.998 0.0060808793996276 2.3485769993874e-05
5.0176 0.0060175376053037 2.335328514474e-05
5.0372 0.0059540549656435 2.3223203098815e-05
5.0568 0.0058903097241906 2.3089668903027e-05
5.0764 0.0058264376476363 2.2958476571827e-05
5.096 0.0057623882583309 2.2827767913836e-05
5.1156 0.0056982105664806 2.2697019597462e-05
5.1352 0.0056338891267568 2.2566788540523e-05
5.1548 0.0055693608160781 2.2437638996454e-05
5.1744 0.0055047197162088 2.231009227778e-05
5.194 0.0054401281251224 2.2176953642742e-05
5.2136 0.0053753206405247 2.2047291514612e-05
5.2332 0.0053104192568767 2.1917668451628e-05
5.2528 0.0052454358247079 2.1788072354756e-05
5.2724 0.0051803729268011 2.1658674234563e-05
5.292 0.0051152708233799 2.152856952707e-05
5.3116 0.0050501124721466 2.1398566067805e-05
5.3312 0.0049849212154992 2.1268297585336e-05
5.3508 0.004919708611332 2.1137585823865e-05
5.3704 0.0048544887518381 2.1006514047977e-05
5.39 0.0047892754714013 2.0875057105648e-05
5.4096 0.0047240839609077 2.0743106953202e-05
5.4292 0.0046589271656113 2.0610681660243e-05
5.4488 0.0045938200345489 2.0477679341191e-05
5.4684 0.0045287765151655 2.0344102828078e-05
5.488 0.0044638110994594 2.0209915493696e-05
5.5076 0.0043989324604741 2.0075009725388e-05
5.5272 0.0043341822764684 1.9939399284792e-05
5.5468 0.0042695178579953 1.9802896894822e-05
5.5664 0.0042050236654426 1.9665608007531e-05
5.586 0.0041406728503884 1.9527542790851e-05
5.6056 0.0040764906207023 1.9388655920975e-05
5.6252 0.00401249277428 1.9248965240474e-05
5.6448 0.0039486960749911 1.9108452050113e-05
5.6644 0.0038851177466341 1.896713732933e-05
5.684 0.0038217723316737 1.8824986426599e-05
5.7036 0.003758673360818 1.8682028999611e-05
5.7232 0.0036958401544838 1.8538258587841e-05
5.7428 0.0036332862987929 1.8393624460987e-05
5.7624 0.0035710277838792 1.8248161291668e-05
5.782 0.0035090802207069 1.8102098701859e-05
5.8016 0.0034474426927583 1.7955203061718e-05
5.8212 0.0033861894582059 1.7807136624374e-05
5.8408 0.0033252621936326 1.765863298014e-05
5.8604 0.0032647152721188 1.750951581227e-05
5.88 0.003204555431249 1.7359629607792e-05
5.8996 0.003144798517568 1.7209101533039e-05
5.9192 0.0030854416599571 1.7057358279914e-05
5.9388 0.0030261587571634 1.6914639615793e-05
5.9584 0.002968093645839 1.6753926879432e-05
5.978 0.0029100806715178 1.6601556833847e-05
5.9976 0.0028520800115255 1.644391733788e-05
6.0172 0.0027957541604923 1.6292614544404e-05
6.0368 0.0027389808500185 1.6139497961367e-05
6.0564 0.0026831908417224 1.5976267575916e-05
6.076 0.0026274379390457 1.5829795712828e-05
6.0956 0.0025723349598051 1.5666154192987e-05
6.1152 0.0025187746875638 1.5540138408836e-05
6.1348 0.0024641571004724 1.5362665731819e-05
6.1544 0.0024108733282425 1.520648018646e-05
6.174 0.0023581410815127 1.5049758716402e-05
6.1936 0.0023059708959721 1.4893228178478e-05
6.2132 0.0022544248686421 1.4736102554039e-05
6.2328 0.0022034784428387 1.4579050641386e-05
6.2524 0.0021531150403069 1.4420816796216e-05
6.272 0.0021036628875337 1.4268048818705e-05
6.2916 0.0020542950934616 1.4104404521923e-05
6.3112 0.0020058762545945 1.3949373513313e-05
6.3308 0.0019580587329146 1.3791654255663e-05
6.3504 0.0019108550642323 1.3635104945045e-05
6.37 0.0018643665370003 1.3475847325441e-05
6.3896 0.0018185010943092 1.3317770862093e-05
6.4092 0.0017732777221541 1.315925493736e-05
6.4288 0.0017287575811934 1.3001312432224e-05
6.4484 0.0016848886142303 1.2842939718806e-05
6.468 0.0016416900364334 1.2684465465401e-05
6.4876 0.0015991680743549 1.2525917249162e-05
6.5072 0.0015573356837899 1.2366970479638e-05
6.5268 0.0015161603177388 1.2208548674615e-05
6.5464 0.0014756800987781 1.2049712455704e-05
6.566 0.0014358678362658 1.1890756037092e-05
6.5856 0.0013967612184917 1.173234844561e-05
6.6052 0.0013583550266323 1.1572479632519e-05
6.6248 0.0013206130815465 1.1413010903458e-05
6.6444 0.0012835702861236 1.1253904718506e-05
6.664 0.0012471974598225 1.1094500831548e-05
6.6836 0.0012115153625861 1.0935046394826e-05
6.7032 0.0011765391544295 1.0775626121839e-05
6.7228 0.0011422307882814 1.0616158663327e-05
6.7424 0.0011086049623354 1.0456724739138e-05
6.762 0.0010756554902101 1.0297377172557e-05
6.7816 0.0010433926268535 1.0137806304499e-05
6.8012 0.0010116235938994 9.9810100021861e-06
6.8208 0.00098086828749554 9.8197636111163e-06
6.8404 0.00095059528641111 9.6608643274002e-06
6.86 0.00092102037094424 9.5025497746746e-06
6.8796 0.00089207446714647 9.3442197888799e-06
6.8992 0.00086379967306755 9.1859950929536e-06
6.9188 0.0008361737812192 9.0284657724799e-06
6.9384 0.00080917401378582 8.8713136513793e-06
6.958 0.00078283274267602 8.7145636342967e-06
6.9776 0.00075668603685094 8.5681676599159e-06
6.9972 0.00073203152702793 8.4028319337897e-06
7.0168 0.00070756593059135 8.2480039750522e-06
7.0364 0.00068371453281182 8.0938560779952e-06
7.056 0.00066048247592063 7.9403281822038e-06
7.0756 0.00063782223860439 7.7879324364317e-06
7.0952 0.00061577002397496 7.6363143414062e-06
7.1148 0.00059430351430965 7.48563145381e-06
7.1344 0.00057341328864545 7.335988859636e-06
7.154 0.00055310539313295 7.1874426391122e-06
7.1736 0.00053334401111084 7.040121856727e-06
7.1932 0.00051411170487329 6.8925255008709e-06
7.2128 0.00049546057684037 6.7496355725827e-06
7.2324 0.00047733160399553 6.6060026870941e-06
7.252 0.00045949131765423 6.4635255357303e-06
7.2716 0.00044266029715053 6.3220966993561e-06
7.2912 0.00042610233163445 6.1823953174095e-06
7.3108 0.00041002171931506 6.0447599290905e-06
7.3304 0.00039445162490922 5.9080966846125e-06
7.35 0.00037935794163073 5.7734520403278e-06
7.3696 0.00036476006822665 5.6399698542795e-06
7.3892 0.00035057213693791 5.5089996020554e-06
7.4088 0.00033685364734482 5.379706776463e-06
7.4284 0.00032354770307051 5.2538887605085e-06
7.448 0.00031076659119801 5.12542644484e-06
7.4676 0.0002982475956874 5.0011996759472e-06
7.4872 0.0002863670380002 4.878887518642e-06
7.5068 0.00027477867274253 4.7585022429613e-06
7.5264 0.00026372388922555 4.6458071444471e-06
7.546 0.00025276417501473 4.5237979977586e-06
7.5656 0.00024232863649807 4.4094195737621e-06
7.5852 0.00023227393138853 4.2967022417524e-06
7.6048 0.00022256692241168 4.1862336885399e-06
7.6244 0.00021317994942468 4.0779247301784e-06
7.644 0.00020414897679608 3.9717002872528e-06
7.6636 0.00019548549202709 3.867162985593e-06
7.6832 0.0001871141706762 3.7648383179783e-06
7.7028 0.00017904119436352 3.6650204494875e-06
7.7224 0.00017128553454591 3.5665691705002e-06
7.742 0.00016381300535604 3.4705531469333e-06
7.7616 0.00015662260367642 3.3766440109838e-06
7.7812 0.00014969691080241 3.2840655284214e-06
7.8008 0.00014305758003952 3.1946395985591e-06
7.8204 0.0001366789027449 3.1069283407829e-06
7.84 0.00013054098578494 3.0210008353792e-06
7.8596 0.00012464305236654 2.9372425565579e-06
7.8792 0.0001189881614584 2.8552184663418e-06
7.8988 0.0001135374119042 2.7756799835248e-06
7.9184 0.00010835776460428 2.6969820617146e-06
7.938 0.00010334025621123 2.620789183912e-06
7.9576 9.8541858456658e-05 2.5463448532406e-06
7.9772 9.3906441542855e-05 2.4743566837738e-06
7.9968 8.9497559244489e-05 2.4014057710293e-06
8.0164 8.5308196177447e-05 2.3335260007794e-06
8.036 8.1261523277938e-05 2.2660580116662e-06
8.0556 7.7383816225837e-05 2.2002295606006e-06
8.0752 7.3665116376569e-05 2.1360688996287e-06
8.0948 7.0124893695889e-05 2.0730928132927e-06
8.1144 6.6728045376285e-05 2.0118172912154e-06
8.134 6.3475918318752e-05 1.9520325111703e-06
8.1536 6.0368831414404e-05 1.8937469189333e-06
8.1732 5.7394136258186e-05 1.8367951896261e-06
8.1928 5.4571369782265e-05 1.7812564275199e-06
8.2124 5.1827670770684e-05 1.727071806963e-06
8.232 4.9247547193879e-05 1.6737536210166e-06
8.2516 4.6715046256085e-05 1.6223572228188e-06
8.2712 4.4409101465516e-05 1.5714488232238e-06
8.2908 4.2150588964206e-05 1.5220841185892e-06
8.3104 3.9970841566641e-05 1.4744709191634e-06
8.33 3.7924164802562e-05 1.427086088049e-06
8.3496 3.5992349085555e-05 1.3812479601997e-06
8.3692 3.4123374614902e-05 1.3362045999139e-06
8.3888 3.2349921111674e-05 1.2924880665286e-06
8.4084 3.0638468960863e-05 1.250030601197e-06
8.428 2.9045587369351e-05 1.2082157569549e-06
8.4476 2.751060250988e-05 1.1676336236156e-06
8.4672 2.6049556607655e-05 1.128033886961e-06
8.4868 2.4660016945608e-05 1.0895094198496e-06
8.5064 2.3337891082263e-05 1.0519791465657e-06
8.526 2.2084781566501e-05 1.0154568328925e-06
8.5456 2.0894747450089e-05 9.7992549249393e-07
8.5652 1.9760822585262e-05 9.4530504743921e-07
8.5848 1.8682406079231e-05 9.1179532374539e-07
8.6044 1.766587252717e-05 8.7910682041527e-07
8.624 1.6695547397584e-05 8.473863802437e-07
8.6436 1.5775995328863e-05 8.1670158795962e-07
8.6632 1.489318604791e-05 7.8699776999854e-07
8.6828 1.4068941566965e-05 7.5825857489748e-07
8.7024 1.3295776482353e-05 7.3034266067656e-07
8.722 1.2556857152229e-05 7.0339794319186e-07
8.7416 1.1842452773076e-05 6.7737223422615e-07
8.7612 1.1184599522556e-05 6.5224367435245e-07
8.7808 1.0556418720992e-05 6.2808895357469e-07
8.8004 9.9609308116481e-06 6.0512392470312e-07
8.82 9.397830183308e-06 5.8278244948495e-07
8.8396 8.8547859023548e-06 5.6140069225547e-07
8.8592 8.3700263848883e-06 5.4086461210689e-07
8.8788 7.8944308701885e-06 5.2123456177553e-07
8.8984 7.4460168577079e-06 5.023960616567e-07
8.918 7.0217315278129e-06 4.8439817618019e-07
8.9376 6.5943453214739e-06 4.6649482832228e-07
8.9572 6.2461585710657e-06 4.5096670165455e-07
8.9768 5.8908785876614e-06 4.3548038491297e-07
8.9964 5.5581614182713e-06 4.2075899183101e-07
9.016 5.2426152765101e-06 4.0680700068685e-07
9.0356 4.9438479125938e-06 3.935962770394e-07
9.0552 4.6689046881375e-06 3.8108085403128e-07
9.0748 4.4056409739039e-06 3.6928355583633e-07
9.0944 4.1530916763313e-06 3.5817918997699e-07
9.114 3.9246435215259e-06 3.4769356421271e-07
9.1336 3.703607344176e-06 3.3786553394155e-07
9.1532 3.4922588407677e-06 3.2864269892014e-07
9.1728 3.3006345856219e-06 3.1996296231057e-07
9.1924 3.119234143459e-06 3.1178370237946e-07
9.212 2.9480101866326e-06 3.040639781557e-07
9.2316 2.7858650148669e-06 2.9684666865423e-07
9.2512 2.6330926334524e-06 2.9005033712304e-07
9.2708 2.4907035838223e-06 2.8361357486165e-07
9.2904 2.3556765138796e-06 2.7749384104472e-07
9.31 2.228024275793e-06 2.7166084899833e-07
9.3296 2.1071060185695e-06 2.6613793977614e-07
9.3492 1.9950962990882e-06 2.6076773440984e-07
9.3688 1.8873534745927e-06 2.5560979081638e-07
9.3884 1.7862595914989e-06 2.5067723649625e-07
9.408 1.6913310477435e-06 2.4593521992557e-07
9.4276 1.6021985099901e-06 2.4141110468439e-07
9.4472 1.5171788058387e-06 2.3709220101849e-07
9.4668 1.438032854958e-06 2.3300891043233e-07
9.4864 1.3642976786317e-06 2.2916932783562e-07
9.506 1.2932780827768e-06 2.2557447229793e-07
9.5256 1.2281135749734e-06 2.222410020096e-07
9.5452 1.1669636093025e-06 2.1910194304383e-07
9.5648 1.1062605692253e-06 2.1606496918079e-07
9.5844 1.0509825594578e-06 2.1300997696674e-07
9.604 1.0002474630773e-06 2.0982606003413e-07
9.6236 9.4884296666978e-07 2.0635870986816e-07
9.6432 9.0160289618258e-07 2.0249410188619e-07
9.6628 8.5619387218408e-07 1.9805983562163e-07
9.6824 8.1210267125843e-07 1.9292707648135e-07
9.702 7.6753417251164e-07 1.8695910423576e-07
9.7216 7.2508165210036e-07 1.8006211211678e-07
9.7412 6.8296902882174e-07 1.7222153306751e-07
9.7608 6.4098636177363e-07 1.6353493726472e-07
9.7804 5.9916891938229e-07 1.5412361335355e-07
