0 0.011819501767822 0.00014862887209714
0.0196 0.011819456531591 0.00014857177835883
0.0392 0.011819320878029 0.00014840066575349
0.0588 0.011819094973251 0.00014811604082843
0.0784 0.011818779094116 0.00014771875022647
0.098 0.011818373628228 0.0001472099843091
0.1176 0.011817879119361 0.00014659137900944
0.1372 0.011817296658356 0.00014586573493296
0.1568 0.011816627891918 0.00014503690097873
0.1764 0.011815874328137 0.00014410916022459
0.196 0.011815037489217 0.00014308708058858
0.2156 0.011814119395153 0.00014197550355189
0.2352 0.011813121570374 0.00014077942721693
0.2548 0.011812045312301 0.0001395039773811
0.2744 0.011810892128973 0.000138154417353
0.294 0.011809662736029 0.00013673607542014
0.3136 0.011808358730952 0.00013525438326985
0.3332 0.0118069796358 0.00013371500064896
0.3528 0.011805525487835 0.0001321239636237
0.3724 0.011803993796309 0.00013048735527791
0.392 0.011802383312898 0.00012881128047381
0.4116 0.01180069307912 0.00012710178634598
0.4312 0.011798921882682 0.00012536484461307
0.4508 0.011797064378624 0.0001236061767748
0.4704 0.011795118911605 0.00012183141850559
0.49 0.011793081225737 0.00012004583984067
0.5096 0.011790951229497 0.00011825456287266
0.5292 0.011788723695684 0.00011646251103319
0.5488 0.011786391906666 0.00011467436804639
0.5684 0.011783951688892 0.00011289454794358
0.588 0.011781397414606 0.00011112722295251
0.6076 0.011778722710892 0.00010937636721968
0.6272 0.011775923795784 0.00010764549016387
0.6468 0.011772991786921 0.00010593778580837
0.6664 0.011769922065702 0.00010425617753691
0.686 0.011766708457827 0.00010260314282173
0.7056 0.011763344859237 0.00010098088649402
0.7252 0.011759826989731 9.939118651399e-05
0.7448 0.011756151324162 9.7835572053445e-05
0.7644 0.011752309039173 9.6315359760289e-05
0.784 0.011748297711411 9.4831569213671e-05
0.8036 0.011744112019273 9.3384966518798e-05
0.8232 0.011739748101967 9.1976013960173e-05
0.8428 0.011735204339798 9.0604996553048e-05
0.8624 0.011730478617031 8.9271883790428e-05
0.882 0.011725571371714 8.7976386109966e-05
0.9016 0.011720472452395 8.6717805727575e-05
0.9212 0.011715185531712 8.5495575268892e-05
0.9408 0.011709706572648 8.4308799357468e-05
0.9604 0.011704038844722 8.315656550168e-05
0.98 0.011698181116339 8.2038064167838e-05
0.9996 0.011692135547113 8.0952186295552e-05
1.0192 0.011685905668957 7.9897963851179e-05
1.0388 0.011679493076407 7.8874178910261e-05
1.0584 0.011672895181187 7.7879623370481e-05
1.078 0.011666120803354 7.6912909821595e-05
1.0976 0.01165916847916 7.5972783106334e-05
1.1172 0.011652045249092 7.5057801994613e-05
1.1368 0.011644752066887 7.4166587373936e-05
1.1564 0.011637293982343 7.3297996559776e-05
1.176 0.011629676461274 7.2450819781425e-05
1.1956 0.011621903194551 7.1624064800883e-05
1.2152 0.011613980217738 7.0816856444594e-05
1.2348 0.011605912913028 7.0028147166891e-05
1.2544 0.011597707085321 6.9257041671958e-05
1.274 0.0115893684713 6.8502533558142e-05
1.2936 0.011580900106531 6.7763761876126e-05
1.3132 0.011572313945261 6.7040065395728e-05
1.3328 0.011563608646455 6.6330417788044e-05
1.3524 0.01155479189425 6.5634228497851e-05
1.372 0.011545871136914 6.4951039538269e-05
1.3916 0.011536849570955 6.4280380036932e-05
1.4112 0.011527740716168 6.3621931760933e-05
1.4308 0.011518539403717 6.2975350031749e-05
1.4504 0.011509258915692 6.2340371578915e-05
1.47 0.011499908628 6.171676492192e-05
1.4896 0.011490475046629 6.1104012650643e-05
1.5092 0.011480983764598 6.0502112474449e-05
1.5288 0.01147143229144 5.9910732552607e-05
1.5484 0.011461824741875 5.9329758410843e-05
1.568 0.011452164737533 5.8759164900986e-05
1.5876 0.011442459740987 5.8198944406321e-05
1.6072 0.011432698779717 5.7649279478734e-05
1.6268 0.011422896105038 5.7110098673329e-05
1.6464 0.011413051030608 5.6581590130349e-05
1.666 0.011403164227029 5.6063773211722e-05
1.6856 0.011393236424638 5.5556708535687e-05
1.7052 0.011383267724193 5.5060395117971e-05
1.7248 0.011373258175177 5.457492821283e-05
1.7444 0.011363204840161 5.4100311764343e-05
1.764 0.011353110226305 5.3636253405447e-05
1.7836 0.011342952137631 5.318421092077e-05
1.8032 0.011332741559782 5.2743010431259e-05
1.8228 0.011322467577639 5.2313238831679e-05
1.8424 0.011312121764295 5.189493983748e-05
1.862 0.011301697415937 5.1488160132005e-05
1.8816 0.011291186878657 5.1092877044259e-05
1.9012 0.011280576597188 5.0708919744599e-05
1.9208 0.011269860746586 5.0336165373644e-05
1.9404 0.011259042883709 4.9974553203594e-05
1.96 0.011248074213249 4.9623693684189e-05
1.9796 0.011236978317305 4.9283547539773e-05
1.9992 0.011225730180875 4.8953850358544e-05
2.0188 0.011214333521543 4.8634422039055e-05
2.0384 0.011202737703463 4.832448253275e-05
2.058 0.011190944687591 4.8023900218247e-05
2.0776 0.011178957896572 4.7732110283407e-05
2.0972 0.011166749606046 4.7448495087444e-05
2.1168 0.011154309885296 4.7172376889051e-05
2.1364 0.011141625525762 4.690311582759e-05
2.156 0.011128681845455 4.6640053200448e-05
2.1756 0.011115462759626 4.6382627653563e-05
2.1952 0.011101970269008 4.6129935209833e-05
2.2148 0.011088178502175 4.5881530482849e-05
2.2344 0.011074110464672 4.5636344734384e-05
2.254 0.011059669437886 4.5394617462879e-05
2.2736 0.011044931428135 4.5154715316837e-05
2.2932 0.011029856005076 4.4916192182878e-05
2.3128 0.011014434205068 4.4678350903756e-05
2.3324 0.010998609225618 4.4439811637779e-05
2.352 0.010982449046766 4.4202530358065e-05
2.3716 0.010965974803459 4.3963472713768e-05
2.3912 0.010949127535175 4.3721313987246e-05
2.4108 0.010931867353862 4.3478321578467e-05
2.4304 0.010914226604645 4.3233057683865e-05
2.45 0.01089620017637 4.2985171874033e-05
2.4696 0.010877789208068 4.2734382743107e-05
2.4892 0.010858988299072 4.2480506129287e-05
2.5088 0.010839798585977 4.2223287608379e-05
2.5284 0.010820166546786 4.1962334415444e-05
2.548 0.0108002482264 4.1698222010979e-05
2.5676 0.010779892307044 4.143039130477e-05
2.5872 0.010759150676574 4.1159200441615e-05
2.6068 0.010738027019466 4.0884718325431e-05
2.6264 0.010716525428762 4.0607251540318e-05
2.646 0.010694650676986 4.0327050146624e-05
2.6656 0.01067240763274 4.0044222720928e-05
2.6852 0.010649802610584 3.9759217273834e-05
2.7048 0.010626842242641 3.9472255002909e-05
2.7244 0.010603535268011 3.9183525794308e-05
2.744 0.010579886581308 3.8893600232523e-05
2.7636 0.010555903640575 3.8602898742216e-05
2.7832 0.010531594385903 3.8311960515067e-05
2.8028 0.010506969797355 3.8021154291525e-05
2.8224 0.010482036275143 3.7731220370201e-05
2.842 0.010456791055349 3.7443108722896e-05
2.8616 0.010431276089357 3.7155827644955e-05
2.8812 0.010405467145164 3.6871384799139e-05
2.9008 0.010379390424886 3.6589776016913e-05
2.9204 0.010353048313152 3.6311364613253e-05
2.94 0.010326495808503 3.6037624905759e-05
2.9596 0.010299607487687 3.5766348437768e-05
2.9792 0.01027253220835 3.5500582827277e-05
2.9988 0.010245231172679 3.5239934635072e-05
3.0184 0.010217715907973 3.4984892604151e-05
3.038 0.010189990662735 3.4735693254681e-05
3.0576 0.010162068174527 3.4492725376145e-05
3.0772 0.010133955865584 3.4256374555739e-05
3.0968 0.010105662222454 3.4026656927547e-05
3.1164 0.010077193140574 3.3803708474841e-05
3.136 0.01004855880451 3.3587714306707e-05
3.1556 0.010019764886035 3.3378594886176e-05
3.1752 0.0099908744326008 3.3180179743728e-05
3.1948 0.0099617223745493 3.2981273376354e-05
3.2144 0.0099324955744825 3.2793383472302e-05
3.234 0.0099031335895307 3.2611925666004e-05
3.2536 0.0098736444906578 3.2437258145159e-05
3.2732 0.0098440378150379 3.2269161280595e-05
3.2928 0.0098143071813769 3.2106945613418e-05
3.3124 0.0097844583056087 3.1950885612665e-05
3.332 0.0097545008581539 3.1800304529617e-05
3.3516 0.0097244348771477 3.1655060204948e-05
3.3712 0.0096942586846724 3.1514718439361e-05
3.3908 0.0096639794082881 3.1378820583517e-05
3.4104 0.0096335836351543 3.1247844853159e-05
3.43 0.0096030846251035 3.1120692374879e-05
3.4496 0.0095724749872198 3.0997289578628e-05
3.4692 0.0095417542871785 3.0877322052388e-05
3.4888 0.0095109215636236 3.0760411624367e-05
3.5084 0.0094799681814683 3.0646214851045e-05
3.528 0.0094488903952177 3.0534503119662e-05
3.5476 0.0094176973631582 3.0424611972389e-05
3.5672 0.0093863691019533 3.0316634884961e-05
3.5868 0.0093549031717049 3.0210245634351e-05
3.6064 0.0093232912509932 3.0105187910889e-05
3.626 0.0092915269382468 3.0001295682182e-05
3.6456 0.0092596049291305 2.9898254145251e-05
3.6652 0.0092275148810422 2.9795900600905e-05
3.6848 0.0091953831863352 2.9692114399628e-05
3.7044 0.0091629189298858 2.9584616730841e-05
3.724 0.0091301577492082 2.9490288125545e-05
3.7436 0.0090973162964397 2.938814966983e-05
3.7632 0.0090642648694433 2.9285611160881e-05
3.7828 0.0090309923344854 2.9182518686613e-05
3.8024 0.0089974997312319 2.9078319313349e-05
3.822 0.0089637496260054 2.8974313889193e-05
3.8416 0.0089297608897975 2.8869021891297e-05
3.8612 0.0088955121234682 2.8762901990089e-05
3.8808 0.0088610007251396 2.8655642831203e-05
3.9004 0.0088261045238409 2.8546329304552e-05
3.92 0.0087911412642384 2.8437814315397e-05
3.9396 0.0087557796797449 2.8327066470251e-05
3.9592 0.0087201197029926 2.8215108189117e-05
3.9788 0.0086841460916339 2.810195359211e-05
3.9984 0.0086478735612336 2.7987658122124e-05
4.018 0.0086112755796093 2.7872273189167e-05
4.0376 0.008574625811704 2.7750860106261e-05
4.0572 0.0085370919609823 2.7638726056809e-05
4.0768 0.0084994530096918 2.752338624719e-05
4.0964 0.0084615492987432 2.7401650052133e-05
4.116 0.0084233764178414 2.7283344028549e-05
4.1356 0.0083846413850667 2.7161850388469e-05
4.1552 0.0083456497972595 2.7041252232919e-05
4.1748 0.008306290409441 2.6920248152485e-05
4.1944 0.0082665688755733 2.6799138170885e-05
4.214 0.0082264731915506 2.6678047240415e-05
4.2336 0.0081859992740974 2.6556632052121e-05
4.2532 0.0081451762566538 2.6436538667339e-05
4.2728 0.0081039604325999 2.6316134616155e-05
4.2924 0.0080623569357082 2.6196595687825e-05
4.312 0.0080203725861743 2.6077401590471e-05
4.3316 0.0079780004226373 2.5958839957482e-05
4.3512 0.0079352395686082 2.5840877741267e-05
4.3708 0.0078920862845113 2.5723650354206e-05
4.3904 0.0078485357619113 2.5607244435916e-05
4.41 0.0078045991502249 2.5491465501548e-05
4.4296 0.0077602601287015 2.537655092633e-05
4.4492 0.0077155237890304 2.5262376223438e-05
4.4688 0.0076703915884632 2.5148862143297e-05
4.4884 0.0076250401655746 2.5039414795685e-05
4.508 0.0075789340500534 2.4923343397422e-05
4.5276 0.007532610299139 2.4810979849925e-05
4.5472 0.0074858880800184 2.4698698014322e-05
4.5668 0.0074387815809459 2.4586332809459e-05
4.5864 0.0073912780820218 2.4473785853331e-05
4.606 0.0073433847104654 2.4360928925252e-05
4.6256 0.0072950794278398 2.4248252840008e-05
4.6452 0.0072464374304472 2.4133571914321e-05
4.6648 0.0071973731556599 2.4018905859823e-05
4.6844 0.0071479579757893 2.390321265242e-05
4.704 0.0070981525810722 2.3786474030562e-05
4.7236 0.0070479660800693 2.366899754643e-05
4.7432 0.0069974542927041 2.3548475685086e-05
4.7628 0.0069465049272837 2.3428581249478e-05
4.7824 0.0068952250131074 2.3306445597519e-05
4.802 0.0068435861235796 2.3182855863242e-05
4.8216 0.0067915923701458 2.3057860850873e-05
4.8412 0.0067390996274947 2.2928920631519e-05
4.8608 0.0066865548744648 2.2803696308606e-05
4.8804 0.0066335273953885 2.2674544830518e-05
4.9 0.0065801433201018 2.2544496541688e-05
4.9196 0.0065264303890001 2.2413148380419e-05
4.9392 0.0064723849289554 2.2280716231187e-05
4.9588 0.0064181144780938 2.2148486490382e-05
4.9784 0.0063633154692879 2.2013394766038e-05
4.998 0.0063083002812357 2.187879994505e-05
5.0176 0.0062529706866234 2.1743765460288e-05
5.0372 0.0061973333388874 2.1608461904616e-05
5.0568 0.0061413916477699 2.1473045661029e-05
5.0764 0.0060851304094511 2.1338327394977e-05
5.096 0.0060286160300036 2.1202400068147e-05
5.1156 0.0059717927240362 2.1067392368018e-05
5.1352 0.005914690468853 2.0932475379919e-05
5.1548 0.0058572992196814 2.0798331180293e-05
5.1744 0.0057996434454491 2.066445654306e-05
5.194 0.0057417257831658 2.0531121512685e-05
5.2136 0.0056835519553427 2.0398339489143e-05
5.2332 0.0056250999501557 2.0265106473634e-05
5.2528 0.0055664681965031 2.0134617624336e-05
5.2724 0.0055075739828205 2.0003620841402e-05
5.292 0.0054484561103311 1.9873177350706e-05
5.3116 0.0053891317395531 1.9743230202731e-05
5.3312 0.0053295880898975 1.9613653622614e-05
5.3508 0.0052701960290608 1.9490926485271e-05
5.3704 0.0052099228783315 1.9356484093993e-05
5.39 0.0051504902596536 1.9234229791616e-05
5.4096 0.0050895936056309 1.9098430078703e-05
5.4292 0.0050291763118519 1.8970491500393e-05
5.4488 0.0049686442044921 1.8842236516993e-05
5.4684 0.0049079721888562 1.8714384518712e-05
5.488 0.0048471864913787 1.8586615554057e-05
5.5076 0.0047862982577675 1.8458863925004e-05
5.5272 0.0047253264972579 1.8331054003834e-05
5.5468 0.004664271301982 1.8203426024644e-05
5.5664 0.0046031585627175 1.8075687343888e-05
5.586 0.0045419987576087 1.7948051226242e-05
5.6056 0.004480784322872 1.7820921039673e-05
5.6252 0.0044195981322251 1.7693108545822e-05
5.6448 0.0043583806818598 1.7566276415704e-05
5.6644 0.0042969604890937 1.7437231030464e-05
5.684 0.0042361809007837 1.7307593736497e-05
5.7036 0.0041748893129752 1.7186022867964e-05
5.7232 0.0041138442933372 1.7060061681472e-05
5.7428 0.0040528589001454 1.693395897805e-05
5.7624 0.0039919315912437 1.6808980395339e-05
5.782 0.0039311290387397 1.6684651331974e-05
5.8016 0.0038704567391957 1.6560433724544e-05
5.8212 0.0038099224023402 1.6436711220731e-05
5.8408 0.0037495420015542 1.6313451085128e-05
5.8604 0.0036893311944066 1.6190654012211e-05
5.88 0.0036292860113307 1.606740348507e-05
5.8996 0.0035694892392689 1.5946323853281e-05
5.9192 0.0035098920214639 1.5826769897371e-05
5.9388 0.0034505192323054 1.5703227833586e-05
5.9584 0.0033914006921969 1.5581880375618e-05
5.978 0.003332547118705 1.5460686049492e-05
5.9976 0.0032739730536014 1.5339347362214e-05
6.0172 0.0032156634821879 1.52179335252e-05
6.0368 0.0031574569579161 1.5087973725068e-05
6.0564 0.0031000859480576 1.4974003542451e-05
6.076 0.003042784494104 1.4851302083434e-05
6.0956 0.0029858379613109 1.4728012014037e-05
6.1152 0.0029292613055598 1.4603901010574e-05
6.1348 0.0028730622307076 1.4479115164721e-05
6.1544 0.002817273141312 1.4352807264771e-05
6.174 0.0027618897153769 1.4225610507541e-05
6.1936 0.0027069306030846 1.4097173497841e-05
6.2132 0.0026524114990109 1.3967442336987e-05
6.2328 0.0025983422156751 1.3836395292747e-05
6.2524 0.0025447257036668 1.370452369998e-05
6.272 0.0024916133405769 1.3569943170761e-05
6.2916 0.0024389775053556 1.3434490355822e-05
6.3112 0.0023868825481945 1.329880640805e-05
6.3308 0.0023352285641858 1.3158936030647e-05
6.3504 0.002284134658949 1.3018900788639e-05
6.37 0.0022336902210951 1.2883609644249e-05
6.3896 0.0021835689711091 1.2734278216782e-05
6.4092 0.0021341173090406 1.2589865356735e-05
6.4288 0.0020852348152961 1.244428377295e-05
6.4484 0.0020365845611292 1.2306168247927e-05
6.468 0.0019891798090671 1.2150355742093e-05
6.4876 0.0019420714691384 1.1999903797204e-05
6.5072 0.0018955309035455 1.1849914519883e-05
6.5268 0.0018496192548526 1.1699244450928e-05
6.5464 0.001804327437618 1.1547243667974e-05
6.566 0.0017596497822979 1.1394952956666e-05
6.5856 0.0017155837665902 1.1242302721771e-05
6.6052 0.0016721926404085 1.1089085250285e-05
6.6248 0.0016294521577166 1.0934962096845e-05
6.6444 0.0015872716584303 1.0782158485832e-05
6.664 0.0015458089829819 1.0628640967996e-05
6.6836 0.0015049978498316 1.0475503561578e-05
6.7032 0.001464831453532 1.0322377850921e-05
6.7228 0.0014252545116568 1.0167747604818e-05
6.7424 0.0013863137345657 1.0028052277781e-05
6.762 0.0013483019330066 9.8653179131502e-06
6.7816 0.0013107885311479 9.7139818423523e-06
6.8012 0.0012734678459069 9.5655284601611e-06
6.8208 0.0012378867892275 9.4172430660221e-06
6.8404 0.0012022514566543 9.264078486234e-06
6.86 0.0011674097793568 9.1157767965203e-06
6.8796 0.0011331770799085 8.9676136755712e-06
6.8992 0.0010997399338258 8.821393421319e-06
6.9188 0.0010667749037939 8.6787593162285e-06
6.9384 0.0010346932850321 8.531006748161e-06
6.958 0.00100317731295 8.3870235697213e-06
6.9776 0.00097233016694751 8.2438928045682e-06
6.9972 0.00094194752448902 8.105761683759e-06
7.0168 0.00091255682110506 7.9609092135083e-06
7.0364 0.00088365106294337 7.8207252780814e-06
7.056 0.00085524155308023 7.6858571404801e-06
7.0756 0.00082777000697209 7.5431439163403e-06
7.0952 0.00080078689371387 7.4056751954097e-06
7.1148 0.00077443018644464 7.2686985193997e-06
7.1344 0.00074870520697899 7.1334053465076e-06
7.154 0.00072360261204263 6.9986471167431e-06
7.1736 0.00069911078576732 6.8647474388733e-06
7.1932 0.00067522988039738 6.7316383027075e-06
7.2128 0.00065197261788242 6.5993788670272e-06
7.2324 0.00062926735889042 6.4680611599152e-06
7.252 0.00060717485163 6.3375863581068e-06
7.2716 0.00058568087688146 6.2090521553858e-06
7.2912 0.00056472294609182 6.0795243896524e-06
7.3108 0.00054435592411726 5.9518110273908e-06
7.3304 0.00052454795183195 5.8252095399582e-06
7.35 0.00050529871211029 5.6992482986391e-06
7.3696 0.0004865764965164 5.5743108937346e-06
7.3892 0.00046831932260477 5.4504294586174e-06
7.4088 0.00045077440751997 5.3281652466259e-06
7.4284 0.00043364875715945 5.2068342437391e-06
7.448 0.00041702116096241 5.0868358789831e-06
7.4676 0.00040084161618356 4.9656646041813e-06
7.4872 0.00038529711165747 4.8501238746188e-06
7.5068 0.00037019871167927 4.7331928868209e-06
7.5264 0.00035552280411865 4.6192578038646e-06
7.546 0.0003413286955618 4.5060025850942e-06
7.5656 0.00032760446190434 4.3945929810868e-06
7.5852 0.00031419800461686 4.2854497205007e-06
7.6048 0.00030146292104904 4.1758809446696e-06
7.6244 0.00028904537538948 4.0691901890789e-06
7.644 0.00027699924895021 3.9655160346239e-06
7.6636 0.00026545944425001 3.8611624882425e-06
7.6832 0.00025426549835587 3.7599008745499e-06
7.7028 0.00024345333910478 3.6599058961432e-06
7.7224 0.00023306025413898 3.5630552542828e-06
7.742 0.00022301758105497 3.4676699123922e-06
7.7616 0.00021334055059286 3.3740945964079e-06
7.7812 0.00020394525975554 3.2820559510027e-06
7.8008 0.00019503479748664 3.1930187234874e-06
7.8204 0.00018638839519293 3.1054969908397e-06
7.84 0.00017806900490548 3.0199870784717e-06
7.8596 0.00017004332329392 2.9374588309453e-06
7.8792 0.00016237311645801 2.8549243521599e-06
7.8988 0.00015492834510226 2.7766978973686e-06
7.9184 0.00014781286036891 2.6980755856139e-06
7.938 0.00014104376270493 2.6222808682576e-06
7.9576 0.00013446579470132 2.5490087846302e-06
7.9772 0.00012820720940306 2.4767361274686e-06
7.9968 0.0001221710065841 2.4068611982534e-06
8.0164 0.00011638859276824 2.338928863226e-06
8.036 0.00011084594970725 2.2724421818343e-06
8.0556 0.00010553531891604 2.2078198621489e-06
8.0752 0.00010044708600829 2.1449697213086e-06
8.0948 9.5580451764917e-05 2.0835427011283e-06
8.1144 9.0910430965391e-05 2.0242703467759e-06
8.134 8.6434753437169e-05 1.9666004782853e-06
8.1536 8.215894377286e-05 1.9102178729426e-06
8.1732 7.8092905136448e-05 1.8552510714089e-06
8.1928 7.4179786159391e-05 1.8018794005457e-06
8.2124 7.0479366859946e-05 1.7491852519962e-06
8.232 6.6920877300395e-05 1.698454030452e-06
8.2516 6.3523072987737e-05 1.6490418348246e-06
8.2712 6.0279832293858e-05 1.6009221947417e-06
8.2908 5.7186005971056e-05 1.5541182579257e-06
8.3104 5.4219664283105e-05 1.5089051038977e-06
8.33 5.1428257357874e-05 1.4640473604253e-06
8.3496 4.8747717665921e-05 1.4206872563775e-06
8.3692 4.6179869779144e-05 1.3787401861522e-06
8.3888 4.3711437294461e-05 1.3371781781469e-06
8.4084 4.1438995754939e-05 1.297488157483e-06
8.428 3.9238435623319e-05 1.2584064820227e-06
8.4476 3.7089509949299e-05 1.2193536749507e-06
8.4672 3.51501485049e-05 1.1831701994347e-06
8.4868 3.3256724988359e-05 1.1470009715419e-06
8.5064 3.1451398974439e-05 1.1118152889511e-06
8.526 2.9743327795754e-05 1.0774632373974e-06
8.5456 2.8103609012902e-05 1.0443376868118e-06
8.5652 2.6573319159949e-05 1.0115293719739e-06
8.5848 2.5111468155673e-05 9.7983408421637e-07
8.6044 2.3727512433776e-05 9.489822721033e-07
8.624 2.2405561817428e-05 9.1906663339645e-07
8.6436 2.115279798409e-05 8.8994121836866e-07
8.6632 1.9966814642268e-05 8.6156715923767e-07
8.6828 1.8854004829265e-05 8.3473549438194e-07
8.7024 1.7752588127887e-05 8.0733181684681e-07
8.722 1.6754400302382e-05 7.8098403282302e-07
8.7416 1.5803771015913e-05 7.5597021557204e-07
8.7612 1.4906574899956e-05 7.3131236617252e-07
8.7808 1.4054902003817e-05 7.0743069041797e-07
8.8004 1.3245119347998e-05 6.8432112209926e-07
8.82 1.2481371124609e-05 6.6187340380475e-07
8.8396 1.1750651676144e-05 6.4018062595888e-07
8.8592 1.1077329130966e-05 6.1903113183288e-07
8.8788 1.042746083245e-05 5.9871099915677e-07
8.8984 9.8170911165721e-06 5.7898467785868e-07
8.918 9.2413583275363e-06 5.5989629688363e-07
8.9376 8.6786911197823e-06 5.4006894892411e-07
8.9572 8.1891023256743e-06 5.236010061918e-07
8.9768 7.703626523053e-06 5.0639497469262e-07
8.9964 7.2460820647951e-06 4.8979830630362e-07
9.016 6.812759263253e-06 4.7379241311877e-07
9.0356 6.4073006600006e-06 4.5833637214896e-07
9.0552 6.0201312863752e-06 4.4342470135604e-07
9.0748 5.6618542948296e-06 4.290077715933e-07
9.0944 5.322831576338e-06 4.1506590051886e-07
9.114 5.001048971927e-06 4.0173090520232e-07
9.1336 4.6986381736891e-06 3.8883715140497e-07
9.1532 4.4156840906067e-06 3.7641462062479e-07
9.1728 4.14519166741e-06 3.6438548701684e-07
9.1924 3.8915394005905e-06 3.5279451262549e-07
9.212 3.6510599258792e-06 3.4154180700835e-07
9.2316 3.4249342745191e-06 3.307411492299e-07
9.2512 3.2144134925097e-06 3.2026829943775e-07
9.2708 3.0179601229206e-06 3.1008212514181e-07
9.2904 2.8290869985087e-06 3.0022914808164e-07
9.31 2.6534659062741e-06 2.9069957799941e-07
9.3296 2.4855941373522e-06 2.8145143138057e-07
9.3492 2.3287786948429e-06 2.7243017419436e-07
9.3688 2.165531566602e-06 2.6306757386345e-07
9.3884 2.0455715340979e-06 2.5510437405647e-07
9.408 1.9133261467441e-06 2.4669575309231e-07
9.4276 1.7949841690656e-06 2.3857787149042e-07
9.4472 1.6809820093071e-06 2.3058437905191e-07
9.4668 1.5754945457214e-06 2.2274396059315e-07
9.4864 1.4734289376919e-06 2.1506375499025e-07
9.506 1.3785745470971e-06 2.0752634075121e-07
9.5256 1.2880461074894e-06 2.0012841495623e-07
9.5452 1.2062517318906e-06 1.9284412778965e-07
9.5648 1.1276635205111e-06 1.8570484112598e-07
9.5844 1.0542262270395e-06 1.7869228698796e-07
9.604 9.8411204725177e-07 1.7181471718014e-07
9.6236 9.1925145174482e-07 1.6507248788298e-07
9.6432 8.5741606504793e-07 1.5846865166517e-07
9.6628 7.9900892413728e-07 1.5200610365671e-07
9.6824 7.445924595409e-07 1.4568972674524e-07
9.702 6.9340432834663e-07 1.3952542281657e-07
9.7216 6.4391849413069e-07 1.3351288704963e-07
9.7412 5.9860371126951e-07 1.2766181350266e-07
9.7608 5.5753837117203e-07 1.2194754535671e-07
9.7804 5.1939255464941e-07 1.1637719365061e-07
