0 0.011068532560079 0.00014240258661945
0.0196 0.011068610394582 0.00014234754490994
0.0392 0.011068843791395 0.0001421825708872
0.0588 0.011069232429512 0.00014190811846469
0.0784 0.01106977577392 0.00014152494623716
0.098 0.011070473075604 0.00014103412061577
0.1176 0.01107132319478 0.00014043711594404
0.1372 0.011072323272298 0.00013973652786512
0.1568 0.011073468859258 0.00013893595814097
0.1764 0.0110747549779 0.00013803941535678
0.196 0.011076176152552 0.00013705117044906
0.2156 0.011077726836638 0.00013597573229793
0.2352 0.011079401391999 0.00013481776526023
0.2548 0.011081193457809 0.00013358204620273
0.2744 0.011083096442868 0.00013227344709401
0.294 0.011085104436021 0.00013089691363327
0.3136 0.011087211007989 0.00012945747610851
0.3332 0.011089408636517 0.00012796042631886
0.3528 0.011091688082679 0.00012641135970287
0.3724 0.011094039821841 0.00012481598958325
0.392 0.011096452747035 0.00012318006501507
0.4116 0.011098917202166 0.00012150918242598
0.4312 0.011101423292411 0.00011980911569596
0.4508 0.011103959479538 0.00011808515681754
0.4704 0.011106515114765 0.00011634275980866
0.49 0.011109079239501 0.00011458698940314
0.5096 0.011111639739599 0.00011282277597387
0.5292 0.011114187158769 0.00011105496827631
0.5488 0.011116706637726 0.00010928818431252
0.5684 0.011119183194983 0.00010752694153523
0.588 0.011121604686314 0.0001057755946878
0.6076 0.011123953833033 0.00010403816210077
0.6272 0.011126219174571 0.00010231855991026
0.6468 0.011128384067002 0.00010062031594302
0.6664 0.011130433277665 9.8946687103555e-05
0.686 0.011132354709629 9.7300660197865e-05
0.7056 0.011134132333991 9.5684953424674e-05
0.7252 0.011135753790124 9.4101919017125e-05
0.7448 0.011137205178192 9.2553729983283e-05
0.7644 0.011138470797507 9.1042120831167e-05
0.784 0.011139535080757 8.9568744363793e-05
0.8036 0.011140386279267 8.8134962668344e-05
0.8232 0.011141009597108 8.6741814990117e-05
0.8428 0.011141391074509 8.5390135940567e-05
0.8624 0.011141520570601 8.4080465226757e-05
0.882 0.011141383331175 8.2812939974393e-05
0.9016 0.011140964799457 8.1587493474088e-05
0.9212 0.011140253542752 8.0403781947024e-05
0.9408 0.011139236069884 7.9261334498342e-05
0.9604 0.011137903794785 7.8159426779243e-05
0.98 0.011136245514232 7.7097156806563e-05
0.9996 0.011134255801221 7.6073729372444e-05
1.0192 0.011131924608776 7.5087942249766e-05
1.0388 0.011129240654883 7.4138476498576e-05
1.0584 0.011126196439963 7.3223988625322e-05
1.078 0.011122786710889 7.2342994720894e-05
1.0976 0.011119003176747 7.1493684069151e-05
1.1172 0.011114836193762 7.0674441944173e-05
1.1368 0.011110282831193 6.9883646877501e-05
1.1564 0.011105341708283 6.911950348937e-05
1.176 0.01110000957623 6.8380583957297e-05
1.1956 0.011094283469865 6.7665185225092e-05
1.2152 0.011088161104145 6.6971801541715e-05
1.2348 0.011081646625364 6.6298956365042e-05
1.2544 0.011074734825367 6.564515741436e-05
1.274 0.011067434694363 6.5008854791572e-05
1.2936 0.011059743197573 6.4388685438819e-05
1.3132 0.01105166518764 6.3783287789193e-05
1.3328 0.011043200700317 6.3191278428901e-05
1.3524 0.011034358349253 6.2611491717409e-05
1.372 0.011025143432576 6.2042995325851e-05
1.3916 0.011015563426481 6.14849607652e-05
1.4112 0.011005632089617 6.0936440324284e-05
1.4308 0.010995352322475 6.0396819497492e-05
1.4504 0.010984738324603 5.9865277520336e-05
1.47 0.010973793254722 5.9341319477863e-05
1.4896 0.010962535681666 5.8824184128998e-05
1.5092 0.010950974439347 5.8313269716796e-05
1.5288 0.010939119570016 5.7808166147304e-05
1.5484 0.010926980554268 5.7308100850687e-05
1.568 0.010914575623214 5.6813191357358e-05
1.5876 0.010901917381425 5.632313214717e-05
1.6072 0.010889014636632 5.5837726233638e-05
1.6268 0.010875884783607 5.5356883815664e-05
1.6464 0.010862538275079 5.4880514849093e-05
1.666 0.010848996109406 5.4408496554685e-05
1.6856 0.010835252309318 5.3940740121719e-05
1.7052 0.010821337693978 5.3477099558047e-05
1.7248 0.010807260861643 5.301752225794e-05
1.7444 0.010793032686809 5.2561982832972e-05
1.764 0.010778668292444 5.2110483408014e-05
1.7836 0.010764185008881 5.1662897839235e-05
1.8032 0.010749573225322 5.1219748268097e-05
1.8228 0.010734866104158 5.0780648035498e-05
1.8424 0.010720068104301 5.0345791611178e-05
1.862 0.01070519251363 4.9915236855016e-05
1.8816 0.010690246718983 4.9488853835689e-05
1.9012 0.010675240215049 4.9066681219767e-05
1.9208 0.010660186384817 4.8648618018779e-05
1.9404 0.010645116006827 4.8235594144125e-05
1.96 0.010629973914154 4.7824476885153e-05
1.9796 0.010614822825989 4.7418587915022e-05
1.9992 0.010599661522975 4.7016489836378e-05
2.0188 0.010584484760273 4.6618347086485e-05
2.0384 0.010569322251701 4.6223858857838e-05
2.058 0.010554157748699 4.5833231903892e-05
2.0776 0.010539003541212 4.5446296905397e-05
2.0972 0.010523866197428 4.506296910638e-05
2.1168 0.010508753094937 4.4683121274373e-05
2.1364 0.010493656049077 4.4306489113645e-05
2.156 0.010478611067404 4.3933686801885e-05
2.1756 0.010463587806766 4.3564136427104e-05
2.1952 0.010448597075409 4.3198150189965e-05
2.2148 0.010433640557504 4.2835839111747e-05
2.2344 0.010418718014393 4.2477265540903e-05
2.254 0.010403831336535 4.2122581110938e-05
2.2736 0.010388977714125 4.1771964880747e-05
2.2932 0.010374158354093 4.1425448708723e-05
2.3128 0.010359373179421 4.1083183249063e-05
2.3324 0.010344642147156 4.0745911272825e-05
2.352 0.010329890509705 4.0412094134002e-05
2.3716 0.010315183639873 4.0083621096397e-05
2.3912 0.010300478438758 3.9760464957835e-05
2.4108 0.010285805144921 3.9442438014446e-05
2.4304 0.010271122903907 3.9130173222497e-05
2.45 0.010256431921364 3.8823788468212e-05
2.4696 0.01024172749443 3.8523556143709e-05
2.4892 0.010226995332187 3.8229524729811e-05
2.5088 0.010212231530617 3.7941895690268e-05
2.5284 0.010197420292675 3.7661021502052e-05
2.548 0.010182557128479 3.7386737037047e-05
2.5676 0.01016762594581 3.7119405761188e-05
2.5872 0.010152614765472 3.6859198386775e-05
2.6068 0.010137508034502 3.6606120051104e-05
2.6264 0.010122297525516 3.636033552582e-05
2.646 0.010106909204138 3.612107845307e-05
2.6656 0.01009150943989 3.5890502579142e-05
2.6852 0.010075906057781 3.5666466396732e-05
2.7048 0.010060142173267 3.5449676346714e-05
2.7244 0.010044207631807 3.5239947227136e-05
2.744 0.010028158732106 3.50366994085e-05
2.7636 0.010011764364648 3.4841196911328e-05
2.7832 0.0099952357341677 3.4652065328594e-05
2.8028 0.0099784853971249 3.4469575916386e-05
2.8224 0.0099615029625327 3.4293655177282e-05
2.842 0.0099442782480393 3.412403583564e-05
2.8616 0.0099267710464023 3.3959788538816e-05
2.8812 0.0099089399209131 3.3803677536802e-05
2.9008 0.0098910508468077 3.3650508291854e-05
2.9204 0.0098727580605566 3.3503448209756e-05
2.94 0.0098541799496462 3.3361154392689e-05
2.9596 0.0098353113490653 3.3223308084071e-05
2.9792 0.0098161406749102 3.3089710975268e-05
2.9988 0.0097965160193311 3.2956370640631e-05
3.0184 0.0097769013606792 3.2833704315531e-05
3.038 0.0097568237162335 3.2710622864328e-05
3.0576 0.0097365439110238 3.2589526334779e-05
3.0772 0.009715750816767 3.2472602630708e-05
3.0968 0.0096947543586973 3.2356574147652e-05
3.1164 0.0096734560078035 3.2242325603066e-05
3.136 0.0096518444062095 3.2128730665869e-05
3.1556 0.0096299403962673 3.2016125543677e-05
3.1752 0.0096077275041694 3.1903777325327e-05
3.1948 0.0095851409092931 3.1790606468282e-05
3.2144 0.0095623647720563 3.1678614074291e-05
3.234 0.0095393582857248 3.1566281995347e-05
3.2536 0.0095160016826043 3.1452688746371e-05
3.2732 0.0094922993599379 3.1337695516328e-05
3.2928 0.009468468084925 3.1222178512064e-05
3.3124 0.0094443023139539 3.1104839476328e-05
3.332 0.0094198780479823 3.0985835835578e-05
3.3516 0.0093952007151181 3.0865049759818e-05
3.3712 0.0093702699638299 3.0742211695456e-05
3.3908 0.0093451044385929 3.061776012676e-05
3.4104 0.0093196981344568 3.0491260535457e-05
3.43 0.0092940620007307 3.0362840943633e-05
3.4496 0.0092681974341887 3.0232503917885e-05
3.4692 0.0092421085213266 3.0100267586662e-05
3.4888 0.0092158072796576 2.9966323145133e-05
3.5084 0.0091892903422925 2.9830479999973e-05
3.528 0.009162634596345 2.9692472308696e-05
3.5476 0.0091356310305865 2.9553663044207e-05
3.5672 0.0091087254238389 2.9414145600995e-05
3.5868 0.0090811635127699 2.9270963553492e-05
3.6064 0.0090537463947307 2.9124032621149e-05
3.626 0.0090260528118914 2.8988069590389e-05
3.6456 0.0089983797231907 2.8863748864926e-05
3.6652 0.0089698589889957 2.8694386312994e-05
3.6848 0.0089415470081318 2.8549023680663e-05
3.7044 0.0089130415782497 2.8403504042088e-05
3.724 0.0088843423270761 2.8257960160619e-05
3.7436 0.0088554522774997 2.8112583139776e-05
3.7632 0.008826359111311 2.7967729722545e-05
3.7828 0.0087973191788315 2.7832012097361e-05
3.8024 0.0087675750904586 2.7679641461337e-05
3.822 0.008737887468726 2.753803027343e-05
3.8416 0.0087079857669774 2.7397246703337e-05
3.8612 0.0086778730042642 2.7257958522944e-05
3.8808 0.0086475441778309 2.7120338553471e-05
3.9004 0.0086169948937422 2.6984451568491e-05
3.92 0.0085862269756445 2.6850467372625e-05
3.9396 0.0085552299990746 2.6718358506579e-05
3.9592 0.0085239998980164 2.6588269120635e-05
3.9788 0.008492531451472 2.6460324043322e-05
3.9984 0.0084608271269718 2.6334694759045e-05
4.018 0.008429085543637 2.621093511838e-05
4.0376 0.0083967160592591 2.6091680684513e-05
4.0572 0.0083641773460157 2.5971079779694e-05
4.0768 0.0083314443085849 2.5854456232238e-05
4.0964 0.0082984393993801 2.5740071297715e-05
4.116 0.0082651680012398 2.562745909783e-05
4.1356 0.008231614221862 2.5516907749332e-05
4.1552 0.0081977837416861 2.5408237382921e-05
4.1748 0.0081635620400997 2.5299557196936e-05
4.1944 0.0081292455992782 2.5195502869075e-05
4.214 0.008094539816377 2.5091518284306e-05
4.2336 0.008059535984643 2.4988812566928e-05
4.2532 0.0080240146567399 2.4866108163566e-05
4.2728 0.0079886179774632 2.4787065401415e-05
4.2924 0.0079526985420181 2.468772830707e-05
4.312 0.0079164676371271 2.4589207472722e-05
4.3316 0.0078799223011753 2.4491435187263e-05
4.3512 0.0078431149709003 2.4391164054421e-05
4.3708 0.0078058774085403 2.4297563059136e-05
4.3904 0.0077683735450466 2.4201336505774e-05
4.41 0.0077305409225585 2.4105603465312e-05
4.4296 0.0076923829469139 2.4010273591625e-05
4.4492 0.0076538798663383 2.391517435783e-05
4.4688 0.0076150728348892 2.3820639144019e-05
4.4884 0.0075759181349128 2.3726385373594e-05
4.508 0.0075364274281008 2.3632447421983e-05
4.5276 0.0074967141446567 2.3540103035348e-05
4.5472 0.0074564075629717 2.344551227299e-05
4.5668 0.0074159069957498 2.3352450461141e-05
4.5864 0.0073750383461991 2.3259548714166e-05
4.606 0.0073338256233784 2.3167398093745e-05
4.6256 0.0072922786859482 2.3075739166347e-05
4.6452 0.007250369825133 2.2984487003928e-05
4.6648 0.0072081033040706 2.2893476949652e-05
4.6844 0.0071654812581447 2.2803092778141e-05
4.704 0.0071224990944913 2.2713180578446e-05
4.7236 0.0070791587618884 2.2623632035453e-05
4.7432 0.0070354466331802 2.2534763966982e-05
4.7628 0.0069913939925049 2.2446546204423e-05
4.7824 0.0069469271014687 2.2358352843822e-05
4.802 0.006902111510402 2.2270949816291e-05
4.8216 0.0068574834914194 2.2201329496518e-05
4.8412 0.0068113545473244 2.209778098271e-05
4.8608 0.0067654110306182 2.2012066057877e-05
4.8804 0.006719087572296 2.1926866950422e-05
4.9 0.00667238311651 2.1842159021834e-05
4.9196 0.0066252953783725 2.1757856234247e-05
4.9392 0.006577825284444 2.167396791596e-05
4.9588 0.006529977960374 2.1590137802617e-05
4.9784 0.0064817309066391 2.150728623251e-05
4.998 0.0064331134583893 2.1424219312712e-05
5.0176 0.0063840967917315 2.1342015966012e-05
5.0372 0.0063347042558995 2.1259881241124e-05
5.0568 0.0062849294456338 2.1178008718084e-05
5.0764 0.006234773490796 2.1096383449339e-05
5.096 0.0061842418762589 2.1014734939484e-05
5.1156 0.0061333261315585 2.0933118984895e-05
5.1352 0.0060820403077735 2.0851342173946e-05
5.1548 0.0060303849953993 2.0769384505923e-05
5.1744 0.0059783625139533 2.0687132863256e-05
5.194 0.0059259893612536 2.0604105624938e-05
5.2136 0.0058732392811927 2.0521329778809e-05
5.2332 0.0058201626529937 2.0436707834724e-05
5.2528 0.0057667131868644 2.0353264385415e-05
5.2724 0.0057129406480529 2.0268025122205e-05
5.292 0.0056588353554724 2.0181753309808e-05
5.3116 0.0056044238029394 2.0093973284761e-05
5.3312 0.0055496622108482 2.0005402283286e-05
5.3508 0.0054946098882097 1.9914954455421e-05
5.3704 0.0054392622463017 1.9822938826949e-05
5.39 0.0053836471543418 1.9729925479662e-05
5.4096 0.0053277044002101 1.9633018217342e-05
5.4292 0.0052714923894718 1.9535736720138e-05
5.4488 0.0052150460500985 1.9434382332786e-05
5.4684 0.0051583930011784 1.9332590571743e-05
5.488 0.0051014709198473 1.9227795054873e-05
5.5076 0.0050443274525877 1.9120511654986e-05
5.5272 0.0049869728588842 1.9010704358959e-05
5.5468 0.0049294199134179 1.8898237302279e-05
5.5664 0.0048716837771932 1.8783181930472e-05
5.586 0.0048137591571589 1.8665346169486e-05
5.6056 0.0047557093495439 1.8545384383207e-05
5.6252 0.0046974996400498 1.8422790970922e-05
5.6448 0.0046391613195692 1.8297800460304e-05
5.6644 0.0045808744477665 1.816484792271e-05
5.684 0.0045219615886462 1.8040176546833e-05
5.7036 0.0044634798677771 1.7910300293341e-05
5.7232 0.0044047929373797 1.7776894776948e-05
5.7428 0.0043460186343214 1.7642067059518e-05
5.7624 0.0042872032649335 1.7505805899463e-05
5.782 0.0042283613196356 1.7368251644791e-05
5.8016 0.0041695083987043 1.7229620501917e-05
5.8212 0.0041106611271631 1.709010156333e-05
5.8408 0.0040518331087196 1.6950143291662e-05
5.8604 0.0039930404809961 1.6809647072681e-05
5.88 0.003934300904478 1.6669033204314e-05
5.8996 0.0038756140698665 1.6528677260416e-05
5.9192 0.0038170376647226 1.6387875346334e-05
5.9388 0.0037588029529491 1.6258205541464e-05
5.9584 0.0037001645560214 1.6107981452349e-05
5.978 0.0036419139848276 1.5968848762267e-05
5.9976 0.0035838070012721 1.5830478449567e-05
6.0172 0.0035258042120871 1.5694794927277e-05
6.0368 0.0034680832624246 1.5556084145241e-05
6.0564 0.0034105194362836 1.5420638991804e-05
6.076 0.0033531177284021 1.5285417350566e-05
6.0956 0.0032959547026262 1.5151470059738e-05
6.1152 0.0032388617561558 1.5007726198507e-05
6.1348 0.0031823431699343 1.4886313359356e-05
6.1544 0.003125967291041 1.4755412955532e-05
6.174 0.0030697794651144 1.4624421541005e-05
6.1936 0.0030139059393293 1.4494601207301e-05
6.2132 0.0029584052921307 1.4365150881683e-05
6.2328 0.0029031344065103 1.4236341281468e-05
6.2524 0.0028482279437016 1.4107833770166e-05
6.272 0.0027936627816345 1.3979549114891e-05
6.2916 0.0027391051446313 1.3852970316752e-05
6.3112 0.0026856167646985 1.3723157870656e-05
6.3308 0.0026321616974125 1.3594785836717e-05
6.3504 0.0025790972998755 1.3466340628878e-05
6.37 0.0025264355517035 1.3337356847542e-05
6.3896 0.0024742229796139 1.3207735456891e-05
6.4092 0.002422462107228 1.3077556403167e-05
6.4288 0.0023710839929094 1.2947277083468e-05
6.4484 0.0023201249595241 1.2814652204424e-05
6.468 0.0022697358757627 1.2682903969818e-05
6.4876 0.0022197850034625 1.2549637808071e-05
6.5072 0.0021703268102153 1.2415437953591e-05
6.5268 0.002121372760541 1.2280162669285e-05
6.5464 0.0020728692952356 1.2144187257549e-05
6.566 0.002024992080988 1.2006207466343e-05
6.5856 0.0019776282445811 1.1867986104303e-05
6.6052 0.0019307914681262 1.1728326454909e-05
6.6248 0.0018845058782776 1.1587739978224e-05
6.6444 0.0018389034846909 1.1441472644092e-05
6.664 0.0017936363035973 1.1303013663705e-05
6.6836 0.0017490685051997 1.1159109624086e-05
6.7032 0.0017050914538609 1.1014124481865e-05
6.7228 0.0016617114123823 1.0868131106706e-05
6.7424 0.0016189365255489 1.0721142458032e-05
6.762 0.0015767748730742 1.0573246845423e-05
6.7816 0.0015351808363562 1.0424088012764e-05
6.8012 0.0014943149054774 1.0274908926317e-05
6.8208 0.0014540266902304 1.0124545478817e-05
6.8404 0.0014143796145913 9.9734251503309e-06
6.86 0.0013753593617633 9.8221294648794e-06
6.8796 0.0013370042108479 9.6696409681723e-06
6.8992 0.0012992898494609 9.516938944014e-06
6.9188 0.0012621992258214 9.3644812521842e-06
6.9384 0.0012258471831169 9.2097620937536e-06
6.958 0.0011900775598664 9.0567545978448e-06
6.9776 0.0011548509518994 8.8997145979341e-06
6.9972 0.0011205716688875 8.7490431688241e-06
7.0168 0.0010868341156973 8.5957077846952e-06
7.0364 0.0010537268903432 8.4412849802956e-06
7.056 0.0010212857546332 8.2882225903836e-06
7.0756 0.00098949321870522 8.1340456534446e-06
7.0952 0.00095841027617589 7.9826957830794e-06
7.1148 0.00092796574017869 7.8306869400321e-06
7.1344 0.00089818153882751 7.6793781027235e-06
7.154 0.0008690553045528 7.5288587229467e-06
7.1736 0.00084044851207757 7.3863946330216e-06
7.1932 0.00081277426987738 7.2310858887957e-06
7.2128 0.00078558461839095 7.0827982691737e-06
7.2324 0.00075920668065968 6.9358321043766e-06
7.252 0.00073316224705576 6.7911205561332e-06
7.2716 0.00070791382655801 6.647238158177e-06
7.2912 0.00068325675119841 6.5049828404777e-06
7.3108 0.00065927472757594 6.3638627121028e-06
7.3304 0.00063576990769212 6.2313756606308e-06
7.35 0.00061311529526654 6.0867394456985e-06
7.3696 0.00059092317556481 5.9494599365113e-06
7.3892 0.00056938939083519 5.8163865786234e-06
7.4088 0.0005483972588353 5.6840151353504e-06
7.4284 0.00052800263682961 5.5533458873009e-06
7.448 0.00050818042963623 5.4246402185677e-06
7.4676 0.00048893130340789 5.2977572598019e-06
7.4872 0.00047024993128481 5.1727905182387e-06
7.5068 0.0004521005670884 5.0498956547809e-06
7.5264 0.0004345011368026 4.9287828278509e-06
7.546 0.00041744102463768 4.8099384386655e-06
7.5656 0.00040090596147148 4.69283836622e-06
7.5852 0.00038488103778817 4.5778435298223e-06
7.6048 0.00036937727545203 4.4646053493347e-06
7.6244 0.00035434483551894 4.3536630305208e-06
7.644 0.00033981829704334 4.2444528068788e-06
7.6636 0.00032576655201878 4.1371675115367e-06
7.6832 0.0003121770162985 4.0321837658591e-06
7.7028 0.00029904092530649 3.9281783944859e-06
7.7224 0.00028638437935594 3.826884399089e-06
7.742 0.00027414689831988 3.7271489378372e-06
7.7616 0.00026233234492841 3.629284525823e-06
7.7812 0.00025094320898 3.5332767330143e-06
7.8008 0.00023997042477228 3.4388609583331e-06
7.8204 0.00022926052976408 3.3486166646412e-06
7.84 0.00021918631361108 3.2558335486765e-06
7.8596 0.00020937130057485 3.1667504572459e-06
7.8792 0.00019992753427199 3.0794790677858e-06
7.8988 0.0001908419717575 2.9938884273217e-06
7.9184 0.00018210538539378 2.9099932454295e-06
7.938 0.00017363764777006 2.8293002002532e-06
7.9576 0.00016567236972559 2.7482918756462e-06
7.9772 0.00015789849598747 2.6683696959355e-06
7.9968 0.00015045212398786 2.5901373157537e-06
8.0164 0.00014330988019995 2.5156008468506e-06
8.036 0.00013649524640985 2.441629827208e-06
8.0556 0.00012994044620261 2.3693311653429e-06
8.0752 0.000123662088686 2.2985665326917e-06
8.0948 0.00011765427948805 2.2284403463983e-06
8.1144 0.00011188741071572 2.1621963307306e-06
8.134 0.00010637796627457 2.0964457765414e-06
8.1536 0.00010109575956076 2.0326561097995e-06
8.1732 9.6071746817152e-05 1.969725012484e-06
8.1928 9.124604036381e-05 1.9084654149554e-06
8.2124 8.6657770194603e-05 1.8494328630701e-06
8.232 8.226071496473e-05 1.7918179770153e-06
8.2516 7.8073866226882e-05 1.735449652253e-06
8.2712 7.4075630684055e-05 1.6808342300612e-06
8.2908 7.0261716032726e-05 1.6277886125994e-06
8.3104 6.6572528138463e-05 1.5751258185927e-06
8.33 6.3161038509355e-05 1.5262005049062e-06
8.3496 5.9859542989892e-05 1.4777278065102e-06
8.3692 5.6669160093316e-05 1.4309814585007e-06
8.3888 5.3727765642424e-05 1.3849631975138e-06
8.4084 5.0881353002429e-05 1.3407525558038e-06
8.428 4.8171221477163e-05 1.2980303302686e-06
8.4476 4.5599184462043e-05 1.2565894730148e-06
8.4672 4.316005065094e-05 1.2162776600234e-06
8.4868 4.0821999962199e-05 1.1779376728543e-06
8.5064 3.8623045976881e-05 1.1401602052136e-06
8.526 3.652734780321e-05 1.1038631266681e-06
8.5456 3.4532247979663e-05 1.0689047913978e-06
8.5652 3.2625335182064e-05 1.0353539257123e-06
8.5848 3.0858029489705e-05 1.0022071956498e-06
8.6044 2.9123662070009e-05 9.6992865161242e-07
8.624 2.7555677349802e-05 9.3980146790438e-07
8.6436 2.6032180764975e-05 9.1005222756387e-07
8.6632 2.4579439784161e-05 8.8149856798769e-07
8.6828 2.3236546977659e-05 8.5450999267004e-07
8.7024 2.1911128386601e-05 8.2704451040379e-07
8.722 2.0666713774512e-05 8.0135811809395e-07
8.7416 1.952955661186e-05 7.7617226478621e-07
8.7612 1.8451990406061e-05 7.5182027006128e-07
8.7808 1.7412660423661e-05 7.2844704489448e-07
8.8004 1.6417992049637e-05 7.0600113894916e-07
8.82 1.5502680434918e-05 6.8396648606221e-07
8.8396 1.4620908689939e-05 6.627957416605e-07
8.8592 1.3795796308503e-05 6.4219781750449e-07
8.8788 1.3015640594183e-05 6.2233504762601e-07
8.8984 1.2270118046573e-05 6.0317122790145e-07
8.918 1.1574634006777e-05 5.8454425578668e-07
8.9376 1.0917412951196e-05 5.6649449138248e-07
8.9572 1.029370533281e-05 5.4904464630363e-07
8.9768 9.7065092967291e-06 5.3216320051723e-07
8.9964 9.1459962412395e-06 5.1577689372091e-07
9.016 8.6245854732543e-06 4.9986331452178e-07
9.0356 8.1246591260173e-06 4.8434237369124e-07
9.0552 7.6623521325474e-06 4.6957037760572e-07
9.0748 7.2242166959883e-06 4.5509880105542e-07
9.0944 6.8025602213289e-06 4.4113068053047e-07
9.114 6.4132995846495e-06 4.2747933693936e-07
9.1336 6.0438522521218e-06 4.1428580832851e-07
9.1532 5.6940629318215e-06 4.0154046478592e-07
9.1728 5.3645015468175e-06 3.8918641299149e-07
9.1924 5.056337769013e-06 3.7718952615898e-07
9.212 4.7589300199575e-06 3.6563353584518e-07
9.2316 4.4840579927948e-06 3.5438517352596e-07
9.2512 4.2279666051647e-06 3.4347196812902e-07
9.2708 3.9813576707192e-06 3.329852638872e-07
9.2904 3.7351682136453e-06 3.2270758100349e-07
9.31 3.4930770839955e-06 3.1211414924782e-07
9.3296 3.2885452654565e-06 3.0269594118273e-07
9.3492 3.1196820534834e-06 2.9425569526013e-07
9.3688 2.9392534038823e-06 2.8532026075069e-07
9.3884 2.7627460533447e-06 2.766565026272e-07
9.408 2.5999791985094e-06 2.6815376957283e-07
9.4276 2.4464580835708e-06 2.5976525406248e-07
9.4472 2.3016936273639e-06 2.5159278999583e-07
9.4668 2.1635515470108e-06 2.4353730984868e-07
9.4864 2.0338486189582e-06 2.3558140526158e-07
9.506 1.9085730463982e-06 2.277011254022e-07
9.5256 1.7897990497039e-06 2.1989630954277e-07
9.5452 1.6763083095327e-06 2.1220281614865e-07
9.5648 1.5696190009509e-06 2.0466384323541e-07
9.5844 1.4681576955001e-06 1.9733474461789e-07
9.604 1.3715391420484e-06 1.9025771208149e-07
9.6236 1.2820189664597e-06 1.8347231620005e-07
9.6432 1.1970773653985e-06 1.7692535021745e-07
9.6628 1.1185068210155e-06 1.7077039342632e-07
9.6824 1.0428683272415e-06 1.6491272160456e-07
9.702 9.6767998260473e-07 1.5930526033455e-07
9.7216 9.0606856693162e-07 1.5396318470191e-07
9.7412 8.4610797451642e-07 1.4877523338236e-07
9.7608 7.9044662420678e-07 1.4374928103084e-07
9.7804 7.3739580336971e-07 1.3874659519034e-07
