0 0.030507724939387 0.00045045079679616
0.0196 0.030506776412891 0.00045026880681713
0.0392 0.030503930933901 0.000449723348031
0.0588 0.030499188803497 0.00044881595607104
0.0784 0.030492550523473 0.00044754919769055
0.098 0.030484016796344 0.00044592668190786
0.1176 0.030473589349247 0.00044395342295872
0.1372 0.030461277339311 0.00044163844409095
0.1568 0.030447096664016 0.00043899434992589
0.1764 0.030431065112843 0.00043603515431123
0.196 0.030413200998004 0.00043277585404526
0.2156 0.030393524555135 0.00042923219206168
0.2352 0.030372055185234 0.00042542038448417
0.2548 0.030348811979057 0.00042135708240756
0.2744 0.030323815865853 0.00041705926662025
0.294 0.030297087618706 0.00041254416068005
0.3136 0.030268647929302 0.00040782916040836
0.3332 0.030238516724958 0.00040293243842797
0.3528 0.030206714600385 0.00039787311373167
0.3724 0.03017326037267 0.00039267060848594
0.392 0.030138172578353 0.00038734406315266
0.4116 0.030101476074396 0.00038191283959111
0.4312 0.030063187067819 0.00037639543413602
0.4508 0.030023322338861 0.0003708101100533
0.4704 0.029981907969093 0.00036517445081788
0.49 0.029938958871878 0.00035950514278671
0.5096 0.029894490412831 0.00035381827452652
0.5292 0.029848526219542 0.00034812913326143
0.5488 0.029801073330954 0.00034245223133122
0.5684 0.02975214726103 0.00033680148783508
0.588 0.029701755693833 0.00033118951245469
0.6076 0.029649911271226 0.0003256284515662
0.6272 0.029596621355835 0.00032012935807514
0.6468 0.029541892072324 0.0003147018785981
0.6664 0.029485736866243 0.00030935479884361
0.686 0.029428162261014 0.00030409579661674
0.7056 0.029369177688627 0.00029893112210326
0.7252 0.029308792704123 0.00029386604055662
0.7448 0.029247018266452 0.00028890491929122
0.7644 0.029183864561462 0.00028405119023823
0.784 0.029119346581171 0.00027930778666404
0.8036 0.029053476351784 0.00027467629268854
0.8232 0.028986273516593 0.00027015807790237
0.8428 0.028917740526948 0.00026575292191309
0.8624 0.028847904279311 0.00026146057592113
0.882 0.028776773841403 0.0002572796011986
0.9016 0.028704366906199 0.00025320782721218
0.9212 0.028630694802759 0.0002492424674224
0.9408 0.028555768695315 0.00024538036816542
0.9604 0.028479604281936 0.00024161851831864
0.98 0.028402220778189 0.00023795361732638
0.9996 0.028323634263827 0.00023438223633473
1.0192 0.028243855366977 0.00023090083192476
1.0388 0.02816290044689 0.00022750565758446
1.0584 0.028080774162472 0.00022419289902015
1.078 0.027997506047976 0.00022095904934461
1.0976 0.027913087748065 0.0002177995250544
1.1172 0.027827544313631 0.00021471105493945
1.1368 0.027740878810486 0.00021168964440934
1.1564 0.027653087981907 0.0002087319871648
1.176 0.02756417351467 0.00020583530296486
1.1956 0.027474137528358 0.00020299697207814
1.2152 0.027382968539917 0.0002002144467622
1.2348 0.027290663753465 0.00019748572965997
1.2544 0.027197215690579 0.00019480873517065
1.274 0.027102601701135 0.00019218134812565
1.2936 0.027006851040806 0.00018960230234963
1.3132 0.026909926656383 0.00018706916362183
1.3328 0.026811810277246 0.00018458135174146
1.3524 0.026712492076063 0.00018213675054638
1.372 0.026611959364596 0.0001797355183539
1.3916 0.026510194222248 0.00017737661361128
1.4112 0.026407182741389 0.00017505964625195
1.4308 0.026302879665128 0.00017278439984971
1.4504 0.026197293108779 0.00017055046778179
1.47 0.026090389889166 0.00016835756829973
1.4896 0.025982154351174 0.00016620554538425
1.5092 0.02587255985253 0.00016409376328581
1.5288 0.025761589242129 0.00016202203043959
1.5484 0.025649229176749 0.00015998989992282
1.568 0.025535458862589 0.00015799769451489
1.5876 0.025420270225908 0.00015604521296336
1.6072 0.025303649784091 0.00015413223537921
1.6268 0.025185584895262 0.0001522589021564
1.6464 0.025066063968633 0.00015042485759497
1.666 0.024945083260021 0.00014862966382583
1.6856 0.024822628467638 0.00014687275827707
1.7052 0.024698690836 0.00014515346352002
1.7248 0.024573265787356 0.00014347075146279
1.7444 0.024446350320031 0.00014182395218245
1.764 0.024317942980271 0.00014021236886295
1.7836 0.024188052641982 0.00013863514326659
1.8032 0.024056683347987 0.00013709156536352
1.8228 0.023923836948477 0.00013558077525521
1.8424 0.023789529353916 0.00013410184821692
1.862 0.02365376956802 0.00013265381428997
1.8816 0.023516562028115 0.00013123532799008
1.9012 0.02337792083062 0.0001298450838297
1.9208 0.023237856589874 0.00012848178763124
1.9404 0.023096389437983 0.00012714403602277
1.96 0.022953535865306 0.00012583090162566
1.9796 0.022809314177738 0.00012454128680736
1.9992 0.022663741246567 0.00012327408379161
2.0188 0.022516842511203 0.00012202855348316
2.0384 0.022368642372375 0.00012080365582438
2.058 0.022219165492403 0.00011959838462029
2.0776 0.022068435294723 0.00011841191566064
2.0972 0.021916477051612 0.00011724293839711
2.1168 0.021763321515658 0.00011609049830664
2.1364 0.021608993998823 0.00011495369757101
2.156 0.021453523978258 0.00011383182661587
2.1756 0.021296942197868 0.00011272451757563
2.1952 0.021139277812356 0.00011163116623057
2.2148 0.020980559036312 0.00011055158641269
2.2344 0.020820861368573 0.00010948615374151
2.254 0.020660075513803 0.00010843237555464
2.2736 0.020498371313459 0.00010739218607346
2.2932 0.020335719248897 0.00010636346207524
2.3128 0.020172204301392 0.00010534932881216
2.3324 0.020007807925054 0.00010434619372191
2.352 0.019842573556774 0.00010335537915565
2.3716 0.019676540699128 0.00010237702047176
2.3912 0.01950973859387 0.00010141151165013
2.4108 0.01934219371765 0.00010045956453672
2.4304 0.019173950724875 9.9521357150351e-05
2.45 0.019005037777058 9.8597353737821e-05
2.4696 0.018835491348431 9.7688138612417e-05
2.4892 0.018665342463141 9.6794056396019e-05
2.5088 0.018494629970894 9.5915439102897e-05
2.5284 0.01832338863614 9.5052358814968e-05
2.548 0.018151654346109 9.4205347200566e-05
2.5676 0.017979467660631 9.3374946053943e-05
2.5872 0.017806863082691 9.2561781599662e-05
2.6068 0.017633879298111 9.1766046267261e-05
2.6264 0.017460554054332 9.0988270876349e-05
2.646 0.017286928825775 9.0228887223679e-05
2.6656 0.017113041586409 8.9487946242357e-05
2.6852 0.016938934425057 8.8765301724533e-05
2.7048 0.016764644519882 8.8061331098757e-05
2.7244 0.016590206866718 8.7375421536098e-05
2.744 0.016415670995064 8.6707497396457e-05
2.7636 0.016241066972375 8.6056981049934e-05
2.7832 0.016066441104292 8.5423834477868e-05
2.8028 0.015891829347508 8.4807478486964e-05
2.8224 0.01571727826923 8.4207260164793e-05
2.842 0.015542818260253 8.3622506059007e-05
2.8616 0.015368495476714 8.3052361840783e-05
2.8812 0.015194350262893 8.2495930155631e-05
2.9008 0.015020296651057 8.1952025967006e-05
2.9204 0.014846747277722 8.1419320186315e-05
2.94 0.014673364742999 8.0896888833951e-05
2.9596 0.014500315555924 8.0383639285181e-05
2.9792 0.014327632071106 7.9878106738242e-05
2.9988 0.014155355734802 7.9379582877741e-05
3.0184 0.013983517534471 7.888670814047e-05
3.038 0.013812158347804 7.8398500571956e-05
3.0576 0.013641306051289 7.7913801288671e-05
3.0772 0.013471000515625 7.7431449561761e-05
3.0968 0.01330127785393 7.6950242318359e-05
3.1164 0.013132169390709 7.6469119434845e-05
3.136 0.012963700854448 7.5987115920698e-05
3.1556 0.012795916108536 7.5503486549107e-05
3.1752 0.012628836242885 7.501733727737e-05
3.1948 0.012462500663729 7.4528416196058e-05
3.2144 0.012296936862629 7.4036226526935e-05
3.234 0.012132162988697 7.354030542642e-05
3.2536 0.011968218674516 7.3040512986356e-05
3.2732 0.011805129315233 7.2536513840155e-05
3.2928 0.01164292099869 7.2028134809716e-05
3.3124 0.011481620801679 7.1515233436954e-05
3.332 0.011321254724655 7.0997544266968e-05
3.3516 0.011161839938816 7.0475346329169e-05
3.3712 0.011003413662342 6.9948805842399e-05
3.3908 0.010845991352027 6.9418272041411e-05
3.4104 0.010689244192359 6.8900211921447e-05
3.43 0.010534227783158 6.8346274211452e-05
3.4496 0.010379937634117 6.7805707888259e-05
3.4692 0.010226743106505 6.7262285194275e-05
3.4888 0.010074648208263 6.6717266276689e-05
3.5084 0.0099236797154526 6.6170119150773e-05
3.528 0.0097738527062989 6.5621679467452e-05
3.5476 0.0096252002163128 6.5072138992964e-05
3.5672 0.0094777159315695 6.4522109427492e-05
3.5868 0.009331436543443 6.3972051900486e-05
3.6064 0.0091863579813916 6.3422581137519e-05
3.626 0.009042500262608 6.2874139807962e-05
3.6456 0.008899881011732 6.2327203608467e-05
3.6652 0.0087585074828363 6.1782144581587e-05
3.6848 0.0086181575988549 6.1234600662116e-05
3.7044 0.0084795447227988 6.0699292903559e-05
3.724 0.0083419772012739 6.0162000502854e-05
3.7436 0.0082057177934778 5.9628219710547e-05
3.7632 0.0080707540668895 5.9097948917818e-05
3.7828 0.0079370497915607 5.8571674572049e-05
3.8024 0.0078047673777744 5.8049325295891e-05
3.822 0.0076737636150325 5.7531281748905e-05
3.8416 0.0075440901446261 5.7018594899459e-05
3.8612 0.0074158559356029 5.6513363408319e-05
3.8808 0.0072887665339265 5.6007304828623e-05
3.9004 0.0071631273605072 5.5509214621253e-05
3.92 0.0070388432907038 5.5015959601821e-05
3.9396 0.0069159075705279 5.4527952841773e-05
3.9592 0.0067944348223412 5.4047405415352e-05
3.9788 0.006674120786741 5.356726658404e-05
3.9984 0.0065552794957173 5.309426424292e-05
4.018 0.0064377954924096 5.2626496076931e-05
4.0376 0.0063216778855945 5.2163689989811e-05
4.0572 0.0062069232079853 5.1705867241485e-05
4.0768 0.0060935310075681 5.1252734093956e-05
4.0964 0.0059814954694799 5.080423112756e-05
4.116 0.0058708178757698 5.0360185594694e-05
4.1356 0.0057615019024754 4.9920480840621e-05
4.1552 0.0056535371267432 4.9484693597514e-05
4.1748 0.0055469198905895 4.9052896450982e-05
4.1944 0.0054416030216909 4.8625141138451e-05
4.214 0.0053377108058108 4.8200413141472e-05
4.2336 0.0052351110220396 4.7779393948344e-05
4.2532 0.0051338409956063 4.7361585873509e-05
4.2728 0.0050338894594724 4.6946958079731e-05
4.2924 0.0049352665857615 4.6534978747306e-05
4.312 0.0048379489910115 4.6125568341499e-05
4.3316 0.004741932888594 4.5718453628416e-05
4.3512 0.0046472554862511 4.5311546934684e-05
4.3708 0.0045537759445024 4.4909870604789e-05
4.3904 0.0044616200506322 4.4507919850661e-05
4.41 0.0043707392094519 4.4107266999619e-05
4.4296 0.0042811129712373 4.3707617231309e-05
4.4492 0.0041927450587421 4.3308644554596e-05
4.4688 0.0041056190766436 4.2910264969957e-05
4.4884 0.0040197396276502 4.2511974689841e-05
4.508 0.0039350837368666 4.2113568859162e-05
4.5276 0.003851649549501 4.1714862524884e-05
4.5472 0.0037694297050324 4.1315576703286e-05
4.5668 0.003688412851976 4.0915447519263e-05
4.5864 0.0036085967511679 4.0514245264279e-05
4.606 0.0035299668811259 4.0111905700685e-05
4.6256 0.0034525172714831 3.9708253268582e-05
4.6452 0.003376238576541 3.9303020649996e-05
4.6648 0.0033011104350012 3.8895591767831e-05
4.6844 0.0032271655681576 3.8487595506677e-05
4.704 0.0031543554012229 3.8077131361253e-05
4.7236 0.0030826820628108 3.7664744228159e-05
4.7432 0.0030121534157629 3.7250250638527e-05
4.7628 0.0029427452664472 3.683379696055e-05
4.7824 0.0028744581230436 3.6415319614683e-05
4.802 0.0028072879932707 3.5994807497532e-05
4.8216 0.0027412155636949 3.5572642096816e-05
4.8412 0.0026762480313799 3.5148597110563e-05
4.8608 0.0026123753658339 3.4722784104784e-05
4.8804 0.0025495823872181 3.429551867001e-05
4.9 0.0024878716744859 3.3866645477554e-05
4.9196 0.0024272362500445 3.343654865512e-05
4.9392 0.0023683845765121 3.3028055880882e-05
4.9588 0.0023091518175437 3.2572471631967e-05
4.9784 0.0022516890248962 3.2138816301984e-05
4.998 0.0021954283485752 3.1706364186305e-05
5.0176 0.0021399022016689 3.1270191141292e-05
5.0372 0.00208554953438 3.0835082911738e-05
5.0568 0.0020322267080928 3.0399968938995e-05
5.0764 0.0019799121316449 2.9964722858031e-05
5.096 0.0019286171427622 2.953010165527e-05
5.1156 0.0018783187176557 2.9095795472674e-05
5.1352 0.0018287820519912 2.8667549620275e-05
5.1548 0.0017806873593829 2.8229221549441e-05
5.1744 0.0017333405604869 2.7797351306877e-05
5.194 0.0016869611137408 2.7366691459185e-05
5.2136 0.0016415074630496 2.6937228019132e-05
5.2332 0.0015970547055795 2.650978173818e-05
5.2528 0.0015535116973097 2.6083911856817e-05
5.2724 0.0015108974653706 2.5660046461711e-05
5.292 0.0014691973993148 2.5238178359811e-05
5.3116 0.0014283897779614 2.4818856816945e-05
5.3312 0.0013885058263237 2.4401574675139e-05
5.3508 0.0013494926631048 2.3987037410545e-05
5.3704 0.0013110346646682 2.3579465799309e-05
5.39 0.0012740662983049 2.3166224779345e-05
5.4096 0.0012376474692074 2.2760340516144e-05
5.4292 0.001202060133803 2.2357616336011e-05
5.4488 0.0011672992436619 2.1958199389014e-05
5.4684 0.0011333509113151 2.156227943257e-05
5.488 0.0010998984091894 2.1157104992896e-05
5.5076 0.0010678599822573 2.0781453817876e-05
5.5272 0.0010362719158635 2.0395960315359e-05
5.5468 0.0010054840593423 2.0016089698639e-05
5.5664 0.00097543506594489 1.9639513072254e-05
5.586 0.00094612827068716 1.9267243411448e-05
5.6056 0.00091755320416072 1.8899278147732e-05
5.6252 0.00088969419630747 1.8535823255459e-05
5.6448 0.00086253887918961 1.8177053142901e-05
5.6644 0.00083607794433317 1.7822949337051e-05
5.684 0.00081029936895039 1.7473671917155e-05
5.7036 0.00078517679797427 1.7129371391167e-05
5.7232 0.00076072123018036 1.6790047815951e-05
5.7428 0.00073690365869526 1.6455763441096e-05
5.7624 0.00071371726422762 1.6126585915247e-05
5.782 0.0006911350667055 1.5802068225452e-05
5.8016 0.00066918419743977 1.5483702191008e-05
5.8212 0.00064781444193639 1.5170068222707e-05
5.8408 0.00062702691271983 1.4861686278609e-05
5.8604 0.00060680846144171 1.4558546453502e-05
5.88 0.00058714860418009 1.42606265246e-05
5.8996 0.00056803555606854 1.3967932201401e-05
5.9192 0.00054945579734798 1.3680439346611e-05
5.9388 0.00053139935885189 1.3398072412191e-05
5.9584 0.00051385367307989 1.3120807049287e-05
5.978 0.00049675843835264 1.2848510587157e-05
5.9976 0.00048024946642616 1.2581277594253e-05
6.0172 0.00046415209675448 1.2318506742104e-05
6.0368 0.00044856015885703 1.2061188610294e-05
6.0564 0.00043340210750596 1.1808215676409e-05
6.076 0.00041869136082318 1.1559946389274e-05
6.0956 0.00040441511559392 1.1316182403317e-05
6.1152 0.00039056127275858 1.1076892930089e-05
6.1348 0.00037712469290273 1.0841884582118e-05
6.1544 0.00036408806711933 1.0611090866754e-05
6.174 0.0003514472925021 1.0384591355432e-05
6.1936 0.00033918591709835 1.0162065035035e-05
6.2132 0.00032730436643839 9.9434928131303e-06
6.2328 0.00031578358508098 9.7287926657912e-06
6.2524 0.00030461760114714 9.5179174200892e-06
6.272 0.00029370329774533 9.3116949348268e-06
6.2916 0.00028330700961641 9.1070532252671e-06
6.3112 0.00027293862825247 8.9095299376766e-06
6.3308 0.00026330425857193 8.7105048347534e-06
6.3504 0.00025375853127244 8.5177753044973e-06
6.37 0.00024453756909702 8.3277043004273e-06
6.3896 0.00023559765925696 8.1413116061576e-06
6.4092 0.00022694237066773 7.9581994066953e-06
6.4288 0.00021856523212747 7.7784326434044e-06
6.4484 0.00021045211578777 7.6017321056347e-06
6.468 0.00020260285357506 7.4283025656571e-06
6.4876 0.00019500745742025 7.2580197821882e-06
6.5072 0.00018765898184509 7.0908628632026e-06
6.5268 0.00018054907861425 6.9268581007972e-06
6.5464 0.00017367263716156 6.765954689317e-06
6.566 0.00016702140291626 6.6080967073466e-06
6.5856 0.00016059134350105 6.4533414259539e-06
6.6052 0.0001543686759527 6.3017908044393e-06
6.6248 0.00014836258387877 6.1531126797091e-06
6.6444 0.00014256068762413 6.0074643502908e-06
6.664 0.00013694845952974 5.864982933484e-06
6.6836 0.00013152791366823 5.7255562828974e-06
6.7032 0.00012628991320089 5.5891973647469e-06
6.7228 0.00012123945299447 5.4558165941209e-06
6.7424 0.00011629536794399 5.3262858068028e-06
6.762 0.00011164456462689 5.1981384357472e-06
6.7816 0.00010710210031302 5.0736341428856e-06
6.8012 0.00010271804301712 4.9521501118153e-06
6.8208 9.8488282956521e-05 4.8336007590261e-06
6.8404 9.4409579125166e-05 4.7179684687414e-06
6.86 9.0480523232957e-05 4.6051577494335e-06
6.8796 8.6693669878778e-05 4.4951368314574e-06
6.8992 8.3045102395257e-05 4.3878822474745e-06
6.9188 7.9531814820569e-05 4.2833477000187e-06
6.9384 7.6146924138457e-05 4.1815221802719e-06
6.958 7.2886972986718e-05 4.0822945152901e-06
6.9776 6.9755163729064e-05 3.9856164776291e-06
6.9972 6.6738059386734e-05 3.8913161331949e-06
7.0168 6.3840303624926e-05 3.7995963925393e-06
7.0364 6.1052590726364e-05 3.7101706197199e-06
7.056 5.8373878156184e-05 3.6230362301767e-06
7.0756 5.580465587354e-05 3.5380754165171e-06
7.0952 5.332434469256e-05 3.4553463747408e-06
7.1148 5.0948883904057e-05 3.3746718925334e-06
7.1344 4.8681101901622e-05 3.2960109146915e-06
7.154 4.6493684247282e-05 3.2192795510522e-06
7.1736 4.4403068041733e-05 3.1444462999102e-06
7.1932 4.239570783351e-05 3.0713983208277e-06
7.2128 4.0472572416793e-05 3.0000964555419e-06
7.2324 3.8629491204119e-05 2.9304154611185e-06
7.252 3.6865485681033e-05 2.8623669023512e-06
7.2716 3.5177256037197e-05 2.7958488035929e-06
7.2912 3.3562886694922e-05 2.7308315331667e-06
7.3108 3.2006653561992e-05 2.6674103865265e-06
7.3304 3.0532828964768e-05 2.6050939167994e-06
7.35 2.9120605759841e-05 2.5442351158485e-06
7.3696 2.7772096912357e-05 2.4846674577447e-06
7.3892 2.6486846793378e-05 2.426389173859e-06
7.4088 2.525566173303e-05 2.3693520469291e-06
7.4284 2.4080918644042e-05 2.3135202297783e-06
7.448 2.2956217317193e-05 2.2588984396632e-06
7.4676 2.1890634610964e-05 2.2053821972565e-06
7.4872 2.0869924320166e-05 2.1530525505164e-06
7.5068 1.9897626493239e-05 2.1018601200106e-06
7.5264 1.8970335034492e-05 2.0517974199081e-06
7.546 1.8087116991344e-05 2.0028494715654e-06
7.5656 1.7242249595583e-05 1.9550245297811e-06
7.5852 1.6441148392656e-05 1.9083105763378e-06
7.6048 1.5681411884772e-05 1.8626629041315e-06
7.6244 1.4955629218147e-05 1.8181550541446e-06
7.644 1.4264761062348e-05 1.7747615247692e-06
7.6636 1.3604391801701e-05 1.7324872994007e-06
7.6832 1.2978337395485e-05 1.6913049974441e-06
7.7028 1.2384835828814e-05 1.6512209330427e-06
7.7224 1.1819015911474e-05 1.6122413523314e-06
7.742 1.1280461278731e-05 1.574359013841e-06
7.7616 1.0765415021447e-05 1.5375162742e-06
7.7812 1.0280932088198e-05 1.501903463657e-06
7.8008 9.8182883435968e-06 1.4673150365417e-06
7.8204 9.3756376202766e-06 1.4338316647218e-06
7.84 8.9593457067168e-06 1.4014124450518e-06
7.8596 8.5616495790954e-06 1.3700719982276e-06
7.8792 8.1831925491592e-06 1.3397893855947e-06
7.8988 7.8246884632355e-06 1.310609403965e-06
7.9184 7.4818673153109e-06 1.2823364139847e-06
7.938 7.1551828320438e-06 1.2550570273469e-06
7.9576 6.8448587593713e-06 1.2287782349196e-06
7.9772 6.5499982439233e-06 1.203436945377e-06
7.9968 6.2693079775904e-06 1.1789851220094e-06
8.0164 5.9538930880143e-06 1.1543537150126e-06
8.036 5.7477248678932e-06 1.1327153110975e-06
8.0556 5.5050976345173e-06 1.1108012432615e-06
8.0752 5.2744494809342e-06 1.089629925025e-06
8.0948 5.0550155963344e-06 1.0691995252285e-06
8.1144 4.8455071542467e-06 1.0494298254274e-06
8.134 4.6458147296874e-06 1.0302825295128e-06
8.1536 4.4552175321101e-06 1.0117064074907e-06
8.1732 4.2733555319813e-06 9.9365579930381e-07
8.1928 4.0996585596861e-06 9.7607544208222e-07
8.2124 3.9341702985383e-06 9.5891890865796e-07
8.232 3.7750073095298e-06 9.421389221908e-07
8.2516 3.6232665225711e-06 9.2568737623884e-07
8.2712 3.4778564695109e-06 9.0952105702954e-07
8.2908 3.3388440834478e-06 8.9359736865577e-07
8.3104 3.2052245073326e-06 8.7787855257891e-07
8.33 3.0773950515431e-06 8.6232461557404e-07
8.3496 2.9545608569875e-06 8.4689257422443e-07
8.3692 2.8367082001872e-06 8.3154699931866e-07
8.3888 2.7235702394382e-06 8.1625091866728e-07
8.4084 2.6149041233468e-06 8.009729758111e-07
8.428 2.5103447023746e-06 7.8568390391431e-07
8.4476 2.4097155843144e-06 7.703614408206e-07
8.4672 2.3125668214254e-06 7.5498480345548e-07
8.4868 2.2192712368962e-06 7.3953932118036e-07
8.5064 2.1294152357567e-06 7.2401480359193e-07
8.526 2.0425385023885e-06 7.0840402259342e-07
8.5456 1.9588994953703e-06 6.926991872558e-07
8.5652 1.8781801658289e-06 6.7689643289254e-07
8.5848 1.8005777848647e-06 6.6099292878258e-07
8.6044 1.7251758144935e-06 6.449903778585e-07
8.624 1.6521874589298e-06 6.2889490023701e-07
8.6436 1.5821268065935e-06 6.1271149400015e-07
8.6632 1.5140681036299e-06 5.9645012479681e-07
8.6828 1.4479594107626e-06 5.8012261625148e-07
8.7024 1.3843974248559e-06 5.6374340250799e-07
8.722 1.3228619802854e-06 5.4732944559125e-07
8.7416 1.2632600668027e-06 5.3089764855463e-07
8.7612 1.2057350475934e-06 5.144666814482e-07
8.7808 1.1503686238776e-06 4.9805618101729e-07
8.8004 1.0966615693005e-06 4.8168757642369e-07
8.82 1.0447197801064e-06 4.6538205665586e-07
8.8396 9.945220284012e-07 4.4916110962591e-07
8.8592 9.4602239660127e-07 4.3304696590494e-07
8.8788 8.9915565666569e-07 4.1706204949253e-07
8.8984 8.5396191480041e-07 4.0122829819808e-07
8.918 8.103477432009e-07 3.8556768930228e-07
8.9376 7.6827656445114e-07 3.7010219500256e-07
8.9572 7.2763226496665e-07 3.5485356014327e-07
8.9768 6.8867750675837e-07 3.3984281795319e-07
8.9964 6.5117913450254e-07 3.2508939144183e-07
9.016 6.1512860527391e-07 3.1061182006851e-07
9.0356 5.8053379105746e-07 2.9642775184191e-07
9.0552 5.4740610420011e-07 2.8255308334191e-07
9.0748 5.1563293181726e-07 2.6900212860452e-07
9.0944 4.8522848113718e-07 2.5578874550334e-07
9.114 4.5610117113606e-07 2.4292484419801e-07
9.1336 4.2846439126323e-07 2.3042182752822e-07
9.1532 4.0191602761147e-07 2.1828917956273e-07
9.1728 3.7662160159711e-07 2.0653539398244e-07
9.1924 3.5213313232326e-07 1.9516591557083e-07
9.212 3.2921560331931e-07 1.8418877585684e-07
9.2316 3.074976258339e-07 1.7360658194744e-07
9.2512 2.8687345542851e-07 1.6342111695875e-07
9.2708 2.6733831735522e-07 1.5363314416833e-07
9.2904 2.4883459884394e-07 1.4424245113021e-07
9.31 2.3134040543351e-07 1.3524715207805e-07
9.3296 2.1481652845823e-07 1.2664419684143e-07
9.3492 1.992137009604e-07 1.1843025705342e-07
9.3688 1.8454196664287e-07 1.1060097661346e-07
9.3884 1.7074160915574e-07 1.0315039332668e-07
9.408 1.57783502283e-07 9.6072350776873e-08
9.4276 1.4563443813308e-07 8.9359496966468e-08
9.4472 1.3425804479573e-07 8.3003478270624e-08
9.4668 1.2362621949869e-07 7.6994957119761e-08
9.4864 1.1377164540788e-07 7.132464512433e-08
9.506 1.0451433001179e-07 6.5980559097291e-08
9.5256 9.5864928507224e-08 6.0951714835401e-08
9.5452 8.7815919422548e-08 5.6227058266658e-08
9.5648 8.0335672067411e-08 5.1795172575745e-08
9.5844 7.3393272693967e-08 4.764413967213e-08
9.604 6.6959340394628e-08 4.376230334313e-08
9.6236 6.1005586740632e-08 4.0138263387984e-08
9.6432 5.5504408322406e-08 3.6760552024456e-08
9.6628 5.0429435407963e-08 3.3617915546196e-08
9.6824 4.5755385147069e-08 3.0699395110344e-08
9.702 4.1457848227536e-08 2.7994237244736e-08
9.7216 3.7513536709399e-08 2.5491850277062e-08
9.7412 3.3903564256079e-08 2.3182031281472e-08
9.7608 3.0603329835849e-08 2.1054446763441e-08
9.7804 2.7616256499321e-08 1.9099955394944e-08
