0 0.038031697527282 0.00064205139881734
0.0196 0.038030022667864 0.00064177089142958
0.0392 0.038024998922367 0.0006409300501867
0.0588 0.038016628787577 0.00063953092082773
0.0784 0.038004916424805 0.00063757692321182
0.098 0.037989867659887 0.00063507286693915
0.1176 0.037971491773033 0.00063202555665292
0.1372 0.037949814669344 0.00062844815807016
0.1568 0.03792487747872 0.00062435953518396
0.1764 0.03789672589788 0.00061978070745974
0.196 0.037865408147444 0.00061473414116197
0.2156 0.037830975723138 0.00060924341067218
0.2352 0.037793477898591 0.00060333270584861
0.2548 0.037752965538057 0.0005970269307219
0.2744 0.037709490831463 0.00059035143941109
0.294 0.037663104783243 0.00058333187057726
0.3136 0.037613860519128 0.000575994291182
0.3332 0.037561806605278 0.00056836597231495
0.3528 0.03750699676181 0.00056047573384076
0.3724 0.037449480987179 0.00055235331837566
0.392 0.037389313407347 0.00054402791124602
0.4116 0.037326550251385 0.00053552917242511
0.4312 0.037261234061538 0.00052688579394383
0.4508 0.037193407699316 0.00051812593325051
0.4704 0.037123125577785 0.00050927730180694
0.49 0.03705043657223 0.00050036595374263
0.5096 0.036975384944907 0.00049141762442296
0.5292 0.036898010937297 0.00048245661280808
0.5488 0.036818346192324 0.00047350589105942
0.5684 0.036736423817213 0.00046458751237842
0.588 0.036652269426417 0.00045572225840015
0.6076 0.036565908797841 0.00044692948114393
0.6272 0.036477349270778 0.00043822674082123
0.6468 0.036386626103002 0.00042963119700159
0.6664 0.036293752091702 0.00042115749348254
0.686 0.036198744912488 0.00041281917577941
0.7056 0.036101617186011 0.00040462787317509
0.7252 0.036002379862524 0.00039659359147349
0.7448 0.035901042385693 0.00038872507069603
0.7644 0.035797602439414 0.00038102932058784
0.784 0.03569206058813 0.00037351197396265
0.8036 0.03558440616832 0.00036617779346658
0.8232 0.035474639442829 0.0003590300055768
0.8428 0.035362755299205 0.00035207073099194
0.8624 0.035248737068448 0.00034530072244649
0.882 0.035132586794922 0.00033871987064656
0.9016 0.035014281250978 0.00033232680966325
0.9212 0.034893820400811 0.00032611935173817
0.9408 0.034771186288726 0.0003200942055529
0.9604 0.034646364587994 0.00031424804550643
0.98 0.034519346011422 0.00030857706009107
0.9996 0.034390127226677 0.0003030775487365
1.0192 0.034258684483776 0.00029774449133206
1.0388 0.034125014689663 0.0002925736596749
1.0584 0.033989100990226 0.0002875599605968
1.078 0.033850933457305 0.00028269795663396
1.0976 0.03371051021864 0.00027798221112118
1.1172 0.033567832045486 0.00027340793956802
1.1368 0.033422882597522 0.00026896871110684
1.1564 0.033275657485397 0.00026466045593325
1.176 0.033126152129258 0.00026047819683582
1.1956 0.032974370466694 0.00025641775984738
1.2152 0.032820310321377 0.00025247548776269
1.2348 0.03266396382731 0.00024864675004202
1.2544 0.032505344499234 0.00024492835069435
1.274 0.032344446183725 0.00024131624394776
1.2936 0.032181279101525 0.0002378067787863
1.3132 0.032015845876957 0.00023439626549098
1.3328 0.031848151646728 0.00023108113855152
1.3524 0.031678206206739 0.00022785823176551
1.372 0.031506024942289 0.0002247249794729
1.3916 0.031331612221649 0.00022167836551016
1.4112 0.031154997786093 0.0002187160243715
1.4308 0.030976184562411 0.00021583492610427
1.4504 0.030795175761872 0.00021303253149951
1.47 0.030612004621388 0.00021030557901114
1.4896 0.030426682878304 0.00020765093245938
1.5092 0.030239234099275 0.00020506444006723
1.5288 0.030049652571978 0.00020254395120095
1.5484 0.029857969894435 0.00020008480605468
1.568 0.029664255582174 0.00019768393557981
1.5876 0.029468460705829 0.00019533900384121
1.6072 0.029270664979872 0.00019304582814828
1.6268 0.029070893853287 0.00019080171769901
1.6464 0.028869170788824 0.0001886031435405
1.666 0.028665540144594 0.00018644666521412
1.6856 0.028460027209221 0.00018432839951043
1.7052 0.02825267556857 0.00018224500564315
1.7248 0.028043469139428 0.00018019087818438
1.7444 0.027832603544258 0.00017816715246778
1.764 0.027619974759515 0.00017616669944621
1.7836 0.027405633291253 0.0001741892552299
1.8032 0.027189766918245 0.00017222896098425
1.8228 0.026972286703761 0.00017028686025694
1.8424 0.026753302713418 0.00016835994838048
1.862 0.026532870736833 0.00016644604858282
1.8816 0.026311044487796 0.00016454327905497
1.9012 0.026087887316965 0.00016264982202785
1.9208 0.025863459430541 0.00016076392533711
1.9404 0.025637825021028 0.00015888433949237
1.96 0.025411132145362 0.00015701241177945
1.9796 0.025183221121982 0.00015514222021191
1.9992 0.024954385474463 0.00015327948732972
2.0188 0.024724628342355 0.00015142255822469
2.0384 0.024494017269401 0.00014957211786553
2.058 0.024262626534919 0.00014772895298858
2.0776 0.024030526961225 0.00014589388551967
2.0972 0.023797786356395 0.0001440680341181
2.1168 0.023564486809161 0.00014225234510385
2.1364 0.023330625092359 0.00014044848975835
2.156 0.023096496054894 0.00013865796462344
2.1756 0.02286194503242 0.00013688358706073
2.1952 0.02262712331429 0.00013512776806361
2.2148 0.022392100626122 0.00013339306522632
2.2344 0.022156949718166 0.00013168220915568
2.254 0.021921735371438 0.00012999782316235
2.2736 0.021686538702879 0.00012834270398308
2.2932 0.021451416085075 0.00012671934452308
2.3128 0.021216448336045 0.00012513008043066
2.3324 0.020981695906684 0.00012357733349621
2.352 0.020747221128073 0.0001220633853104
2.3716 0.020513085658585 0.00012059071099998
2.3912 0.020279345454895 0.00011916147674283
2.4108 0.020046053111637 0.00011777753395008
2.4304 0.019813268761796 0.00011644034631887
2.45 0.019581046088308 0.00011515149376488
2.4696 0.019349446278092 0.00011391168174608
2.4892 0.019118497954379 0.00011272190319806
2.5088 0.018888273880917 0.00011158208113922
2.5284 0.018658815608504 0.00011049219255383
2.548 0.018430152222057 0.00010945074234839
2.5676 0.018202335299458 0.000108458225638
2.5872 0.017975401365878 0.00010751316750338
2.6068 0.017749376402418 0.00010661413903824
2.6264 0.017524299519581 0.00010575973916294
2.646 0.017300201487777 0.00010494810213225
2.6656 0.017077116389369 0.00010417709811554
2.6852 0.016855067341479 0.00010344409598318
2.7048 0.01663408636831 0.00010274684113184
2.7244 0.016414206162233 0.00010208248951542
2.744 0.016195447689584 0.00010144799052272
2.7636 0.015977836785398 0.00010084077402608
2.7832 0.015761394891658 0.00010025828051048
2.8028 0.015546081184215 9.9702564549228e-05
2.8224 0.015332111262888 9.9156183999912e-05
2.842 0.015118817389781 9.8640136924436e-05
2.8616 0.014907753451743 9.8120852733548e-05
2.8812 0.014697470901272 9.7621725129703e-05
2.9008 0.014488478092983 9.7131632808646e-05
2.9204 0.014280786570922 9.6647977546284e-05
2.94 0.014074427769352 9.6168668331116e-05
2.9596 0.013869414135491 9.569174064733e-05
2.9792 0.013665769235615 9.5215312992643e-05
2.9988 0.013463510969917 9.4737913813423e-05
3.0184 0.013262658461366 9.4257863658738e-05
3.038 0.013063233446566 9.3773898515435e-05
3.0576 0.012865252524016 9.328482586867e-05
3.0772 0.012668738174251 9.2789431914333e-05
3.0968 0.012473706071185 9.2286536219164e-05
3.1164 0.01228018174958 9.1775284024675e-05
3.136 0.012088175665621 9.1254751820891e-05
3.1556 0.011897713108932 9.0724344929283e-05
3.1752 0.011708812061182 9.0183673525027e-05
3.1948 0.011521512841293 8.9632381519289e-05
3.2144 0.011335808502305 8.9070266061352e-05
3.234 0.011151737427232 8.8497279037518e-05
3.2536 0.010969319065109 8.7913175008885e-05
3.2732 0.010788575801075 8.7318124005798e-05
3.2928 0.010609522864831 8.6712095026552e-05
3.3124 0.010432192041662 8.6095042307397e-05
3.332 0.010256340375673 8.5472363327506e-05
3.3516 0.010082748628505 8.482876557104e-05
3.3712 0.0099106717006409 8.4180123676711e-05
3.3908 0.0097403879568556 8.3521911206771e-05
3.4104 0.0095719088866485 8.2854629707567e-05
3.43 0.0094052502236244 8.2179152586679e-05
3.4496 0.0092404127080326 8.1495180399107e-05
3.4692 0.0090774241615333 8.0804262141121e-05
3.4888 0.0089163007266766 8.0106680501844e-05
3.5084 0.0087570436897201 7.9403051235961e-05
3.528 0.0085996593644369 7.8694047004067e-05
3.5476 0.0084441665762872 7.7980253012232e-05
3.5672 0.0082905602794958 7.726267013311e-05
3.5868 0.0081388545896752 7.6541949216855e-05
3.6064 0.0079890464661222 7.5818904517428e-05
3.626 0.0078411395365924 7.509434350769e-05
3.6456 0.0076951398786366 7.4369188270902e-05
3.6652 0.0075510363554171 7.3643681254085e-05
3.6848 0.0074088352366685 7.291887734689e-05
3.7044 0.007268535428663 7.2195478323713e-05
3.724 0.0071300900014947 7.147521796965e-05
3.7436 0.0069936049559228 7.0754143049677e-05
3.7632 0.0068589719935297 7.003759096074e-05
3.7828 0.0067262098048143 6.9324433595842e-05
3.8024 0.0065953118383464 6.8615255717097e-05
3.822 0.0064662695525531 6.7910414509504e-05
3.8416 0.0063390751514673 6.7210469606462e-05
3.8612 0.0062137105589071 6.6515577733701e-05
3.8808 0.0060901700703483 6.5826071945449e-05
3.9004 0.0059684338575093 6.5142210594908e-05
3.92 0.0058484943798108 6.446394249588e-05
3.9396 0.0057303330705052 6.3791405665098e-05
3.9592 0.0056139383706236 6.3124699956916e-05
3.9788 0.0054992900941361 6.2463917260922e-05
3.9984 0.0053863735771353 6.1809080308322e-05
4.018 0.0052751743818057 6.1160297764948e-05
4.0376 0.0051656745137908 6.0517462061395e-05
4.0572 0.0050578497554012 5.9880477280887e-05
4.0768 0.0049516919783405 5.9249295696794e-05
4.0964 0.0048471717350661 5.8623825605008e-05
4.116 0.0047442788561538 5.8003761568782e-05
4.1356 0.0046429963619417 5.7388873785154e-05
4.1552 0.0045433080447378 5.6779053217354e-05
4.1748 0.0044451948007103 5.617382182074e-05
4.1944 0.0043486411543687 5.5573345375235e-05
4.214 0.0042536300109584 5.4977247525003e-05
4.2336 0.0041601463749502 5.4385157309301e-05
4.2532 0.0040681696691034 5.3796995172537e-05
4.2728 0.0039776873856378 5.321233367384e-05
4.2924 0.0038886827584271 5.2630892070874e-05
4.312 0.0038011428134601 5.2052411472173e-05
4.3316 0.0037150503996027 5.1476498139089e-05
4.3512 0.0036303867512298 5.0902770878431e-05
4.3708 0.0035471458711296 5.0331087102227e-05
4.3904 0.0034653067052337 4.9761296915498e-05
4.41 0.0033848626026055 4.9193003196908e-05
4.4296 0.0033057825124242 4.8626290905998e-05
4.4492 0.0032281009784855 4.8060571303712e-05
4.4688 0.0031517590464467 4.7495983660226e-05
4.4884 0.003076753777829 4.6932110543075e-05
4.508 0.0030030824698775 4.6369021616314e-05
4.5276 0.0029307265888813 4.5806286673895e-05
4.5472 0.002859669831939 4.5243861690503e-05
4.5668 0.0027897787688707 4.4688378032037e-05
4.5864 0.0027214163087859 4.4119777615096e-05
4.606 0.0026541750606134 4.3558197289473e-05
4.6256 0.0025882180378227 4.2996405098374e-05
4.6452 0.0025234822663324 4.2434930088287e-05
4.6648 0.0024599723598476 4.1873693499369e-05
4.6844 0.0023976768252203 4.1312665182189e-05
4.704 0.002336583503645 4.0751950783294e-05
4.7236 0.0022766778811178 4.0191493795991e-05
4.7432 0.0022179511974238 3.9631382793903e-05
4.7628 0.0021603910090094 3.9071626710005e-05
4.7824 0.0021039754872524 3.8512435363958e-05
4.802 0.0020487005924243 3.7953775508105e-05
4.8216 0.0019945469256232 3.7395790979735e-05
4.8412 0.0019415024531661 3.6838760286301e-05
4.8608 0.0018896028236104 3.6280779342432e-05
4.8804 0.0018386980847689 3.5727846949772e-05
4.9 0.0017889073649352 3.5174136058334e-05
4.9196 0.0017401746778566 3.4621914001669e-05
4.9392 0.0016924885818634 3.4071270769192e-05
4.9588 0.0016458345419935 3.3522322062242e-05
4.9784 0.0016001915854828 3.2975423076165e-05
4.998 0.0015555611630938 3.2430326351463e-05
5.0176 0.0015119173985641 3.188774080888e-05
5.0372 0.0014692510117261 3.1347601038594e-05
5.0568 0.0014275308362131 3.0810888528965e-05
5.0764 0.0013867914417357 3.0275896834332e-05
5.096 0.0013469710172139 2.974467173856e-05
5.1156 0.0013080769871342 2.9216756389433e-05
5.1352 0.001270089147462 2.8692404226401e-05
5.1548 0.0012329980929377 2.8171829904888e-05
5.1744 0.0011967925985068 2.7655223116581e-05
5.194 0.0011614563729806 2.7143012521846e-05
5.2136 0.0011265946449477 2.6632605920036e-05
5.2332 0.0010933333527029 2.61318978509e-05
5.2528 0.001060522004407 2.563366349789e-05
5.2724 0.0010285292687602 2.514049930636e-05
5.292 0.00099733352264441 2.4652810586285e-05
5.3116 0.00096693563897391 2.4170101798447e-05
5.3312 0.00093730954564149 2.3693313010026e-05
5.3508 0.00090844696615022 2.3222285361264e-05
5.3704 0.00088033399343809 2.2757088155301e-05
5.39 0.00085295576301693 2.2298039823906e-05
5.4096 0.00082630119774694 2.1845190714483e-05
5.4292 0.00080031120568371 2.1398994501673e-05
5.4488 0.00077511034558112 2.095895609899e-05
5.4684 0.00075055804641775 2.0525553332352e-05
5.488 0.00072665233382687 2.0099273607384e-05
5.5076 0.00070341163134467 1.9679603708333e-05
5.5272 0.00068082070024467 1.9266814331698e-05
5.5468 0.00065885141248848 1.8861240003189e-05
5.5664 0.00063750525461074 1.8462261510176e-05
5.586 0.00061677743141595 1.806988610383e-05
5.6056 0.00059662936258194 1.7684819420903e-05
5.6252 0.00057706275932147 1.7306786492003e-05
5.6448 0.00055805149774956 1.693578184714e-05
5.6644 0.00053960211296405 1.6571552988706e-05
5.684 0.00052169801045785 1.6214074506243e-05
5.7036 0.00050431599440237 1.5863666302326e-05
5.7232 0.000487447531784 1.5520078078501e-05
5.7428 0.00047108107091831 1.5183198337833e-05
5.7624 0.00045520601147353 1.4852975585457e-05
5.782 0.00043980650468647 1.4529363815775e-05
5.8016 0.00042487223008988 1.4212196018903e-05
5.8212 0.00041039035714171 1.3901408685664e-05
5.8408 0.00039635067015673 1.3596872592043e-05
5.8604 0.00038273792862054 1.3298618386025e-05
5.88 0.00036954485785546 1.3006336009011e-05
5.8996 0.00035675319221638 1.2720047085539e-05
5.9192 0.00034436579072651 1.2439650096636e-05
5.9388 0.0003323569898566 1.2165067403404e-05
5.9584 0.0003207124890108 1.1896062127862e-05
5.978 0.00030945297875157 1.1632514991826e-05
5.9976 0.00029853477155032 1.1374332988312e-05
6.0172 0.00028795927382356 1.1121341564022e-05
6.0368 0.00027771616379182 1.0873449643994e-05
6.0564 0.00026779784724623 1.063059791082e-05
6.076 0.00025819342911769 1.0392375795762e-05
6.0956 0.00024889286064423 1.015896499841e-05
6.1152 0.00023988932337664 9.9301453510613e-06
6.1348 0.00023111553987998 9.705683021848e-06
6.1544 0.00022273779202682 9.4858365217765e-06
6.174 0.00021457195108649 9.270103560271e-06
6.1936 0.00020667099126767 9.0584622129549e-06
6.2132 0.00019902499426373 8.8508423696359e-06
6.2328 0.00019162614802947 8.6470155359926e-06
6.2524 0.00018447341240155 8.4472266321959e-06
6.272 0.00017755361418397 8.2509939388993e-06
6.2916 0.00017085998967787 8.058418850331e-06
6.3112 0.00016438682354539 7.8693830244641e-06
6.3308 0.00015810093397896 7.6840965818674e-06
6.3504 0.00015207695532266 7.5015402283304e-06
6.37 0.00014622931781337 7.3226377407058e-06
6.3896 0.0001405767418313 7.1469566351756e-06
6.4092 0.00013511293981233 6.9745597966025e-06
6.4288 0.00012983749428031 6.805273384571e-06
6.4484 0.00012474066006138 6.639230947952e-06
6.468 0.00011981816085156 6.4763151672111e-06
6.4876 0.00011506599771956 6.3165703856809e-06
6.5072 0.0001104778050501 6.1598561301463e-06
6.5268 0.00010604849157134 6.0062149617735e-06
6.5464 0.00010175824218866 5.8558470242313e-06
6.566 9.7649434483069e-05 5.7080906039593e-06
6.5856 9.3670019408212e-05 5.5635819129973e-06
6.6052 8.9835123409762e-05 5.4222067867441e-06
6.6248 8.6135499450921e-05 5.283864029096e-06
6.6444 8.2570000196478e-05 5.1486294944865e-06
6.664 7.9134670580374e-05 5.0164563957651e-06
6.6836 7.5826168341336e-05 4.8873530144868e-06
6.7032 7.2639112472333e-05 4.7613265031749e-06
6.7228 6.9570955374682e-05 4.638385085992e-06
6.7424 6.6614170944743e-05 4.5184979399206e-06
6.762 6.3773632075728e-05 4.4016382132972e-06
6.7816 6.1043478015934e-05 4.2877630407629e-06
6.8012 5.8408006264391e-05 4.1770173425316e-06
6.8208 5.5876764991785e-05 4.0692365958705e-06
6.8404 5.345052133995e-05 3.9643103438398e-06
6.86 5.1113324436398e-05 3.8624382302346e-06
6.8796 4.8875420771637e-05 3.7633895424605e-06
6.8992 4.671635266228e-05 3.6673435401532e-06
6.9188 4.4660457300435e-05 3.5739523426148e-06
6.9384 4.2679811979399e-05 3.4834512143107e-06
6.958 4.0781392412889e-05 3.3956914944552e-06
6.9776 3.8965235862705e-05 3.310656508346e-06
6.9972 3.7216023721804e-05 3.2280748408811e-06
7.0168 3.5546174183902e-05 3.1480876341551e-06
7.0364 3.3946366444103e-05 3.0705607589053e-06
7.056 3.2355639831584e-05 2.9948497013984e-06
7.0756 3.0951396879944e-05 2.9226084469833e-06
7.0952 2.954546561154e-05 2.8520628008331e-06
7.1148 2.8208827371638e-05 2.7836678330967e-06
7.1344 2.6928437514192e-05 2.7174229146985e-06
7.154 2.5704224205895e-05 2.6532217591468e-06
7.1736 2.4534524799272e-05 2.5909767094879e-06
7.1932 2.341904790087e-05 2.5305825308497e-06
7.2128 2.2353210332958e-05 2.4719344992861e-06
7.2324 2.1333492687518e-05 2.415080429831e-06
7.252 2.0368039229543e-05 2.3597952461143e-06
7.2716 1.9441614647172e-05 2.3061226316575e-06
7.2912 1.8558784266747e-05 2.2539498528655e-06
7.3108 1.7716541592515e-05 2.2032133391853e-06
7.3304 1.6913374235048e-05 2.1538520082216e-06
7.35 1.6147959866376e-05 2.1057891935087e-06
7.3696 1.5418247211677e-05 2.0589888153319e-06
7.3892 1.4722129923319e-05 2.0133683293338e-06
7.4088 1.405730469623e-05 1.9688772471304e-06
7.4284 1.3424745299577e-05 1.9254462692645e-06
7.448 1.2820758145407e-05 1.8830328141839e-06
7.4676 1.2244767896799e-05 1.8415871584776e-06
7.4872 1.1695152147795e-05 1.8010526657188e-06
7.5068 1.117145327524e-05 1.7614843959903e-06
7.5264 1.0669672939785e-05 1.7225638988142e-06
7.546 1.0191732185568e-05 1.684516954726e-06
7.5656 9.7352763558207e-06 1.6472233958249e-06
7.5852 9.2989418212685e-06 1.6106279017035e-06
7.6048 8.8818297840559e-06 1.5747064349459e-06
7.6244 8.4829948091647e-06 1.5394183396016e-06
7.644 8.1024902713091e-06 1.5047231164568e-06
7.6636 7.7382715673199e-06 1.470591199662e-06
7.6832 7.38992830857e-06 1.4369890619646e-06
7.7028 7.0560640858745e-06 1.4038797662967e-06
7.7224 6.7363580265154e-06 1.3712401837446e-06
7.742 6.4300216215931e-06 1.3390382726514e-06
7.7616 6.13654844136e-06 1.3072539848147e-06
7.7812 5.8555607130037e-06 1.2758482327125e-06
7.8008 5.5862579325632e-06 1.244809327043e-06
7.8204 5.3284135437427e-06 1.2141077382534e-06
7.84 5.0813961977094e-06 1.1837261447365e-06
7.8596 4.8444614888934e-06 1.153639949865e-06
7.8792 4.6163413048743e-06 1.1238092498422e-06
7.8988 4.3985668497383e-06 1.0942874288843e-06
7.9184 4.1908150206267e-06 1.065045652759e-06
7.938 3.9902930331452e-06 1.0360290427888e-06
7.9576 3.7977958666233e-06 1.0072471358055e-06
7.9772 3.6131456350248e-06 9.7869643088068e-07
7.9968 3.436232750992e-06 9.5037492118508e-07
8.0164 3.2661627300265e-06 9.2228085518328e-07
8.036 3.1033465169172e-06 8.9441479011275e-07
8.0556 2.9473636756873e-06 8.6677959440671e-07
8.0752 2.7982039362311e-06 8.393888723638e-07
8.0948 2.655003140976e-06 8.1223397940354e-07
8.1144 2.5175845265365e-06 7.8532887162446e-07
8.134 2.3861962306815e-06 7.5868736416799e-07
8.1536 2.2602830010532e-06 7.3232320885648e-07
8.1732 2.1396390924919e-06 7.0625085902968e-07
8.1928 2.0241943929746e-06 6.8049113471608e-07
8.2124 1.9138721134253e-06 6.5505830108998e-07
8.232 1.8084141224882e-06 6.2997075856109e-07
8.2516 1.7077940772068e-06 6.0524775099576e-07
8.2712 1.6116205077455e-06 5.8090820635768e-07
8.2908 1.5198596722065e-06 5.5697354936862e-07
8.3104 1.4324432180216e-06 5.334628690695e-07
8.33 1.3491430888628e-06 5.1039331892576e-07
8.3496 1.2699556263216e-06 4.8779246346372e-07
8.3692 1.1945125520045e-06 4.6567581282274e-07
8.3888 1.1228884595502e-06 4.4405856955215e-07
8.4084 1.0546649037882e-06 4.2295959823518e-07
8.428 9.9004166374401e-07 4.0239271430116e-07
8.4476 9.287556371282e-07 3.8237434472059e-07
8.4672 8.7072974915587e-07 3.6291904048261e-07
8.4868 8.158628472475e-07 3.4404491109538e-07
8.5064 7.6396574180574e-07 3.2576133230947e-07
8.526 7.1501362036213e-07 3.080795533955e-07
8.5456 6.6867762319358e-07 2.910088598402e-07
8.5652 6.251244098746e-07 2.745577376328e-07
8.5848 5.842911854533e-07 2.5873619576373e-07
8.6044 5.4596626388954e-07 2.4354158941533e-07
8.624 5.0990279524509e-07 2.2898376758263e-07
8.6436 4.7614592264547e-07 2.1506651823149e-07
8.6632 4.4456239928966e-07 2.0179332000872e-07
8.6828 4.1510210913731e-07 1.8916817390467e-07
8.7024 3.8755285915235e-07 1.7719542496025e-07
8.722 3.6196108877412e-07 1.6588121754575e-07
8.7416 3.3831526110659e-07 1.5523351491841e-07
8.7612 3.1625280547566e-07 1.4525581657002e-07
8.7808 2.9589885147274e-07 1.3595988733232e-07
8.8004 2.7713596484362e-07 1.2735741039258e-07
8.82 2.5989270377455e-07 1.1946127633038e-07
8.8396 2.4410279629723e-07 1.1228605011185e-07
8.8592 2.2824381007378e-07 1.0583534145457e-07
8.8788 2.1511376440288e-07 1.0015267947858e-07
8.8984 2.0338929397767e-07 9.5236486193859e-08
8.918 1.9285994374826e-07 9.1094571885745e-08
8.9376 1.8334811764514e-07 8.7729072582758e-08
8.9572 1.7491046593246e-07 8.5134187663274e-08
8.9768 1.6742475234895e-07 8.3290547610237e-08
8.9964 1.6085421792083e-07 8.2166489324527e-08
9.016 1.5514322405945e-07 8.1717139877822e-08
9.0356 1.5023070270024e-07 8.1886703297672e-08
9.0552 1.4604646593298e-07 8.2611433778659e-08
9.0748 1.4250044052054e-07 8.3823172004771e-08
9.0944 1.3955266556622e-07 8.5453577077233e-08
9.114 1.3714805205851e-07 8.7435892100697e-08
9.1336 1.3524691502941e-07 8.9707878236385e-08
9.1532 1.3380322436363e-07 9.2212606467633e-08
9.1728 1.3269620796066e-07 9.4898347860356e-08
9.1924 1.3200514834897e-07 9.7720624394844e-08
9.212 1.3165179475051e-07 1.0063912355359e-07
9.2316 1.3160021749211e-07 1.0361836468202e-07
9.2512 1.3182605951999e-07 1.0662707910879e-07
9.2708 1.3225870416578e-07 1.0963700522469e-07
9.2904 1.3287656199476e-07 1.1262350715019e-07
9.31 1.3368056416012e-07 1.1556424770061e-07
9.3296 1.346160472263e-07 1.1843860941142e-07
9.3492 1.3564975841832e-07 1.2122801731486e-07
9.3688 1.3675128780861e-07 1.239155543277e-07
9.3884 1.3789204007641e-07 1.2648588135742e-07
9.408 1.3904456780193e-07 1.2892511018929e-07
9.4276 1.4018497921955e-07 1.3122092130953e-07
9.4472 1.4129359993943e-07 1.3336191628802e-07
9.4668 1.4226449626513e-07 1.3533762103403e-07
9.4864 1.4322793209492e-07 1.371396796142e-07
9.506 1.4409655178376e-07 1.3875906317761e-07
9.5256 1.4485715176916e-07 1.4018811719296e-07
9.5452 1.4503446381865e-07 1.4141687086538e-07
9.5648 1.4555709113786e-07 1.4244513396677e-07
9.5844 1.4593128473953e-07 1.4326408688993e-07
9.604 1.4614741716392e-07 1.4386923686768e-07
9.6236 1.4619630785767e-07 1.4425706005018e-07
9.6432 1.4583503639283e-07 1.4442353620532e-07
9.6628 1.45563223277e-07 1.4437010328905e-07
9.6824 1.4510093816446e-07 1.4409407959306e-07
9.702 1.4444366340087e-07 1.4359497221367e-07
9.7216 1.435884719264e-07 1.4287329664517e-07
9.7412 1.4253371885204e-07 1.4193039371254e-07
9.7608 1.4127887873231e-07 1.4076869985683e-07
9.7804 1.3982555071559e-07 1.3939253132481e-07
