0 0.020582479680693 0.00027949643654596
0.0196 0.020582262348406 0.0002793868414278
0.0392 0.020581610514262 0.00027905836652312
0.0588 0.020580524666722 0.00027851194440531
0.0784 0.020579005619882 0.00027774913351525
0.098 0.020577054513482 0.00027677212444143
0.1176 0.020574672932568 0.00027558394142393
0.1372 0.020571863748552 0.0002741898789655
0.1568 0.020568631093953 0.00027259726927511
0.1764 0.020564979506758 0.00027081426334616
0.196 0.020560913402146 0.00026884956430014
0.2156 0.020556438206779 0.00026671236020579
0.2352 0.020551559104517 0.00026441211733484
0.2548 0.020546279589426 0.00026195854159481
0.2744 0.020540605499793 0.00025936155984462
0.294 0.020534541507664 0.00025663123995825
0.3136 0.020528093039621 0.00025377780560101
0.3332 0.020521263625071 0.00025081190727174
0.3528 0.020514055894555 0.00024774481465823
0.3724 0.020506472110672 0.00024458800918141
0.392 0.020498515590352 0.00024135292164387
0.4116 0.020490187340515 0.00023805106361768
0.4312 0.020481490904659 0.00023469335096351
0.4508 0.020472428776278 0.00023129077109043
0.4704 0.020462997265682 0.00022785360729796
0.49 0.020453200810269 0.00022439207943192
0.5096 0.020443035156807 0.00022091562409643
0.5292 0.020432505593996 0.00021743362249036
0.5488 0.020421604489915 0.00021395456640683
0.5684 0.02041033297878 0.00021048729312795
0.588 0.020398684107976 0.00020703949906802
0.6076 0.020386659005462 0.00020361866951268
0.6272 0.02037425265454 0.00020023179570083
0.6468 0.020361456936998 0.00019688501398928
0.6664 0.020348274168424 0.00019358399988482
0.686 0.020334696347133 0.00019033372812785
0.7056 0.02032071875114 0.00018713850489018
0.7252 0.020306339350556 0.00018400202202195
0.7448 0.020291552462778 0.00018092743493729
0.7644 0.020276349259411 0.00017791739734665
0.784 0.020260723874076 0.00017497424977305
0.8036 0.020244671306724 0.00017209961170247
0.8232 0.020228184275384 0.00016929473946477
0.8428 0.020211256311046 0.00016656049866462
0.8624 0.020193884393554 0.0001638971803095
0.882 0.020176060229252 0.000161304567505
0.9016 0.020157777831804 0.00015878226652723
0.9212 0.020139023073768 0.00015632901949834
0.9408 0.020119793394721 0.00015394376017261
0.9604 0.020100076827755 0.00015162534678794
0.98 0.020079864403002 0.00014937236954942
0.9996 0.02005915217442 0.00014718334125128
1.0192 0.020037929903318 0.00014505673876217
1.0388 0.020016184508546 0.00014299081220461
1.0584 0.019993905495256 0.00014098364154499
1.078 0.019971086158629 0.0001390333027514
1.0976 0.019947717167267 0.00013713777828399
1.1172 0.019923783268157 0.00013529493023603
1.1368 0.019899277660506 0.00013350288382535
1.1564 0.019874193675369 0.00013175963996587
1.176 0.019848512760343 0.00013006366054484
1.1956 0.019822222597682 0.00012841343133516
1.2152 0.019795314147423 0.00012680734897552
1.2348 0.019767777285823 0.0001252440280787
1.2544 0.01973959795912 0.00012372191939491
1.274 0.01971076265152 0.00012223936980679
1.2936 0.019681271950156 0.00012079511871487
1.3132 0.019651106316746 0.00011938733562248
1.3328 0.01962025871746 0.0001180146286203
1.3524 0.019588710541033 0.00011667627086867
1.372 0.019556473590911 0.00011536920525073
1.3916 0.01952351726406 0.00011409425858473
1.4112 0.019489839762002 0.00011284972969505
1.4308 0.019455439176451 0.00011163459352045
1.4504 0.019420290510065 0.00011044775126699
1.47 0.01938440836444 0.00010928779094759
1.4896 0.01934776564207 0.00010815379415545
1.5092 0.019310358695234 0.00010704449812301
1.5288 0.01927218135043 0.00010595933880916
1.5484 0.019233231965981 0.00010489490772216
1.568 0.019193495525514 0.00010385285930341
1.5876 0.019152963898422 0.00010283157220108
1.6072 0.019111631939462 0.00010183016467171
1.6268 0.019069490703509 0.0001008480398076
1.6464 0.01902653223451 9.9884486665802e-05
1.666 0.018982750094626 9.893864091449e-05
1.6856 0.018938137237039 9.8009758394752e-05
1.7052 0.018892681033493 9.7096939827292e-05
1.7248 0.018846374853136 9.6199376605569e-05
1.7444 0.018799214044588 9.5316429444049e-05
1.764 0.018751180863279 9.4447911642871e-05
1.7836 0.018702293735875 9.3592579065277e-05
1.8032 0.018652519577306 9.2750942599537e-05
1.8228 0.018601859905874 9.192246195736e-05
1.8424 0.018550305390451 9.110672062813e-05
1.862 0.018497851433531 9.0303406487306e-05
1.8816 0.018444491758602 8.9511966490838e-05
1.9012 0.018390217459812 8.8732021814257e-05
1.9208 0.018335077331086 8.7960462022297e-05
1.9404 0.018278896725233 8.7204316949777e-05
1.96 0.018221846607126 8.6455821471591e-05
1.9796 0.01816388335693 8.5717249747034e-05
1.9992 0.018104946882679 8.4988173043502e-05
2.0188 0.018045092444541 8.4268322460796e-05
2.0384 0.017984304143861 8.3557440321151e-05
2.058 0.017922576301273 8.2855087379299e-05
2.0776 0.017859904892155 8.2160772958924e-05
2.0972 0.017796295212966 8.1474200071121e-05
2.1168 0.017731701928835 8.0796845092379e-05
2.1364 0.017666254161901 8.0121416089019e-05
2.156 0.017599825738222 7.9454360537704e-05
2.1756 0.017532458987539 7.8793102957683e-05
2.1952 0.017464159178764 7.8137323186676e-05
2.2148 0.017394929863236 7.7486857778902e-05
2.2344 0.017324775821493 7.6841402681982e-05
2.254 0.017253696372795 7.6200723732237e-05
2.2736 0.017181702681669 7.5564691586653e-05
2.2932 0.017108798356488 7.4933016857191e-05
2.3128 0.017034987089531 7.4305571562016e-05
2.3324 0.016960277034206 7.368204780717e-05
2.352 0.016884672916684 7.3062400456253e-05
2.3716 0.01680817291119 7.2446563486387e-05
2.3912 0.016730808597383 7.1835419393113e-05
2.4108 0.016652565652771 7.1228393668648e-05
2.4304 0.016573455012113 7.0626096693668e-05
2.45 0.016493489344803 7.0028582674567e-05
2.4696 0.016412681631572 6.9436210201597e-05
2.4892 0.016331038755404 6.8849189694702e-05
2.5088 0.016248568687223 6.8267788413018e-05
2.5284 0.016165287751215 6.7692362026974e-05
2.548 0.016081203915254 6.7123081253515e-05
2.5676 0.015996330250471 6.6560385106475e-05
2.5872 0.015910680331085 6.6004459744495e-05
2.6068 0.015824267779886 6.5456097270762e-05
2.6264 0.015737100515487 6.4915141007927e-05
2.646 0.01564919855488 6.4382253703963e-05
2.6656 0.015560572274964 6.3857580905989e-05
2.6852 0.015471236226065 6.3341243653119e-05
2.7048 0.015381308890247 6.2836869407137e-05
2.7244 0.015290482411937 6.233388532241e-05
2.744 0.015199098669925 6.1843090069504e-05
2.7636 0.015107008878228 6.1362158428118e-05
2.7832 0.015014381516056 6.0887229422211e-05
2.8028 0.014921077205143 6.0422144606912e-05
2.8224 0.014827165807468 5.9965574381748e-05
2.842 0.0147326553141 5.9517445103515e-05
2.8616 0.014637563652843 5.9077644596442e-05
2.8812 0.014541900203994 5.8645836729574e-05
2.9008 0.014445683711845 5.8221932641574e-05
2.9204 0.014348926229066 5.7805273135825e-05
2.94 0.014251636889829 5.7395768910878e-05
2.9596 0.0141538318655 5.6993160990968e-05
2.9792 0.014055513656698 5.659721274246e-05
2.9988 0.013956700868177 5.6207746460475e-05
3.0184 0.013857235039136 5.5824620608297e-05
3.038 0.013757621819467 5.5447706840112e-05
3.0576 0.013657643727753 5.507454604637e-05
3.0772 0.01355666927258 5.4711567810928e-05
3.0968 0.013455514553061 5.4351891074773e-05
3.1164 0.013353945268709 5.3996285926855e-05
3.136 0.013251897080885 5.3648520533941e-05
3.1556 0.013149450652762 5.3304601397563e-05
3.1752 0.013046589157377 5.2965626290489e-05
3.1948 0.012943319188714 5.2631979414496e-05
3.2144 0.012839650845869 5.2303400092991e-05
3.234 0.012735592282035 5.1979978158912e-05
3.2536 0.01263115362009 5.1661728126122e-05
3.2732 0.012526327303302 5.1348488299015e-05
3.2928 0.012421139957401 5.1040187892574e-05
3.3124 0.012315601591029 5.0736702470241e-05
3.332 0.01220952689685 5.0443696485264e-05
3.3516 0.012103479541188 5.0143647203023e-05
3.3712 0.011996907771438 4.9854049128281e-05
3.3908 0.011890035024384 4.9568916004543e-05
3.4104 0.011782848351788 4.9288314155975e-05
3.43 0.01167535695057 4.9011813032442e-05
3.4496 0.011567597220971 4.8740366113342e-05
3.4692 0.011459557493562 4.8472806728628e-05
3.4888 0.011351255641205 4.8209346088251e-05
3.5084 0.011242705785777 4.7949784072373e-05
3.528 0.011133916006222 4.769391473085e-05
3.5476 0.011024905612657 4.7441635556743e-05
3.5672 0.010915788087457 4.7193014548287e-05
3.5868 0.010806278596584 4.694773916907e-05
3.6064 0.01069666733573 4.670582238577e-05
3.626 0.01058666214745 4.6476264575892e-05
3.6456 0.010477019982081 4.623287692483e-05
3.6652 0.010366978946186 4.6001118300993e-05
3.6848 0.010256811690153 4.5772269427295e-05
3.7044 0.010146458311622 4.5547905778216e-05
3.724 0.010036196240743 4.5322895784108e-05
3.7436 0.0099257946752528 4.5102382721915e-05
3.7632 0.0098153021538438 4.4882711852605e-05
3.7828 0.0097047867382837 4.4665837449672e-05
3.8024 0.0095942328365201 4.4451260712832e-05
3.822 0.0094837096909612 4.423699203461e-05
3.8416 0.0093732430610906 4.4026234707395e-05
3.8612 0.0092626985862339 4.3813148765487e-05
3.8808 0.0091522603207294 4.3602434826015e-05
3.9004 0.0090418948824998 4.3392067522845e-05
3.92 0.0089316084062511 4.318163682934e-05
3.9396 0.0088214384281728 4.2970753249608e-05
3.9592 0.0087113863164632 4.2759544740736e-05
3.9788 0.0086009553603292 4.2521211004708e-05
3.9984 0.0084917456041269 4.2333886108054e-05
4.018 0.0083821934368714 4.2119153911887e-05
4.0376 0.0082728479031262 4.1902895502276e-05
4.0572 0.0081637296986492 4.1684817169749e-05
4.0768 0.0080548594241993 4.146480445987e-05
4.0964 0.0079462578215106 4.124257851802e-05
4.116 0.0078379454284801 4.1018005265259e-05
4.1356 0.0077299463760708 4.0790778595292e-05
4.1552 0.0076222779962683 4.0560911989407e-05
4.1748 0.0075149637826977 4.032836186545e-05
4.1944 0.0074080287526257 4.0093118036606e-05
4.214 0.0073014918107391 3.9855146661746e-05
4.2336 0.0071953589910125 3.9614562714289e-05
4.2532 0.0070897055596919 3.9371146792435e-05
4.2728 0.006984497578419 3.9125528469885e-05
4.2924 0.0068797737091389 3.8876801047354e-05
4.312 0.0067755633967701 3.8625632560856e-05
4.3316 0.0066718864117883 3.8371866300988e-05
4.3512 0.0065690568934167 3.8111431103072e-05
4.3708 0.0064662121584493 3.7857113696436e-05
4.3904 0.006364261999971 3.759618941537e-05
4.41 0.0062629280642139 3.7333161086188e-05
4.4296 0.0061622322910884 3.7068163051654e-05
4.4492 0.0060622005494292 3.6801261097236e-05
4.4688 0.0059628508995559 3.6532836282904e-05
4.4884 0.005864192413512 3.6261986979626e-05
4.508 0.005766253983358 3.5989791324454e-05
4.5276 0.0056690638798049 3.571592539752e-05
4.5472 0.0055731379331277 3.54723567238e-05
4.5668 0.0054769871375725 3.5163583602957e-05
4.5864 0.0053821218409281 3.4884518971952e-05
4.606 0.0052880779071455 3.460426456812e-05
4.6256 0.005194861167119 3.4322603103352e-05
4.6452 0.0051024893216774 3.4039523736612e-05
4.6648 0.0050109800861411 3.3755020995707e-05
4.6844 0.0049203444175026 3.3469071917938e-05
4.704 0.0048305927909973 3.3181694244201e-05
4.7236 0.0047417540688855 3.2892697810322e-05
4.7432 0.0046538270497033 3.2602310384194e-05
4.7628 0.0045668249536873 3.2310269839422e-05
4.7824 0.0044807567710338 3.2016967970444e-05
4.802 0.0043956352850852 3.1722192803509e-05
4.8216 0.0043114445421836 3.1425500097151e-05
4.8412 0.0042282526353421 3.1128668828513e-05
4.8608 0.0041457036352671 3.0820777918871e-05
4.8804 0.0040647717323897 3.0530260878861e-05
4.9 0.0039844955065492 3.0229317324385e-05
4.9196 0.0039052047423901 2.9927322794132e-05
4.9392 0.0038269068654739 2.9624326007669e-05
4.9588 0.0037496044017069 2.9320426259191e-05
4.9784 0.003673298814701 2.9016263764715e-05
4.998 0.0035979939316214 2.8710419872714e-05
5.0176 0.0035236917858473 2.8404579972184e-05
5.0372 0.0034503878356156 2.8098500562968e-05
5.0568 0.0033780944750827 2.7792027732153e-05
5.0764 0.0033068018269405 2.7485553764509e-05
5.096 0.0032366189094392 2.7179661185234e-05
5.1156 0.0031672236170198 2.6872975878367e-05
5.1352 0.0030989398533849 2.6567051429851e-05
5.1548 0.0030316530333 2.6261615365226e-05
5.1744 0.0029653665569618 2.5956762461608e-05
5.194 0.0029000679273761 2.5652667671487e-05
5.2136 0.0028357744900616 2.53497078119e-05
5.2332 0.0027724675720486 2.504758601417e-05
5.2528 0.0027101457431313 2.4746706185564e-05
5.2724 0.0026488061492732 2.4447089804603e-05
5.292 0.0025884473989071 2.4148817572118e-05
5.3116 0.0025290588127397 2.3852172283226e-05
5.3312 0.0024706409970802 2.3557025944943e-05
5.3508 0.0024131875376658 2.3263480104086e-05
5.3704 0.0023571154849658 2.2978043395574e-05
5.39 0.0023011477536586 2.26818351992e-05
5.4096 0.0022463525932529 2.2398763991864e-05
5.4292 0.0021929020639112 2.2107595741807e-05
5.4488 0.0021401814480973 2.1823540146733e-05
5.4684 0.0020883896913529 2.1541506779344e-05
5.488 0.0020375214016245 2.1261564114937e-05
5.5076 0.001987564792605 2.0983661617853e-05
5.5272 0.0019385125115672 2.0708036498698e-05
5.5468 0.0018903586736225 2.0434525288879e-05
5.5664 0.0018431033962154 2.0162909378432e-05
5.586 0.0017967273076162 1.9893595923278e-05
5.6056 0.0017512232166234 1.9626382366517e-05
5.6252 0.0017065883119629 1.9361769981143e-05
5.6448 0.0016626336620229 1.91015121014e-05
5.6644 0.0016199105734172 1.8838362027398e-05
5.684 0.0015779954385377 1.8576598946419e-05
5.7036 0.0015365887134514 1.832361949707e-05
5.7232 0.0014961761296149 1.8069479581825e-05
5.7428 0.0014565890654537 1.7817816759199e-05
5.7624 0.0014177925225262 1.7567632601843e-05
5.782 0.0013798045144381 1.7319746181137e-05
5.8016 0.0013426096749236 1.7073892014187e-05
5.8212 0.0013061958579716 1.6830107180893e-05
5.8408 0.0012705545202592 1.6588320131523e-05
5.8604 0.0012356771527187 1.6348518238339e-05
5.88 0.001201551123664 1.6110710608829e-05
5.8996 0.001168146666203 1.5874116357436e-05
5.9192 0.0011355095193752 1.5640454074639e-05
5.9388 0.001103601020822 1.5408890595365e-05
5.9584 0.0010723917230759 1.5178752756147e-05
5.978 0.0010418885748581 1.4950396501239e-05
5.9976 0.0010120333385547 1.4724520495828e-05
6.0172 0.00098301659441895 1.4501183536321e-05
6.0368 0.00095449050104894 1.427662215228e-05
6.0564 0.00092669145576192 1.4055715870998e-05
6.076 0.00089954979134663 1.3836475175165e-05
6.0956 0.00087304827269418 1.3619135824728e-05
6.1152 0.00084717823664515 1.3403630152597e-05
6.1348 0.00082190658403008 1.3190185602872e-05
6.1544 0.00079703239476518 1.2986012310136e-05
6.174 0.00077323227178065 1.2767921252614e-05
6.1936 0.00075022619904066 1.2569303031792e-05
6.2132 0.000726784688824 1.2356482098235e-05
6.2328 0.00070457394731391 1.2148178657852e-05
6.2524 0.00068296989396005 1.1945511468703e-05
6.272 0.00066159932821331 1.1744275148207e-05
6.2916 0.00064092470187351 1.1544620372259e-05
6.3112 0.00062074910502234 1.134637159548e-05
6.3308 0.00060113190903362 1.1150881432839e-05
6.3504 0.00058180834454004 1.0949052067055e-05
6.37 0.00056336036793854 1.0764007624514e-05
6.3896 0.00054520923641521 1.0573086302289e-05
6.4092 0.00052753158392191 1.0383772063204e-05
6.4288 0.00051032184407756 1.0196115333589e-05
6.4484 0.00049356921765928 1.0010090603465e-05
6.468 0.00047727113461644 9.82562322383e-06
6.4876 0.0004613987250036 9.6428161120132e-06
6.5072 0.00044594042691609 9.4618984544435e-06
6.5268 0.0004309552364395 9.2817795438986e-06
6.5464 0.00041640392688744 9.102871961565e-06
6.566 0.00040216071192643 8.9270668542391e-06
6.5856 0.00038834314046865 8.7525347799239e-06
6.6052 0.00037482539362478 8.5816213785999e-06
6.6248 0.00036193284409635 8.4062221393575e-06
6.6444 0.00034916595732086 8.2365881023804e-06
6.664 0.00033699332235359 8.0673146572084e-06
6.6836 0.00032504783511815 7.8990976966797e-06
6.7032 0.00031346893322417 7.7335377337322e-06
6.7228 0.00030222832672439 7.569237889886e-06
6.7424 0.00029132280963878 7.4066092193307e-06
6.762 0.00028074292906385 7.2455580843388e-06
6.7816 0.0002704858342029 7.0862643834476e-06
6.8012 0.00026041737395205 6.9294002371181e-06
6.8208 0.00025090130230248 6.7727530585957e-06
6.8404 0.00024156101200618 6.6186852168813e-06
6.86 0.0002325141633479 6.4664521959731e-06
6.8796 0.00022365965117249 6.3186179738194e-06
6.8992 0.00021526460626813 6.1678304145084e-06
6.9188 0.00020705254788996 6.0215044169695e-06
6.9384 0.00019910737797949 5.8772468999475e-06
6.958 0.00019141861390651 5.7351159537183e-06
6.9776 0.00018400292836496 5.5963049575221e-06
6.9972 0.00017679368111933 5.4574431729681e-06
7.0168 0.00016984536745879 5.3220345768228e-06
7.0364 0.00016310469465782 5.1895177487231e-06
7.056 0.00015661012229766 5.0573120510903e-06
7.0756 0.00015032445826 4.9304355084041e-06
7.0952 0.00014432481484849 4.804243794427e-06
7.1148 0.00013845795921603 4.6803350764317e-06
7.1344 0.00013284612748478 4.56049964924e-06
7.154 0.00012739030743292 4.4429988753709e-06
7.1736 0.00012214568810355 4.3276496260027e-06
7.1932 0.00011709081384807 4.215101037702e-06
7.2128 0.00011223490060434 4.1046672953706e-06
7.2324 0.00010753910504781 3.9974900702699e-06
7.252 0.00010300126859668 3.8933602688859e-06
7.2716 9.8658968638377e-05 3.7913092979793e-06
7.2912 9.4464495841212e-05 3.692314864488e-06
7.3108 9.0220558454908e-05 3.5948926996775e-06
7.3304 8.6522732695577e-05 3.5028527439028e-06
7.35 8.2801742353734e-05 3.4119553254861e-06
7.3696 7.9220186536326e-05 3.3236395198954e-06
7.3892 7.5723133239848e-05 3.2375492090626e-06
7.4088 7.2388647186412e-05 3.1562050227665e-06
7.4284 6.9208572853771e-05 3.0758608047826e-06
7.448 6.6191350810003e-05 2.997564354546e-06
7.4676 6.3260316086207e-05 2.9221423623225e-06
7.4872 6.0439095070028e-05 2.8493414850936e-06
7.5068 5.7728066157567e-05 2.7789847466025e-06
7.5264 5.5122908962334e-05 2.7106855194241e-06
7.546 5.2645639540002e-05 2.644714763674e-06
7.5656 5.0261035705868e-05 2.5808552316336e-06
7.5852 4.7965240705114e-05 2.5190562364927e-06
7.6048 4.5781726150876e-05 2.4594740019398e-06
7.6244 4.3682601801168e-05 2.4015106877785e-06
7.644 4.1668058731721e-05 2.345561066585e-06
7.6636 3.9752958180227e-05 2.2912371894271e-06
7.6832 3.7905082464315e-05 2.23876485206e-06
7.7028 3.6147640726047e-05 2.1877445220836e-06
7.7224 3.4463578675893e-05 2.1382771590137e-06
7.742 3.2852034714805e-05 2.0902420592674e-06
7.7616 3.1314195362851e-05 2.0434438611133e-06
7.7812 2.9840049572299e-05 1.9980757285474e-06
7.8008 2.8437670671223e-05 1.9537731573116e-06
7.8204 2.7095469442932e-05 1.9105961585631e-06
7.84 2.5814630382323e-05 1.8684417856932e-06
7.8596 2.4590978802463e-05 1.8272722303409e-06
7.8792 2.3423874195987e-05 1.7869806973135e-06
7.8988 2.2309543045226e-05 1.7475266900302e-06
7.9184 2.12438572993e-05 1.7088288967985e-06
7.938 2.0230367107774e-05 1.6708855947309e-06
7.9576 1.9261573953586e-05 1.6336010806071e-06
7.9772 1.831055338695e-05 1.5970512982466e-06
7.9968 1.7449361452372e-05 1.560809798188e-06
8.0164 1.6612536305229e-05 1.5251861474779e-06
8.036 1.5812296417914e-05 1.4900557072524e-06
8.0556 1.5037994505953e-05 1.4554735847223e-06
8.0752 1.4313047484303e-05 1.4211975038534e-06
8.0948 1.3617953088286e-05 1.3873620105085e-06
8.1144 1.2955258672965e-05 1.3539116783645e-06
8.134 1.2323660636977e-05 1.3208271592762e-06
8.1536 1.1721625011688e-05 1.2880510816418e-06
8.1732 1.1146126986225e-05 1.2556122506717e-06
8.1928 1.0602537537624e-05 1.2234659144888e-06
8.2124 1.0074942747779e-05 1.1916722441524e-06
8.232 9.5847498290195e-06 1.1601340059221e-06
8.2516 9.1048628622473e-06 1.1289451068154e-06
8.2712 8.6525824498495e-06 1.0980331162264e-06
8.2908 8.2205170252539e-06 1.0674335083047e-06
8.3104 7.802682808304e-06 1.0371616848668e-06
8.33 7.4136851693113e-06 1.0071451324901e-06
8.3496 7.0390528024107e-06 9.7746486658563e-07
8.3692 6.6812028295302e-06 9.4810889747528e-07
8.3888 6.335564168419e-06 9.1910435245581e-07
8.4084 6.0121242362502e-06 8.9040356850223e-07
8.428 5.7035689940674e-06 8.62052109779e-07
8.4476 5.4063186531104e-06 8.3406815322142e-07
8.4672 5.1193545820225e-06 8.0642709818212e-07
8.4868 4.8534404917531e-06 7.7923558913025e-07
8.5064 4.5959009026465e-06 7.5241282118097e-07
8.526 4.2417252053707e-06 7.1603555988967e-07
8.5456 4.116799698539e-06 7.0000524086958e-07
8.5652 3.8942189278182e-06 6.7444698585426e-07
8.5848 3.6824122577522e-06 6.4933839414552e-07
8.6044 3.4793742249191e-06 6.2469574687622e-07
8.624 3.2862917113609e-06 6.0052355393979e-07
8.6436 3.1032485487178e-06 5.7683607714636e-07
8.6632 2.9286470709508e-06 5.536494843206e-07
8.6828 2.7623350318466e-06 5.3097486375755e-07
8.7024 2.6037080997331e-06 5.0882829297794e-07
8.722 2.4539442510713e-06 4.8721538443783e-07
8.7416 2.3107318249744e-06 4.661525759447e-07
8.7612 2.1742620153332e-06 4.4564675599357e-07
8.7808 2.0451809249198e-06 4.2570116940457e-07
8.8004 1.9223478776207e-06 4.0632627207801e-07
8.82 1.8057554777527e-06 3.8752538471331e-07
8.8396 1.6960042988964e-06 3.6930306720911e-07
8.8592 1.5916591953562e-06 3.5166249912993e-07
8.8788 1.4925311578936e-06 3.3461013669149e-07
8.8984 1.3985265971836e-06 3.1814252220675e-07
8.918 1.3097939937276e-06 3.0226286973792e-07
8.9376 1.2257720281777e-06 2.8697060036618e-07
8.9572 1.1467832703898e-06 2.7226322783384e-07
8.9768 1.0720903000383e-06 2.5813695481728e-07
8.9964 1.0015279554916e-06 2.4458601796367e-07
9.016 9.3473049821607e-07 2.3160454076431e-07
9.0356 8.7070396946092e-07 2.1918431465769e-07
9.0552 8.1276670456463e-07 2.073178254449e-07
9.0748 7.5724002605252e-07 1.959954053033e-07
9.0944 7.0517710089336e-07 1.8520580366471e-07
9.114 6.5618938518108e-07 1.7493684007873e-07
9.1336 6.1011023949387e-07 1.6517436113319e-07
9.1532 5.6703107645726e-07 1.5590537999242e-07
9.1728 5.2691739829871e-07 1.4711551697911e-07
9.1924 4.8854374624099e-07 1.3878607599493e-07
9.212 4.5389946844444e-07 1.3091198511868e-07
9.2316 4.2076312880988e-07 1.2346302881656e-07
9.2512 3.8996628656717e-07 1.1642942944591e-07
9.2708 3.6128943952257e-07 1.0979187895284e-07
9.2904 3.3435899428629e-07 1.0353059317112e-07
9.31 3.0947059029717e-07 9.7631146946811e-08
9.3296 2.860948400439e-07 9.2071768885976e-08
9.3492 2.6445960213427e-07 8.6835160360564e-08
9.3688 2.4432372389595e-07 8.1902743423305e-08
9.3884 2.2564904666146e-07 7.7254531757559e-08
9.408 2.0831454161106e-07 7.2876117226668e-08
9.4276 1.9213583449459e-07 6.8743969837387e-08
9.4472 1.7709697144204e-07 6.4845456932445e-08
9.4668 1.6314928226119e-07 6.1165780527458e-08
9.4864 1.4985456404673e-07 5.7682097409694e-08
9.506 1.3793352299056e-07 5.4393455010748e-08
9.5256 1.26807437521e-07 5.1279128807048e-08
9.5452 1.1640890030848e-07 4.8330173135804e-08
9.5648 1.0675252997228e-07 4.5536927568128e-08
9.5844 9.790287537303e-08 4.2892652211619e-08
9.604 8.9648898023025e-08 4.0386246041841e-08
9.6236 8.1986793111285e-08 3.8012627750937e-08
9.6432 7.5048689536708e-08 3.5768280490129e-08
9.6628 6.8319556559161e-08 3.3638097059897e-08
9.6824 6.2287244244087e-08 3.163117620072e-08
9.702 5.6826131308314e-08 2.9738497611989e-08
9.7216 5.1627764503547e-08 2.7947250677894e-08
9.7412 4.7171220411913e-08 2.6264404477938e-08
9.7608 4.3156464282818e-08 2.4671978869574e-08
9.7804 3.9354331669475e-08 2.315106392382e-08
