0.31830989290885 -3.0983001170427e-08 6.384306720527e-08 -6.3833162986623e-08 8.5615591741132e-08 -9.8195675053515e-08 1.2187876093172e-07 -2.093401558005e-06 7.0274191908082e-08 -5.2899312931523e-08
0.00097259334624319 0.0023198830534114 0.00077198508211345 0.00035506305872335 -0.00042350169325172 0.00093794397306745 -0.00097013329123341 0.00092699252445288 -0.00085604385303496 0.00073478981112595
-0.14349115400894 0.074995333787068 -0.059924191938453 0.049446758010411 -0.040139854356685 0.033964850438192 -0.028788279218611 0.024849567366554 -0.02172799776159 0.019186471152887
0.0016890179206002 -0.00074142707224705 0.00029621427368139 -0.0012488830127964 -0.00028131364900906 0.00030318887731976 -0.00025637414691236 0.00011391517920127 -3.2235805540689e-05 -9.8583313932925e-05
0.041073234319825 -0.024470367625612 0.021541684196474 -0.020900669251496 0.017885745645802 -0.015649961675482 0.013906122928465 -0.012505827836842 0.01130236875759 -0.010244250188198
-0.0030092068748439 0.0035226646129747 -0.00070440156588127 -1.4383239972621e-05 0.000477561362029 -0.00058415807044491 0.00048340342332959 -0.00039474286039858 0.00034182760567312 -0.00028229153056922
-0.0095810333057166 -8.3982399535189e-05 -0.0016219876606338 0.0029078885199611 -0.0033492628580111 0.0035253932005159 -0.0034943585762065 0.003378397980391 -0.0032517466089089 0.0031455673320401
-0.0011886662907652 -0.00022613635929434 -0.0010589329946727 0.0010927149522445 -0.0016561718238401 0.0018722377742706 -0.0018783637921702 0.0018467342782512 -0.0017696690717255 0.0016260470871515
0.0022762715117036 -0.00082089977550434 0.00078609365733923 -0.00095773416001382 0.0010807638857936 -0.0011277632928727 0.001083501990009 -0.001019202711865 0.0009568874642341 -0.00089583495174607
0.00048225264444927 -0.00037511500038199 0.00066512162235794 -0.00061846666559746 0.00067703076865258 -0.00067203084482686 0.00062527220067134 -0.0005810268722014 0.00053141374405482 -0.00048629572680652
0.0011688503300622 -0.0006622892373273 0.00019405088901965 -0.00012560508379553 0.00026897377736472 -0.00031521052633886 0.00032661657824102 -0.00032681070869069 0.00032593533811499 -0.00031588253789682
