0.00027136323331088 0.0027285572129223 0.0028899318327084 0.0026390221042606 0.0021199884090001 0.0018262401444058 0.0016413936877615 0.0015090576218074 0.0014230186538066 0.0013653450624668
0.0023422702203863 0.0029700489253498 0.0027920538715827 0.0023513491685978 0.0019669772844293 0.0017331510867083 0.0016015987397719 0.0014991293447577 0.0014296608443124 0.0013785939245464
0.0029743020838152 0.0030039458728208 0.0025436677065445 0.0022084864545675 0.0018520121414263 0.0016791802009741 0.00154782760843 0.0014595389881145 0.0013921236312837 0.0013414015642266
0.0034554994167458 0.0028896541518275 0.0024248524261862 0.0019323981240001 0.0016864767708407 0.0015477168974287 0.0014610653703071 0.0013927890457695 0.0013391527573798 0.0012927660639022
0.003642515917135 0.0027289505520486 0.0022195933508579 0.0017656544104182 0.00156702752175 0.0014516907343388 0.0013679719469925 0.0013129693014223 0.0012690111629485 0.0012329779028547
0.0037561188891552 0.0025237876473064 0.0019212100559166 0.0015910969861048 0.0014244562128127 0.0013348771324987 0.0012694380183776 0.0012216439126659 0.0011848276081943 0.0011556636491951
0.0037839859119061 0.0023396616163084 0.0018143493359101 0.0015293072730655 0.0013857311983467 0.0013009449102711 0.0012418043399527 0.0011964287956283 0.001157496899496 0.0011242613874051
0.0036515236865798 0.0021179633121885 0.0016266515484955 0.0013826559340294 0.0012550936635058 0.0011778771685576 0.0011255292888574 0.0010861371549587 0.0010548745854386 0.0010288407613939
0.0035596567049853 0.001904721977128 0.0014430464769967 0.001263136475692 0.0011617584882767 0.0010923043171711 0.0010442130969164 0.0010057368406121 0.00097471140890738 0.00094882334913435
0.003340315578606 0.0017416720777726 0.0013176701518096 0.0011307117711034 0.0010339426959702 0.00097516220888998 0.00093445432139143 0.00090407975280206 0.00088140086983778 0.00086326069087328
0.0030785848660322 0.0015113716078431 0.0011660899142199 0.0010308507942954 0.00095946782468713 0.00091067683322911 0.00087626358868959 0.00084940882371695 0.00082727124366207 0.00080859703315082
