0.00026742013010677 0.0025800514157003 0.002782811254064 0.0025410919671316 0.0021395794802206 0.0018017134431481 0.0015350762463353 0.0013914251511233 0.0013116918186299 0.0012490540164413 0.0012009602331747 0.0011600571447433 0.0011279945540756 0.0010956666247936 0.0010689324126481 0.0010449851450958 0.0010235833414568 0.0010043021343016 0.00098699785094878 0.00097125594347885
0.002095176360606 0.0026849490141644 0.0026181695980583 0.0022097799487034 0.0018358562833807 0.0015800060984366 0.0014449077535907 0.0013460166392468 0.0012630518172754 0.0012020398576017 0.0011564595573873 0.0011186615494836 0.0010875220638087 0.0010738361044266 0.0010397757245882 0.0010357261420399 0.0010048299549426 0.00099353740260085 0.0010025808168671 0.0010419385069047
0.0026784763822128 0.0027603717052478 0.0024680624552397 0.0020176053961222 0.0017053634338635 0.0014777265792386 0.0013482563839614 0.001266040082979 0.0012032218949225 0.0011557000108855 0.0011160244764419 0.0010847397105923 0.0010571859657781 0.0010293760027567 0.0010102066907148 0.00098968109286266 0.00097383575915231 0.0010549438028745 0.0009466799446918 0.00093549484151791
0.0031213405007685 0.0027086949503259 0.0023043515879578 0.0018387078251311 0.0015703253879649 0.0013988098890285 0.0013055072237115 0.0012320240699876 0.0011746473858833 0.0011265893244513 0.0010877135493001 0.0010562626723408 0.0010342222089425 0.0010097493417652 0.00099625210807688 0.00097236181027659 0.00095781171033823 0.00094445369356926 0.00093345212421832 0.00093189975375059
0.0033284203371701 0.0026351905145439 0.0021276787479022 0.0016874323197261 0.0014773032021604 0.0013144261310531 0.0012195988039342 0.0011545282491472 0.0011060553113516 0.0010671829322476 0.0010347586077422 0.0010088927158027 0.00098529148896161 0.0009711236277601 0.00094903505686309 0.00093427947751879 0.00092089127481078 0.00091690042276885 0.00090037268687641 0.00088854132216559
0.0034672660705996 0.0024114089688783 0.0018823114777308 0.0015507566944408 0.0013424050323867 0.0012211728808191 0.0011295273857224 0.0010701541003947 0.0010282435306925 0.00099535358955262 0.00096809855756429 0.00094539089311483 0.00093026901495605 0.00091211615107123 0.00092696968629086 0.00088188797519827 0.00087468273227107 0.00086169888976577 0.00085278489730554 0.00084288139618694
0.0034762592645851 0.0022974239349824 0.0017359257729764 0.0014259734002026 0.0012376080479518 0.0011304419628876 0.0010579547110738 0.0010108077577823 0.00097333223043196 0.00094418284468457 0.00091957026313905 0.00089921718495153 0.00088191393112969 0.00087334429727874 0.00085396477503991 0.00084244796215442 0.00083865798155054 0.00082376790348257 0.00081571706003282 0.00080725537278214
0.0035550875173977 0.0020889570708152 0.0015721631871657 0.0013092233658252 0.0011402983300024 0.0010573843790791 0.0010018240824612 0.00095778398440526 0.0009221475747568 0.00089345633226335 0.00086991857157456 0.00085021947479404 0.00083411682218559 0.00082268014328362 0.00080667142302565 0.00079995038157513 0.00078842710059915 0.00077634949523535 0.00076823782416032 0.00076539893151691
0.0033772823924481 0.0019578958898433 0.001444950089633 0.0011936554581034 0.0010613744799157 0.0009783547892528 0.00092296914016137 0.00088411345909503 0.0008533089182596 0.00082893805718547 0.00080896400344239 0.00079299016057243 0.00077934130218425 0.00076772448957251 0.00075715736190281 0.00075488522841381 0.00077268033888953 0.00073342212674418 0.00072751162495839 0.00072448636900589
0.0032547761699771 0.0017459160733089 0.0012404591431347 0.0010415205008856 0.00094246903971202 0.00088028382170344 0.00083893222355699 0.00080761427204607 0.00078316562400456 0.00076334667784773 0.00074771998915499 0.00073324648372805 0.00072214147470951 0.00071068662244555 0.00070762669884905 0.00070326342096047 0.00068825627627151 0.00067781023839054 0.00067098926855027 0.00067369745773405
0.0028769142566849 0.0015141386771223 0.0011291858163189 0.00095707995638055 0.00087020798443497 0.00081915439173151 0.00078049638159447 0.00074983155072925 0.00072521434492122 0.00070572833911476 0.00068965180839901 0.00067612154080359 0.00066498301509602 0.00065522621058065 0.00064694556186071 0.00064728076355352 0.00063390998997966 0.00062691414653873 0.00062218517267565 0.00061809769450854
