0.00031455644186258 0.0032047602276663 0.0032453118434513 0.0029013315753968 0.0024225559798786 0.0021465251205023 0.0020230626990558 0.0019215519786783 0.001833011654752 0.0017607463523405
0.0027638956064648 0.0033145018032733 0.0030435801851924 0.0025115754255871 0.0021877538705156 0.0019941353765377 0.0018567538280777 0.0017589022704055 0.0016868789316299 0.0016270468672552
0.0036313643744066 0.0031844316363617 0.0028252509097052 0.0024023739264179 0.0020833829270714 0.0019202298510202 0.0018222063509021 0.0017447948975094 0.0016818473014362 0.0016308444189618
0.0040849939139475 0.0031408301822325 0.0025874603430707 0.0021805323799461 0.0019650167463031 0.0018317686199872 0.0017368543232466 0.0016666155460505 0.0016099245272017 0.0015626322550094
0.0041640613198772 0.002956769858095 0.002352172776499 0.0020199955175141 0.0018184199234704 0.0016924259202578 0.0016151810283727 0.0015571113070296 0.001510954741556 0.001471687553457
0.0042750301294861 0.0028346593634381 0.002163391008832 0.0018519055440811 0.0017063798542818 0.0016072073646511 0.0015397339474317 0.0014895077340535 0.0014477644906166 0.0014117541032117
0.0041569165409702 0.0025032782339534 0.0018769970058257 0.0016427140350254 0.0015220553386831 0.0014440697003386 0.0013910803124163 0.0013514617990804 0.0013194322328603 0.0012908100214683
0.0040161206092709 0.0022846569483723 0.0018035020355807 0.001606434660547 0.0014866502290141 0.0014031023824713 0.0013437893881597 0.0012976066313436 0.0012601881333027 0.0012291525400017
0.0038137090230387 0.0019139417192711 0.0015404290096306 0.0013586137490651 0.0012625990631573 0.0012004628588427 0.0011563307008784 0.0011230036887096 0.0010961812738734 0.0010737419810097
0.003571695180684 0.0017622610390488 0.0014194946072986 0.0012756766325811 0.0011920591702208 0.0011351872442175 0.0010947561827213 0.0010640329356524 0.0010394679465083 0.0010192625747394
0.003266164671182 0.0015529115800537 0.0012554659789722 0.0011338398893132 0.0010630214453071 0.0010163719094503 0.00098314046068299 0.00095830200872192 0.00093842649369052 0.00092226915443917
