0.31830990654345 -5.8809848470648e-08 4.9660828630449e-09 1.3752908042564e-08 4.2765802058156e-08 1.6115393358081e-08 3.2648145364876e-08 -1.1396621213717e-07 5.8079603636157e-08 -8.6073590864537e-08
-0.0011568471667308 0.0024577186728647 -0.00083383249298108 -0.00068227008220344 0.0011063914109543 -0.001597308261742 0.00118106920828 -0.00068417368034783 0.00032444010969156 -0.00026615950900896
-0.0099444986587772 0.0049533599061729 -0.0063035726255874 0.0049329246361341 -0.0030650129716393 0.002249859854376 -0.0024113015266206 0.0023893285227752 -0.0023572571060594 0.0021756860868175
0.0036553132938845 -0.0014639513812149 0.0016573378706405 -0.0011383980617688 0.00039970327515666 -0.0011780071702856 0.0010916242348639 -0.00082782611129734 0.00079355128202065 -0.00076287120880622
-0.0021330227630742 -0.0012258972717251 -0.0032760111786011 0.0012332141187961 -0.001289405272242 0.0009609187383163 -0.00076289449759203 0.0003763049061827 -0.00014876189532205 2.9815027285224e-05
-0.0025412380424385 0.0010949421211628 0.00070418216756691 0.0010916716754251 -0.00013831303147719 -6.0234943389686e-05 8.3412331449766e-05 5.9007819955547e-06 -0.00015274365736872 0.00021473790052364
-0.0004750469984769 0.0021090017378641 0.0020029841225793 -0.00018353686601826 -0.00018168474452592 2.2205543382619e-05 4.4628206463096e-05 -8.2463769367074e-05 0.00013155570333933 -0.00025566499009609
-0.00036984148348488 -0.00060311926301979 -0.0013685108721384 0.00021141010894012 -0.00027080150750464 0.00034504239887284 -0.00038793239832196 0.0002379046006259 -0.00012088594236426 7.1460964946434e-05
0.0019393865534091 0.00019745981326417 -0.00089906486657472 -0.000308709237482 4.3393299403731e-05 9.9585116419678e-05 -0.00013844340973452 0.00016979135885229 -0.00012925174435971 9.2532674067414e-05
-0.0032134870174628 -0.0011982789070566 -0.0012080491551333 0.00041680242626265 -6.0677816647118e-05 -0.00014986474180426 0.00028140463525621 -0.00029458824347244 0.0002943793972 -0.00028235364380343
-0.00033006319188746 -0.0011609364952971 -0.00035287210928719 -0.00018636379009952 0.00019468928500701 -0.00024406546389715 0.00033303545998676 -0.0003077300139159 0.00026961050804611 -0.00024039376194867
