0.3183099153503 -6.1652006570684e-08 -1.1243959342804e-07 -9.3233763231101e-08 1.7148857925915e-07 1.4577073428006e-07 -4.9432677514921e-08 6.2268695011452e-08 -4.4623278353775e-08 1.1140135295798e-07 -9.9575287822713e-08 -4.2900785678237e-08 -4.1134994979495e-05 -1.4732526374773e-07 -3.5355816144962e-07 8.7561085022787e-08 -8.1149266899783e-09 -6.3589763167479e-07 7.1605272158783e-07 -2.0421157967137e-07
-0.00025569413144087 0.00032238547362162 -0.00055488780221927 0.0003935500568288 -0.001573723264587 0.00080840718477502 -0.00056784781079606 0.0004245331848232 -0.0004134750204818 0.00041060775059335 -0.00040975637811526 0.0004292334870001 -0.00048030657384666 0.00070645167689948 -0.00059587829328409 0.0007685345126809 -0.00069659550626916 0.00067889365017825 -0.00077516861296571 0.00044983749126973
-0.064118645081168 0.03702238210172 -0.031793533572667 0.026278059082982 -0.021110624755938 0.018125876369122 -0.01591798185509 0.013626545373448 -0.011822877621707 0.010215296574144 -0.0088435259343632 0.0076431158306564 -0.0066891245864278 0.0058343008566679 -0.0050889256311257 0.0044367230720202 -0.0038633912167235 0.003010571542274 -0.0029067904533057 0.0025095516140025
-0.0055718628104992 0.0031969426378105 0.0014944682274397 0.0015545536607851 -0.0015616830264148 0.00045519448625795 -0.00019128350857856 0.00019775435313359 -0.00015192852150721 8.5385248609122e-05 -5.9894369464285e-05 6.760616710916e-05 -3.7469974732838e-06 7.9871047881671e-05 -0.0001422575183706 0.00017087564114017 -0.00019534577816071 0.00020608498610049 -0.0002270363495315 0.00010471379384709
0.0073734058011883 -0.0080078753612707 0.0058597327808797 -0.0060220100807737 0.0052956706351087 -0.0044846460509223 0.003713177994173 -0.003103494618228 0.0026070708462873 -0.0021427581945965 0.0017279429834932 -0.0013482237174542 0.0010594962797606 -0.00079899340854088 0.00057526648559778 -0.00043999072190261 0.00020890894968266 6.9851289859213e-05 -6.1579345909476e-05 0.00021900909023963
3.576523563135e-06 -0.00086499580880236 -0.00011056009031634 -0.00025304460270782 0.00066878624687111 -0.00059289873697667 0.00049979313218326 -0.00051739283893378 0.00048808819332098 -0.00041426615487567 0.00035323992657815 -0.00030615318834638 0.00022490136107895 -0.00018378300214244 -1.627557260302e-05 -0.00020378931141262 0.0001296160171273 -0.00016428723618974 0.00014773315510149 -0.00012611323999471
-0.0029994972487406 0.0006814550063704 -3.4632144807639e-05 0.0010691042501481 -0.0010966642722656 0.00077321513561568 -0.00076203594033676 0.00070944821386248 -0.00070432136505714 0.00067830179496029 -0.00063520951554661 0.00059821889681045 -0.00056130006119369 0.00052537465607816 -0.00049191176509914 0.00046065181936568 -0.00043227976840874 0.00040555051389916 -0.00033662129430747 0.00036874223318479
-0.00053952424264964 0.00067911076967994 -0.0024452405834125 0.00099064423545516 -0.00054076463777205 0.00041884514556377 -0.00034805981186342 0.00027292359262 -0.00020557453171986 0.0001731617708838 -0.00014084724876878 0.00011072063039834 -5.5095723171078e-05 -1.1794255391635e-05 -3.9087887047022e-05 9.7423444765417e-05 8.4856960874363e-05 -1.3442885101251e-05 2.1680763239151e-05 -3.4928947369918e-05
-0.0010483590096726 0.00091918300119437 0.00014440418540969 -0.00044700798149382 0.00022957315992537 6.3786376108495e-05 -0.00029554750772432 0.00042256605826711 -0.00048909890178356 0.00050592336975171 -0.00051274666245333 0.00049145872141304 -0.0004665680178958 0.00045655187214429 -0.00046162156684467 0.00041782313043929 -0.00029622078856755 0.00038441930160456 -0.00037506366768868 0.00033896316349339
0.0038190583143763 -0.0014798890335034 0.0015430795137733 -0.0010491141515096 0.00077676509098358 -0.00067761260291284 0.00066914718526973 -0.00065261242929671 0.00062591993831198 -0.00060959746822101 0.00058405953567112 -0.00056667637456551 0.00051239969814369 -0.00052325853058806 0.00050684224188727 -0.00034678865062115 0.00043515712273112 -0.00041046748046648 0.0003891749816731 -0.00032194082028319
0.0010652658843365 0.0013118929306624 -0.00032051688801339 0.00021629816875875 -0.00010033320899914 1.9841081042608e-05 0.00013675112931909 -0.00024248325744432 0.00031574969649159 -0.0003522770024547 0.00037702963553058 -0.00039474846378753 0.00039418924142911 -0.00039402145693117 0.00035362836670169 -0.00044251079055676 0.00038266358786102 -0.00037441422532175 0.00034044059339022 -0.00032851759062964
