0.31830990120623 -2.3904968512671e-08 3.2979382633858e-08 -2.0400637207463e-07 -6.6522038959696e-08 9.0873323623647e-09 5.9841617189305e-10 9.4522843092103e-08 2.9461974150095e-08 1.9441722228552e-07
-0.0020197980749241 0.0012498586765294 -0.0016450039942275 0.0002539567592019 -0.0013030230231666 0.00068512248898135 -5.0008403764311e-05 0.00028462269405435 -0.00024510131486915 0.00025048806239679
-0.074793114278173 0.044354607888732 -0.035955630376774 0.027927831147407 -0.022785255033286 0.019666640379863 -0.017288488883562 0.015032015899201 -0.013217592333456 0.011724782384169
-0.00025959745506573 0.0018091306817139 -0.0010846361734421 0.00098618830751077 -0.0010317892048466 0.00032796245571455 -0.00050830326061065 0.00061997421927251 -0.00056550232067622 0.00052599663541321
0.0088940568011649 -0.0062648569878003 0.0056854455139905 -0.0067424168876575 0.00651380618983 -0.0055797527644956 0.0049053624461665 -0.0044083384029845 0.0039968503882091 -0.003637257863815
-0.0057671032920317 -0.00060088478403279 0.00026629440661923 0.00047122320693459 -0.00083234600028926 0.0010471161651735 -0.0012358924991164 0.0012620414018784 -0.0012820745607079 0.0013033231463673
0.0017526575506145 0.0028460772664552 -0.00090254205020824 0.00027394742163617 0.00019770151542248 -0.00058516585406364 0.00063717612732146 -0.00081736381605923 0.0009454330530223 -0.0010016611797446
0.0043354832183128 0.0015258170418624 0.00030126277096391 -0.0004979986490631 0.00049945339209732 -0.0003642271508982 0.00035282261200925 -0.00034154151911561 0.00036656254100647 -0.00039338161347668
0.00011755636130212 0.0010087141519158 -0.0015593673131434 0.0015959950354894 -0.0012948470106853 0.0014071730653045 -0.0014155631332891 0.0013780091040059 -0.0013106501695994 0.0012377692152435
-0.00011954616513175 -0.0021409140747161 0.0021877627571743 -0.002032550200744 0.0015981090391649 -0.0012597633734148 0.001116219069817 -0.0010295918847709 0.00094859732647453 -0.00089048865195642
0.0010201384435297 -0.001479926397137 -0.0002085811695662 0.00065554906441534 -0.00082277741679796 0.00093527979063999 -0.00096847679224886 0.00095747010113292 -0.00093215892132926 0.00089692824710046
