0.31830990883804 -1.9667973312182e-08 -1.5031457563278e-07 2.5923969521197e-09 -4.1968420118763e-08 -7.8676964262447e-09 6.2686804770493e-08 7.955790320946e-08 1.3410511791363e-07 -2.9540479179718e-08
-0.0014491162510595 0.003067704581263 0.00027520264071482 -0.00042072155633871 0.00047525325976215 -0.00073374743116844 0.00097336296051696 -0.00088743890363921 0.00080648321920177 -0.00081219053321029
-0.11677368638062 0.063251665713063 -0.050333535860719 0.038069661402351 -0.031605788634847 0.026987843501685 -0.023446902936623 0.020637967484591 -0.018431966120781 0.016543275318245
-0.0030283651408512 0.00074808919347358 -0.0028424222553963 0.0024217513138343 -0.0014965586276725 0.0011292977156191 -0.0013356220211592 0.0013470502328854 -0.0013303133201648 0.0014022138632453
0.024826113911771 -0.016876260582647 0.016163314984589 -0.016304997795363 0.014143698223474 -0.012605168923385 0.011542483438762 -0.010579971788507 0.0097538694204353 -0.0090004814713106
0.00066922553827342 -0.0033965419681453 0.0028368018908605 -0.0016893568600765 0.00099836634421691 -0.00063390148034061 0.00058226475392122 -0.00060438429262507 0.0006231662127215 -0.00058549412992906
-0.0027908888791589 0.0050706387371982 -0.0046831590790293 0.0041898913064491 -0.0028478083383005 0.0022619631682629 -0.0019557071888595 0.0017371510905519 -0.0016041071293941 0.0015073434839689
-0.0027462651220443 -0.0022777678433664 0.001902152263095 -0.00098077692063791 0.00059526167287547 -0.00041998662320971 0.00026651702113115 -0.00012958011840549 3.1058500310219e-05 1.8770053130533e-05
0.00051758080093936 -0.00047560674008796 -0.00023475826002957 -1.8280158077633e-05 -7.7257967611109e-05 4.730244740503e-05 3.8763772592186e-05 -0.00014908200188144 0.00025522088533171 -0.00035656957209985
-0.0035688549581256 0.0011710809824075 -0.00035942788781047 0.00032894559399464 -0.0001623931758126 -5.9690763557186e-05 0.00017680112712195 -0.00023321144449262 0.00028555448390197 -0.00026624430259218
0.00076678760044602 -0.00027516317187966 0.00058497743412738 -0.00039203612928487 0.00033976482759404 -0.00030998169602448 0.00025253562948326 -0.00020818721778037 0.00014890530998465 -0.0001102695421067
