0.31830987421086 2.6202486000191e-08 -1.0065660488724e-07 -1.5832950634447e-08 -2.5885966030859e-08 3.4628437455515e-08 -4.5116056231932e-08 8.0944352209242e-08 1.2780096297121e-07 -3.0812094536162e-09
0.0018355152062006 0.0015680515653208 0.0019159344087467 -0.0021938192984486 0.0028610118287879 -0.0019662034597458 0.0011617520234986 -0.000935327324975 0.00076061349951744 -0.00053389607261324
-0.12692581330139 0.068645366433155 -0.053580399810437 0.043301404970583 -0.035577664352403 0.03014941079586 -0.025458956262552 0.02184855017636 -0.018913145718855 0.016574793226952
0.0017888290919941 -0.0015116638928395 0.0019454509770417 -0.0023045348002131 0.0024141731701365 -0.0017995269766551 0.0014213787984028 -0.0012633839863631 0.0012705646612398 -0.0013006914411642
0.030825043922341 -0.020368127689844 0.015858489981849 -0.014243245666411 0.012867871530584 -0.011658293025102 0.010586975664887 -0.0097211345072176 0.008887168538849 -0.00812184517443
-0.0052990397600705 -0.00093237433288942 0.00020031105370634 -0.00026002144358662 0.00036090876349418 -0.00041063997173443 0.00029834281269705 -0.00018048379388475 0.00010192934929266 -2.0124901560475e-05
-0.0040729835783098 0.001730756746624 -0.001667020551263 0.0018773907282699 -0.0019404210389793 0.002030339327605 -0.0020579436851384 0.0021099650177771 -0.002079659759411 0.0020430475915552
-0.0024661414852133 0.0025762892826363 -0.0019734416026178 0.0018322988434933 -0.0013699919536238 0.0013175815964059 -0.00111878652607 0.00094303264855795 -0.00078992734949788 0.00065866266249715
0.0037538548914287 -0.0014480627866388 0.0013624856093568 -0.0011139117852689 0.0013148238982716 -0.0013207944287711 0.0012537561592506 -0.0011907617928304 0.0011199038815635 -0.0010369391424457
0.00085824724711972 -0.0021040502712379 0.0015311210132202 -0.0010309623898906 0.001030357311158 -0.0011109885196938 0.001149665474903 -0.0011587695086103 0.0011658828286964 -0.0011729591154417
-0.0014017315079695 0.00085398720687104 -0.00025391379656697 -0.00026980323613936 0.00047816503342389 -0.00056288753489039 0.00064215248916892 -0.00066847349519387 0.00067464385654003 -0.00067078264172871
