0.31830991857661 -6.6297143881878e-08 3.8870329678725e-08 -1.4361585165818e-07 1.423925408979e-07 -2.5788563026723e-07 1.4663235742955e-07 1.404334203188e-08 8.0208513699304e-09 -1.0685450505767e-07
0.0015930533059246 -0.0016473157439754 6.7793034261814e-05 0.0023330067001453 -0.00050159997131095 5.5134817558172e-06 -0.00042933596705404 0.00041001423673347 -0.00046703376136591 0.00038258292525805
-0.10796700234642 0.062004548390832 -0.048061441909306 0.039388487850892 -0.033138280332502 0.028062750010803 -0.024103927482166 0.021273783593035 -0.01899070950318 0.01703085958732
0.00085918176049557 -0.0017124946862903 -0.00026223686157019 -0.0011474363387694 0.00081625297031316 -0.0010223049360985 0.00107359629449 -0.001116114497877 0.0010881091936326 -0.001032257965533
0.024168339873755 -0.016792725749456 0.015398727709756 -0.014493766314647 0.01359936914777 -0.012482007681059 0.011486549121154 -0.010630435617219 0.0098447349149998 -0.009094124884016
-0.0016536117403107 -0.00040244366414836 0.0013505152271925 -0.0015136844254577 0.001361635209783 -0.00087356256339035 0.00053004520555927 -0.0004328579506638 0.00035325481265708 -0.0003608072708312
-0.0097812332982864 0.0034028286163391 -0.0029135158888166 0.003209702051629 -0.0032702847305921 0.0032513055931691 -0.003191522960516 0.0030779377620165 -0.0029579434481358 0.0028258858427379
0.0033692675160728 -0.0021576130384497 0.0011448683863211 -0.0005368917814513 0.00021453350940217 -0.00029982920501976 0.00041003944810855 -0.000402849015916 0.00039009008444195 -0.00036778772495873
0.0021918210481933 -0.0023656867507731 0.00069023757937686 -0.00073855474918952 0.0010069154059694 -0.0010993914663386 0.0012277797188263 -0.0012847127355666 0.0013064911457759 -0.0012992646771253
-0.0035753107819568 0.0012998744520078 -0.00079707273020353 0.00097111325043747 -0.0010036712546572 0.001049457868472 -0.001117654550162 0.001165058186452 -0.0012116984583646 0.0012210550057211
-0.00054698765845828 0.00048268517914672 -0.00020391644803833 6.2524934184724e-05 6.8643537865019e-05 -0.00016024983357635 0.00023643243144833 -0.00028715524090957 0.00032519733228749 -0.00035624278548234
