0.0004254682864055 0.002281271512721 0.0025629119063349 0.0023454165485599 0.0019761636034333 0.0015990240154629 0.0013524478033802 0.0011898969958015 0.0010963138162616 0.0010355677474718 0.00098050296237401 0.00094126295198446 0.00090857266630873 0.00088020299775745 0.00085507812771937 0.00083301254270115 0.00081360765185252 0.00079635497755469 0.00078100735309563 0.00076701208460399
0.0019023643809548 0.0024704264453699 0.0023862482308651 0.0021224538649329 0.0018058396739627 0.001505963269029 0.0012815320283899 0.0011629578271198 0.001077312643076 0.0010111101262507 0.00095918381261744 0.00091902471076572 0.00088766609234995 0.00086174902908584 0.00083938351307045 0.00081983381965429 0.00080264594402778 0.00078720259282091 0.00081050009102833 0.00075963275633217
0.002388754533667 0.002547509439862 0.0023378064593875 0.0020230105945759 0.0015887099009494 0.0013396175505397 0.0012000565241131 0.0010981801773302 0.0010257929929456 0.00097067607533791 0.00092759416102598 0.00089370303460948 0.00086542257202178 0.00084097451683386 0.00082261875932435 0.00081713891383931 0.00083079074216048 0.00077193124332077 0.0007568754458072 0.00075108845181575
0.0027617438793788 0.0025378609190383 0.0021311536072191 0.0017336889996371 0.0014175244449343 0.0012131155616022 0.0010926898186067 0.0010187743386523 0.00096298482486656 0.0009214056281148 0.00088793789979058 0.00086126002732875 0.00083904395752014 0.00084046910657511 0.00080504685263263 0.00084413840748224 0.00077627197805199 0.00076826322879461 0.00074869806426092 0.00076486974128406
0.0028948323405 0.002415276665567 0.0020300455454489 0.0016484383768754 0.0013598203915079 0.0012029654507987 0.0010887668279281 0.0010154335577172 0.00096186070266017 0.0009213941202388 0.00088896473173788 0.00086070981602521 0.00083531737206563 0.00081469437611231 0.0008093716548527 0.00077888734908409 0.00076098959127311 0.00079876671314369 0.00073200598034289 0.00071992423361756
0.0031728708983014 0.0023526889763904 0.0018579408212318 0.0014637311563803 0.0012424428099517 0.0010905936500935 0.001005215684466 0.00094037431230063 0.00088964863822035 0.00085080115241839 0.00081848987917668 0.00079193582228317 0.00076903004900738 0.00075095338394233 0.00074365591564043 0.00071939829632239 0.00070472308757946 0.00070355905372224 0.00068206271447202 0.00067201673878988
0.0031405007457633 0.002264901671308 0.0017193479609826 0.0013386400493336 0.0011308328643538 0.0010028762431553 0.00092400483596068 0.00087139789546106 0.00083461871367073 0.00080443907591374 0.00077964154104541 0.00075801478324514 0.00073910041352888 0.0007214655626523 0.00070914374363993 0.00069461635550119 0.00069382277198645 0.00067137959053751 0.00066115516390449 0.00065185523570048
0.0030766413529508 0.0020673690527676 0.001484624176858 0.0011926764911582 0.0010376513340432 0.00094377910080269 0.00087934585523721 0.00083468677006112 0.00079901861894675 0.00077002122472774 0.00074617059379735 0.00072576800792621 0.00070917174336307 0.00069445032407904 0.00068046199836103 0.00066754195113896 0.00065576097477981 0.00064654231055754 0.00063635774024158 0.00062779049750364
0.0030128974523113 0.0018666384504164 0.0013400923913245 0.0010922306742237 0.00094867632051507 0.00086821097095283 0.0008077464384021 0.00076576496628459 0.00073120718946443 0.00070296180715026 0.00067969166133513 0.00065967411965658 0.00064389990365394 0.00062996909194447 0.00061494775721031 0.00062888673379879 0.00059640239169648 0.00058288777352621 0.00057602433460948 0.00056709535997837
0.0029454466728289 0.0016954613889026 0.0012140428077542 0.0009984113037743 0.00088013480463948 0.00079961487379894 0.0007477092431838 0.00071132672632526 0.00068370154937767 0.00066218856117585 0.00064489865421256 0.00063178478428594 0.00061891977338035 0.00061215755179853 0.00059538106994281 0.00058984766369633 0.00057770790879023 0.00057048599191178 0.0005634863406658 0.00055711471324987
0.002861885668771 0.0015262953042403 0.0011157366098102 0.00091803428858697 0.00080195676185487 0.00073167856645813 0.00068589825780012 0.00065325746872813 0.0006277808429363 0.00060732251595831 0.00059115314562853 0.00057626392371708 0.00056618453309895 0.00055534966611002 0.00054789454804946 0.00054175000802834 0.00053237020087196 0.00052306530946971 0.00051988987038215 0.00051268893803571
