0.31830991059191 -2.6863199667548e-08 1.1974468168242e-07 -3.5556704196055e-08 2.5012231145413e-08 -5.0725439551067e-08 7.3834546590698e-08 -8.2458723807827e-08 1.0945051421433e-07 -4.3446400771564e-08 -1.2433447509799e-07 5.4421357794876e-08 3.9024484199778e-07 -5.2749096531212e-07 0.00038468877068888 -2.0198107644348e-07 -1.5500812417407e-07 -3.0878715838323e-07 7.0272879631416e-07 -1.0586213014987e-06
-1.3926901557467e-05 -0.0030200187705536 -0.00044523449833424 -0.00083944818533993 0.0014359694064212 -0.0003050644220704 -4.8378652829016e-05 0.00024495484933994 -0.00047200834718484 0.00065960683459062 -0.00084315220632155 0.00093077266320714 -0.0010961285155793 0.0013971529193138 -0.0012441790393603 0.0012816601064312 -0.0012786366301441 0.0013114263490966 -0.0013117777029564 0.0013528241861385
-0.091103429056652 0.051870211465707 -0.037507895147943 0.031495077258051 -0.026002678142369 0.023374351636983 -0.020389187302079 0.017609852707189 -0.0154328930785 0.013630840865525 -0.012132889222137 0.010849289668199 -0.0097660470562219 0.0088257379268406 -0.0081397335320824 0.0072714229160106 -0.006624157692835 0.0060481582085791 -0.0055316830749987 0.0050665659322619
0.0011440478122719 -0.0018615939180285 -0.0030202285010745 0.00021528306396891 -0.00075845132709197 0.00067430207593165 -0.00067004026763637 0.00065175271785471 -0.00062426587380259 0.00058647575724598 -0.00057269872305172 0.00054902136549221 -0.0005147941343547 0.00032770194520143 -0.00046498872142995 0.00044195514559892 -0.00042328627279819 0.00040800137575341 -0.00039199077601194 0.000381770821217
0.015515769849632 -0.010632318739206 0.012157165724571 -0.0088018236233153 0.0078003401449476 -0.0064311963345007 0.0055680319885024 -0.0048201830024702 0.0041689595309212 -0.0036656540118756 0.0032079591908545 -0.0028409255794119 0.0025252769728115 -0.0019898368858683 0.0020904815593667 -0.0017869091282434 0.0015921094253673 -0.0014159735644959 0.0012602790506278 -0.0011186988836619
-0.0011460650301355 0.0011241002380498 0.00099811332537137 -0.0006937175657967 0.0003963903415085 -0.00028751642310471 0.00024399391087554 -0.00035576233868742 0.00040200159059149 -0.00041357468448602 0.00041918751558161 -0.00049370282031635 0.0003873568806561 -0.00036454897947549 0.00031554281166918 -0.00018024388250344 0.00017021761107979 -0.00016467516025547 0.00011096008356173 -9.7779886394046e-06
-0.0038293786896491 0.0040397844163088 -0.0028332447100135 0.001629875768346 -0.0013074909590256 0.00097849181689796 -0.00090210419414141 0.00077440949634371 -0.00063487736772139 0.00051634245436259 -0.00046657041222173 0.00033204988991111 -0.00028589889560888 0.00017800182779573 -0.00011072138680902 5.0520758002472e-05 1.0758963597665e-06 -8.2910415883704e-06 8.9732391705764e-05 -0.00013508528452545
-4.3028137026817e-05 0.00087611145736553 -0.0012236600379149 0.00037367429551829 0.00015737899580559 -0.00041495193906442 0.00055226682848939 -0.00061225933010522 0.00063547165678992 -0.00063901839498805 0.00065841642285948 -0.00067278102949322 0.00071596801103997 -0.0006774059122597 0.00059579490642116 -0.00075155587439825 0.00077308884216029 -0.00079516070987944 0.00088398654074545 -0.0007761766598341
0.00029053677790435 0.00089738855205883 -0.00066835738605127 0.0007553270292492 -0.00047864915656666 0.00033672586113486 -0.00029809119751353 0.00029523063324442 -0.00030815987929568 0.00030928248748963 -0.00031434706179832 0.00040010372735835 -0.00032778452495062 0.00033450087671597 -0.00033574389538769 0.00033657858040408 -0.0003369201569037 0.0003778982979549 -0.00041741322728707 0.00033783441293229
-0.0038039730662748 0.0027844759345642 -0.00033121900824406 0.00035403524420992 -0.00014763016971662 0.00018142998394683 -0.00018607133631229 0.00017767130772827 -0.00011800704086987 7.7228627404239e-05 -9.1734671869055e-06 -3.1051850151075e-05 5.9669971186049e-05 -0.00011369594447323 0.00016062134011041 -0.00011915136326897 0.00012964376105972 -0.0001377317162043 0.00017427236509934 -0.00013496952650807
0.0032544491425115 -0.00056656639897386 0.00036520206701488 -0.00020247977684601 -3.397964431717e-05 5.3554008058439e-05 -8.9439317616115e-05 0.00011935795174619 -0.00013445517202475 0.00015460560919113 -0.0001760263364364 0.00017289448132271 -0.00015836494310823 0.00014718027875594 -0.00013216533582465 0.00012850140637412 -9.5374174384313e-05 7.3417993909849e-05 -0.00010079559044403 8.6508434513913e-05
