0.31830991830967 1.3937971772821e-08 3.4837444748997e-08 -1.2085329919641e-07 1.8149997015521e-08 -4.5622520828681e-08 2.4776964217456e-07 1.0213304286899e-07 -8.061522974917e-09 -3.779332280094e-08
0.0012887818747347 -0.001645288974515 -0.0010583598166918 0.0025751263967775 -0.001097435758768 0.00067944332543632 -0.00047047197658141 0.00043364593240668 -0.00020976153872019 7.9982190864821e-06
-0.13788824373306 0.075695864713385 -0.055736039779306 0.042089949139097 -0.03499936914838 0.029439517763464 -0.02527441708205 0.022115151749865 -0.019433852963416 0.017220054414282
0.0070077007186379 0.0014105210133144 -0.00070812968854208 -0.00073148851450545 0.00055147147400034 -0.00051065537291416 0.00025507246517628 -9.516876202378e-05 3.6913181744232e-05 -8.6989861397453e-06
0.033933420876412 -0.027022352629264 0.020119628591827 -0.018132714418877 0.016667105605676 -0.015098744193182 0.013578859953759 -0.012308238789245 0.011181966369593 -0.010142579182767
0.0028882976976547 0.001566314394266 -0.00052835023649696 0.0013273090735178 -0.0010301227904285 0.0007010185298129 -0.00062152943901518 0.00066493511325737 -0.00073584216821624 0.00084064467635722
-0.0088833006938255 0.003707372253619 -0.0039011861650649 0.0043532379068645 -0.0046763576251478 0.0049054999521158 -0.004776251773273 0.0045784152068016 -0.0043501370981923 0.0041331602043995
-0.0035522591384497 0.0014814424263833 0.00010315827176612 -9.8402594879411e-06 -0.00016387680546418 0.00044834428926628 -0.00051147400079698 0.00053738561647756 -0.00051958805090839 0.00047857778484126
0.0015910008138405 -0.001628061729238 0.00099805920864847 -0.00090170054510687 0.0011578776500463 -0.0013578355684792 0.0015154643121239 -0.0016076683021328 0.0016434284475616 -0.0016108665400442
-0.0029229835616188 0.00080103576453537 -0.00090153723927516 0.00087306690458775 -0.0008539238476775 0.00080557319309286 -0.00078877214751996 0.00078098409679657 -0.00077754962687169 0.0007726649316731
-0.0032104408589261 0.0015339485508683 -0.0013204667877964 0.0013264441218475 -0.0012348792445999 0.001129034947296 -0.0010577996478466 0.0010070431205593 -0.00095872897995549 0.00089858558562218
