0.00028084209202849 0.0028172700112539 0.0029753701425675 0.002544310532654 0.0022082456506011 0.0018728323660607 0.0017247219003498 0.0016113435100838 0.0015353349874172 0.0014737317529367
0.0024861827052453 0.0029391574415136 0.0027741563958285 0.002400866030467 0.002017698145849 0.001779908734575 0.0016501035333846 0.0015658115756537 0.0015011776968319 0.0014518278894965
0.0030707518496854 0.0030587608010524 0.0026493306121457 0.0021938491380564 0.0018979961141338 0.0017168177546886 0.0016230966513912 0.0015447012021943 0.0014839040713676 0.0014334114793102
0.0035560634605429 0.0029003713343803 0.0024195239882733 0.001988939706975 0.0017943663448629 0.0016581466894934 0.0015546500972363 0.0014819547433321 0.0014279352817152 0.0013845471046461
0.0036994022699203 0.0027326034077669 0.0021523533277872 0.0017872795870566 0.0015990049676864 0.0014910281702854 0.0014182836129612 0.0013621324360581 0.00131635210629 0.0012800419442411
0.0038879255028595 0.002620435548391 0.002004547151421 0.0016260298712985 0.0014371451959256 0.0013506255451252 0.0012938946039956 0.0012470049713552 0.0012092602546528 0.0011779977171269
0.0039093301645851 0.0024529613664257 0.0018092381595846 0.0015347992245679 0.001386751975256 0.0013010894255119 0.0012433783502221 0.0012017486944418 0.0011689078708403 0.0011413373678778
0.003740159394213 0.0021171093602804 0.0015997828252522 0.0013858394769447 0.0012769966977166 0.0012037513388857 0.0011550698965037 0.0011178158548818 0.0010864053334757 0.0010601148403136
0.0036323950451178 0.0019567433075024 0.0014643399625461 0.0012788795878386 0.0011817248162008 0.0011207365845654 0.0010746735934539 0.0010384538637075 0.001009658829161 0.0009861140430026
0.0033034619966112 0.0016995483878585 0.0013229054793538 0.0011811936261204 0.0010867922855975 0.0010293988425698 0.00098886506379107 0.00095759238952149 0.00093156595697801 0.00090987674190442
0.003226101363945 0.0015550860077045 0.0011895210998118 0.0010465750754196 0.00096639317112348 0.0009161575981315 0.00087986756103504 0.00085290921409889 0.0008323893924969 0.0008160515044523
