0.00028604326635982 0.0029350611008263 0.0030213996777056 0.0026793635306653 0.0023002267810634 0.0020751559742259 0.0019308916774687 0.0018322055649802 0.0017464731962107 0.001674150437952
0.0026985554024736 0.0031724975411333 0.0029106231140391 0.0024510184108959 0.002085550419425 0.0018627335443007 0.0017340843501035 0.0016603099025707 0.0016018182915613 0.0015518322981245
0.0032882214936007 0.0031410087561889 0.0027557663686608 0.0022393536505499 0.0019461517938766 0.0017954510599325 0.0016906554642706 0.0016135330390018 0.001557404608808 0.0015123860657315
0.0037404628131179 0.0030406233671657 0.0024609641570592 0.002025190735899 0.0018111187034659 0.0016894012355314 0.0016055514740633 0.0015366091727805 0.0014803666479504 0.00143407638853
0.0041744639987151 0.0028911481367029 0.0022446905889277 0.0019079509788275 0.001727413036374 0.0016183320477142 0.0015435319648939 0.0014874684056099 0.0014429740561316 0.0014064123316258
0.0041764964502052 0.002693241735064 0.0020708635476422 0.0017466583036083 0.0015931951745213 0.0015056597714756 0.0014401614840555 0.0013889426298699 0.0013486144737528 0.0013140080039532
0.0041018595235696 0.0024027666325981 0.0018270532784511 0.0015959812651531 0.0014800425384512 0.00139805487247 0.0013387770123776 0.0012930405293675 0.0012567843553134 0.0012269699309649
0.0038135303824221 0.0021497534242122 0.0016767547635626 0.0014791681391999 0.0013839968813629 0.001322021380762 0.0012724591192782 0.0012311473473857 0.0011964828323123 0.0011671103111821
0.0036416412112914 0.0019659816952835 0.0015326463902684 0.0013626037068882 0.0012602202052817 0.0011915367176741 0.0011448893246181 0.0011086121539124 0.0010792039039658 0.0010541926670972
0.0034769348114548 0.0017065410308336 0.0013675900962178 0.0012269704693288 0.0011467718380378 0.0010929912869012 0.0010533893269125 0.0010214633104723 0.00099501345013749 0.00097328107882216
0.0031851458892568 0.0015249965023027 0.0012307004859852 0.0010987258527674 0.0010271244066156 0.00097691982600987 0.00094092970856719 0.00091340464937522 0.00089139918556887 0.0008729534603351
