0.00026127918898397 0.0026522722760019 0.0028722105046887 0.0024551770934968 0.0020852571631685 0.0017671219142441 0.001646943819656 0.0015253165457128 0.001430747033061 0.0013586249890425
0.0022707389811391 0.0027779628413858 0.0026916017433012 0.0022691108103678 0.0019410569343248 0.0017126352645192 0.0015488533724769 0.0014440821823893 0.0013705223212707 0.0013110265996623
0.002813760025876 0.0028597417664142 0.0024785495434671 0.0020525988764252 0.0017420516234745 0.0015553133071853 0.0014483361567636 0.0013791736355012 0.0013163469449909 0.0012679007237809
0.0032475543378054 0.0027920627439825 0.0023746517474571 0.0019458045138893 0.001671386002103 0.001520849505283 0.0014253779039083 0.0013521459990275 0.0012910821273558 0.0012420904332934
0.0035498606148537 0.0027059743021795 0.0021817778264358 0.0017762486845707 0.0015258449022721 0.0013800460890471 0.0012896060263081 0.0012234605286 0.0011739035049867 0.0011355361685239
0.0036834745287654 0.0024667049855963 0.0019715636713973 0.0016036227525202 0.0014261994931237 0.0013151138760752 0.001227943625592 0.0011691923798909 0.0011229062430392 0.0010861832225548
0.0036352389271109 0.0022948230058274 0.001748108482632 0.0014461857135704 0.0013050061950451 0.0012160403887405 0.0011588594658926 0.0011124687602071 0.0010741202256246 0.0010425440067136
0.0036169368922008 0.0020299326473338 0.0015718362157067 0.0013274814986511 0.0011935450114464 0.0011210991550598 0.0010698658186897 0.0010276955215096 0.00099430674812944 0.00096659229702855
0.0034490274593365 0.0019081819885529 0.0014284195056573 0.0012192498686436 0.0011161028419431 0.0010480796171506 0.00099847970930381 0.00096142347473709 0.0009328500544632 0.00090995887659272
0.0032742518626227 0.0017034396706465 0.0012888946988511 0.0011242659595719 0.0010348483460817 0.00097335743164032 0.00092798336287616 0.00089214726948772 0.00086339504752991 0.00083899028404264
0.0030189988588873 0.0015435377883904 0.0011845931705814 0.0010184237800946 0.00093370967968092 0.00087949918988075 0.00084110179019002 0.00081130772355781 0.00078749156629972 0.00076792116712023
