0.00031381452710386 0.0032374359405185 0.003261706195593 0.0028086899555986 0.0024041471616983 0.0021371783936253 0.0020006010541716 0.0019011159854932 0.0018346190455348 0.0017827287548332
0.0028700307151691 0.0033756826345274 0.0031033288891727 0.0025732106137617 0.0022226477801431 0.0020338916513775 0.0019190612327066 0.0018384278865111 0.0017727815992877 0.0017181168445934
0.0035016483246804 0.0034090914054331 0.0028345519466917 0.0023696236370414 0.0020748933312278 0.0019083524144891 0.0018048802005316 0.0017253472123042 0.0016614156975065 0.0016087234600604
0.0039408832261639 0.0032447864649708 0.0026136387983857 0.0021843276397431 0.001983420159403 0.0018541043987926 0.0017698677258475 0.00170074676384 0.0016409362541315 0.001589272516136
0.004383104550751 0.0029990244811982 0.0023407795309951 0.0020339642001585 0.0018720508493627 0.0017707463816368 0.0016926102557775 0.0016300916227739 0.0015771400603068 0.0015313748936962
0.0044202002658603 0.0027476840569099 0.002153518962879 0.0018650895838268 0.0017047089867166 0.0016105610907845 0.0015440258757416 0.0014902399544254 0.0014456746408231 0.0014088382863657
0.0043321102210619 0.00246837581135 0.0019139214984844 0.0016936122603943 0.0015571517971593 0.0014727392009703 0.001411070023745 0.0013632299206625 0.0013245366559844 0.001292198637937
0.0041173658350008 0.0021743016374702 0.0017493162313088 0.0015521313678356 0.0014417407017962 0.0013719865408661 0.0013222795678909 0.0012828541444336 0.00124961790024 0.0012217772053716
0.0038848669971366 0.0019764291685643 0.0015422719482535 0.0013676187453167 0.0012701663225822 0.0012058730687856 0.0011608128180813 0.0011266454511424 0.001100067685745 0.0010781308154152
0.003599388137306 0.0017681776676198 0.0014012428989052 0.0012528977711329 0.0011667738188095 0.0011119980908538 0.0010736479957714 0.0010448350233961 0.001022109344505 0.0010034297030643
0.0031803541388207 0.0015466632599757 0.0012728298971718 0.001142159716146 0.0010633127124744 0.0010113424468193 0.00097483076248727 0.00094738793292635 0.00092588649584522 0.00090830685247051
