0.31830986760398 2.1672402104017e-08 -7.9427687185796e-08 4.2273059477946e-08 1.8736689464866e-08 -8.807191410054e-10 -1.1710451279463e-08 1.2018872844665e-07 -2.2288954328598e-09 1.8732619091368e-07
-0.0017015880775337 -0.00010783915736444 0.00098669058212226 -0.00039805079498394 -0.00042502462758029 -0.00013188120538213 0.00051642340844677 -0.00076153785671882 0.00086165655796228 -0.00091441022018494
-0.1500406281518 0.077540816459741 -0.056573697783356 0.044874287052024 -0.036488969928963 0.03065332177318 -0.02591386090755 0.02218948638106 -0.019078415459951 0.016552213071315
-0.0016143798087103 6.5196446456157e-05 -0.00059805898864246 0.0017801429201794 -0.0012381949450229 0.00085111079915218 -0.00078534859894893 0.00075585272214432 -0.0007790129248798 0.00085378107614021
0.038973537823879 -0.026447714288331 0.025681503518629 -0.022189010015312 0.020020935734019 -0.017753842010196 0.015835126986562 -0.014167420219606 0.012690615770158 -0.01139624380285
-0.0018329489255339 -0.0029059075294232 0.0013613966163853 -0.0013354235261751 0.0013264516051594 -0.0014033572631527 0.0013427684193723 -0.0013108767827524 0.0012937777989068 -0.0012680177225425
-0.010750093628874 0.0047723602201049 -0.0064065670986458 0.0062964671020354 -0.0056784545567158 0.0052172426744353 -0.0048957315270516 0.0044906698298317 -0.0040466060073226 0.0036075305333633
-0.0028717021728262 0.0019304607590807 -0.002160746507544 0.0021084963490603 -0.002136071447715 0.00198811506182 -0.0019421293078279 0.0018522189999591 -0.0017367930752622 0.0016598311477616
0.0024407568605846 -0.00309742094829 0.0015398494332716 -0.0016196543252899 0.0010915468258682 -0.00078624064830715 0.00060315947313997 -0.00047514666544924 0.00036082530146257 -0.00028279024169589
0.0055822729645323 -0.00097402696952263 0.0009502594930314 -0.00086192315058932 0.0011376063004235 -0.001242518979939 0.0013069473529315 -0.0013242731625651 0.0013584489257685 -0.0013713926793475
-0.00071965627101871 0.00054943744603102 -0.00037574075581952 0.00029038823352997 -0.00022926382124311 0.00021047950057833 -0.0002126646385224 0.00022515195576712 -0.00026063665586292 0.00029801307448449
