0.0002501787115582 0.0025033885250747 0.0028420242627416 0.0024140999734862 0.0020583434007447 0.0017471804323806 0.0014952770567433 0.0013535993100836 0.0012552510050503 0.0011841951062011 0.0011218856778952 0.0010740201852666 0.0010357673994622 0.0010030686014277 0.00097520000585065 0.00095139730817158 0.00093071361359 0.00091239211763699 0.00089618194383946 0.001387686062114
0.0020663197399354 0.0025411968867353 0.0025659178545199 0.0021751470077948 0.001788670060913 0.001542062304413 0.0013526913415717 0.0012571307826426 0.0011850121924639 0.0011328350035024 0.0010902397002655 0.0010557118475434 0.0010268981475505 0.001002143347518 0.00099467628363023 0.00097531425552615 0.00094381752467863 0.00094045523988366 0.00091716889564059 0.00090648162499259
0.0026274631125608 0.0027137888251424 0.0023623944162174 0.0020078704736475 0.0016960360404266 0.0014643774642612 0.0013127173351717 0.0012147965575979 0.0011451058131207 0.0010906492089701 0.0010502103883694 0.0010173401973271 0.00099009982570078 0.00096732929647164 0.00097891549907051 0.0009296374017778 0.00091392379009593 0.0010004741092327 0.00089218948793432 0.00088118450090202
0.0029737393730479 0.0026964532842817 0.0023206782118106 0.001860125508981 0.001542298438931 0.0013381000483726 0.0012178461412464 0.0011454264748471 0.0010910746989212 0.0010462391624823 0.0010083712935495 0.00097546506914333 0.00094683667297999 0.00092284620757485 0.00090444170858789 0.00088379253464487 0.00086781701379095 0.00085430163914051 0.00084684190858355 0.00083288468168286
0.0032102671992676 0.0025979897803603 0.0020454913725442 0.0016775299915857 0.0014315589731473 0.0012706402397877 0.001190103412539 0.0011329509802159 0.0010856035314689 0.0010465772007989 0.0010143799822618 0.00098838014141801 0.00096330787270265 0.00094231825446104 0.00092340605259947 0.00091347957956554 0.00089038453384344 0.00087620235418102 0.00086536717804074 0.00085905428166491
0.0033065540887765 0.0023824249311957 0.0019234854131343 0.001549669975807 0.0013133807422698 0.001187608785545 0.0011074258024483 0.001045914085495 0.00099927102932968 0.00096304042955374 0.00093376235054598 0.00091025442070879 0.0008885840780908 0.00087102665913493 0.00085655687074817 0.0008421794486477 0.00083075008533499 0.00081917550018024 0.00081300750657499 0.00081219382199733
0.003489596930163 0.0022479762598511 0.0017828344787492 0.0014432278297502 0.0012539492097941 0.0011348974520224 0.0010578284834878 0.0010015116100373 0.00095806175412318 0.00092382880630898 0.00089619680398442 0.0008717607336061 0.00085121387640137 0.00083700855465373 0.00082375234023749 0.00083502575064058 0.00080609045754967 0.00078529428911342 0.00077445525105076 0.00076016340338738
0.003449694174997 0.0020269861153436 0.0015534828105674 0.0012759542430478 0.001126454911456 0.0010381040134632 0.00097362824214496 0.00092803956600056 0.00089304336960893 0.00086493504481755 0.00084139294533196 0.00082034128961958 0.0008039860231081 0.00078686909657944 0.00078053880286845 0.00078558957922354 0.00074909116700225 0.00074100318244527 0.00073201112472886 0.00072057426452446
0.003205554667812 0.0018604922568676 0.0014044502552346 0.0011529068113115 0.00101347604442 0.00093313715704582 0.00087653929982818 0.00083691918342715 0.00080541246276432 0.00078065950362907 0.00076116298005114 0.00074541963546903 0.00073194414331866 0.00072154726784707 0.00071083420507529 0.00070265345395218 0.00069484034257332 0.00068732205109235 0.0006808380526368 0.00070309849779328
0.0030271966527061 0.0016599775115678 0.0012552342178212 0.0010292909181164 0.00091518835159676 0.00085213529114706 0.00080572773407589 0.00077177041334531 0.00074435745825369 0.000722549985112 0.00070399326787818 0.00069151716645482 0.0006758317330059 0.00066701595679093 0.00065470354080704 0.00064861554048579 0.00063982683339632 0.00063095937700692 0.00063807676632829 0.00062317107586871
0.0028841864872837 0.0015047246855543 0.0011243906064236 0.00094901274997132 0.00085416073849195 0.00079452321960298 0.00074963574379442 0.00071712205848514 0.00069251513946698 0.00067249432096433 0.00065626393895923 0.00064283858658043 0.0006313438416474 0.00062524437820636 0.00061425799860957 0.00060473343203249 0.00060251511976026 0.00061512721619486 0.00058532161419297 0.00058092789795689
