0.00024037102787527 0.0023337939321268 0.0026041410685615 0.0024394581783289 0.001970541801414 0.001630272994963 0.0014236021318132 0.0012341218458518 0.0011341651599692 0.0010582920091957 0.00099616253592744 0.00095126379889413 0.00091671807259124 0.0008885659635929 0.00086462983936273 0.00084392483213162 0.00082576935904835 0.0040213106632737 0.00079490555571181 0.00078160882480995
0.0019546326124997 0.002483525881306 0.002455570295594 0.0021859344979952 0.001783626758958 0.0014868540161882 0.0012886092292091 0.0011635523900488 0.0010821207966726 0.0010259352228649 0.00098187900314182 0.00094751153310604 0.00091968245120325 0.00089567194996253 0.00087459482646959 0.00085519297854876 0.00084144230864252 0.00088670906438994 0.00087896057316885 0.00081131245575721
0.002502729659565 0.0025819127474655 0.0023349323007094 0.0019296868028867 0.0015899243546097 0.0013498150264588 0.0012262503795751 0.0011371403178521 0.0010592632925608 0.0010055324067994 0.00096491473478985 0.00093169028455201 0.00090258292345754 0.00087668135542412 0.00085410388763963 0.00083860111107356 0.00093059113541799 0.00080045113310519 0.00082299881629413 0.0008714803287097
0.002823646517661 0.0025236547503675 0.0021865023694036 0.0017632680100995 0.0015083318425738 0.0012711920776185 0.0011240042964565 0.0010341514433536 0.00097427608402207 0.00093004579996659 0.0008937965347369 0.00086356551878931 0.00083837915590075 0.00081653644842722 0.00080811619929181 0.0007817091949604 0.00076699431565332 0.00075371594028054 0.00075472052813603 0.00073194625907787
0.0030098943276859 0.0024693530415076 0.0020498206509108 0.0016519774593336 0.0013536810187362 0.0011628255264773 0.0010613168412723 0.00099325175169682 0.00094553875716173 0.00090582250128606 0.00087362984412538 0.00084854168209829 0.00082593058699687 0.0008088006445549 0.0007893351182142 0.00084900854188688 0.00076231281197174 0.00074730896518887 0.00073750624234554 0.00075435668387727
0.0031782929313473 0.0023590437222631 0.0018653026507212 0.0014897144921775 0.0012415508833334 0.0010941109700247 0.0010103244908759 0.000951588082123 0.00090256010973898 0.00086539657242782 0.00083439395308874 0.00080863431723699 0.00078626994619861 0.00078458024107659 0.0007500288943931 0.00073912989910629 0.00072548515470065 0.00072808011967689 0.00070082517031786 0.00068976985747812
0.0032073183635584 0.0022334932240741 0.0017033905396215 0.0013528022215527 0.0011442025488544 0.0010338301479736 0.00095515320602418 0.00089667858261598 0.00085374356501651 0.00082137995923027 0.00079486161248965 0.00077115983794947 0.0007515975701946 0.00073573274440016 0.00072920851891975 0.00071076847064761 0.00070821898264245 0.0006845887042579 0.0006699602554043 0.00066344746944294
0.0032365072502432 0.0020895596040452 0.0015607030821101 0.0011945319067033 0.0010346015749359 0.00094071653746061 0.00088220422278497 0.00083796511858712 0.00080226563884414 0.00077439125106422 0.00075060287108855 0.00073249146933397 0.00071225725367467 0.00070087613823502 0.00068343563945731 0.00066828878864563 0.00066034822353855 0.00065419451633654 0.00063577446747916 0.00062624768142131
0.0031732390668899 0.0018157320037126 0.0013517385207844 0.0011197848549022 0.00097675608750214 0.00088762880723452 0.00082474239817972 0.00077983511592606 0.00074566996570952 0.00071981012984325 0.00069852993558771 0.00068066640846676 0.0006663673435012 0.00065706288283003 0.00064523671207336 0.00062917629228726 0.00062238887576162 0.00062240182837621 0.000606702557541 0.00059582011857004
0.0030087991705107 0.0016496688754632 0.0012251087002031 0.0009736506079854 0.00085957065097077 0.00078736223136895 0.00073776331946961 0.00070089790891641 0.00067287565728318 0.00065111255090298 0.00063323220849667 0.00061858121968432 0.00060535182471869 0.00059556378439917 0.0005856017986788 0.00057967978993947 0.00056830142981227 0.00056105013870937 0.00055406219486282 0.00054815021369794
0.0028210384816513 0.0015173279818238 0.0010698164593622 0.00087878531443056 0.0007932615291627 0.00074345460629686 0.00070678710187053 0.00067762276719498 0.00065390333576513 0.00063445754392924 0.00061753876349148 0.00060294637856761 0.00059289271116885 0.0005803751524733 0.00056847204650618 0.00055949585171365 0.00055442533803964 0.00054248580190174 0.00053513300993254 0.00052830970748422
