0.00026172523658022 0.0026209014927343 0.0029360383164062 0.0025505475169277 0.0021514255771761 0.0018061662557387 0.0016509456415894 0.0015517060827684 0.0014701768947746 0.0014086508536354 0.0013555041584369 0.0013094160671107 0.0012709530681707 0.0012389996495002 0.0012702010405794 0.0011895844958875 0.0011699262020462 0.0011525350857613 0.0011369433770816 0.0011227949404893
0.0023036255681975 0.0027743350268516 0.002669761987778 0.0022960752120549 0.0019186444443628 0.0016598655795825 0.0015127296243789 0.001439219182707 0.0013843762915587 0.0013411070037403 0.0013042131574388 0.001271785294691 0.0012424274923938 0.0012359109505185 0.0011928474386211 0.0011716498006935 0.0011577679509993 0.0011386416232789 0.0011191232895967 0.0011054057743543
0.0028939547540687 0.0028491181621813 0.0025442158761603 0.0021014795909911 0.0018244744656149 0.0015958631702811 0.0014747960120821 0.0014072592949112 0.0013523883241464 0.0013097527937645 0.0012754527970731 0.0012452378050378 0.0012192254879067 0.0011975943555671 0.0011857110710386 0.0011620410564723 0.0011514331329461 0.0011243183472155 0.0011097705145023 0.0010964544823246
0.0033242163873071 0.0028142494425114 0.0023870803562181 0.0019198233647598 0.0016637676469166 0.0015086359544976 0.0014170826868916 0.0013463762478684 0.0012912902667049 0.0012481944310992 0.0012124297157334 0.0011836524816939 0.0011566460978915 0.0012035925078815 0.0011135626596852 0.0010952899709053 0.0010787054620231 0.0010642046503854 0.0010497856982236 0.0010368103615139
0.0036060957343947 0.0027791002099055 0.0021662581324834 0.0017850581509318 0.0015933277979514 0.0014587555732859 0.0013705837256645 0.0013057673431858 0.0012559786344873 0.0012159060480356 0.0011826789048246 0.0011563583387658 0.0011299449854859 0.0011408655512012 0.0010937170055662 0.0010724100508854 0.0010567899820493 0.0010442011670415 0.0010476654214268 0.0010438669685141
0.0036874036850413 0.0025015725934788 0.0019324532822454 0.0016151997131901 0.00141743485293 0.0013110063463311 0.0012459378918492 0.0011988607967415 0.0011635633998386 0.0011339004853645 0.0011076308323365 0.0010852602643478 0.0010642569595392 0.0010488465872063 0.0010357316663481 0.0010208832410862 0.0010038621835932 0.00099223319023954 0.00098178482464681 0.00097239568657019
0.0035421631595385 0.0023499350403654 0.0017758630429849 0.0014565255539055 0.0013032301200372 0.0012047796396436 0.0011499425057772 0.0011087186497571 0.0010766113144776 0.0010493268200432 0.001026867430223 0.0010071019142381 0.00098927008858878 0.00097298099767817 0.00095862276018851 0.00094582850119423 0.00093430089625393 0.00092480378632261 0.00091411497805616 0.00090818529962146
0.0036198484744677 0.0020809987717319 0.0015964170966499 0.0013451593737562 0.0012165552938625 0.001131807401547 0.0010745184764588 0.0010346481274284 0.0010046028953446 0.00098057547974156 0.00095915295223001 0.00094068628452243 0.00092372375384783 0.00090879553549715 0.00091435851001224 0.00088501274195733 0.00087426277376056 0.00086475888211014 0.00085679724235418 0.00086542472659663
0.0035539170811175 0.0019079772012901 0.00141272309665 0.0012116102577156 0.0011077452529119 0.0010468039161571 0.0010035352211591 0.00096986936379105 0.00094246865675953 0.00092026935128283 0.00090179199977439 0.00088894078446539 0.0008719063939228 0.0008594881988008 0.00084827356191334 0.00083806769880802 0.00082875758528578 0.0008220467681904 0.00082005292446982 0.00080605306716749
0.003356415373716 0.0017214629810349 0.0012734537064334 0.0010821890494664 0.0010046597912753 0.00095708221466831 0.00092350715294986 0.00089617195672579 0.00087391508695338 0.00085570789660974 0.00083903858091616 0.00082482512803694 0.00081191450786808 0.00080132166836921 0.00079123630315257 0.00078093778447461 0.00077219959162691 0.00076580668039886 0.00075586504802183 0.00074943120312462
0.003045455461803 0.0015575323845545 0.0011695972017703 0.0010347670658065 0.00096086968855635 0.00091296309435927 0.00087663783333686 0.00084865084702794 0.00082658440397416 0.00080864524428228 0.00079428233875435 0.0007808464909668 0.00077246745897371 0.00075990622017947 0.00075113242151275 0.00074291860590988 0.00073589248060982 0.00073075708331827 0.00072608320264892 0.00071803751061814
