0.0018196198668045 0.0030559001255937 0.0028016313410856 0.0024077691247331 0.0020531069231594 0.001718086852296 0.0015381154738314 0.0014155773072361 0.001326421055517 0.0012539037011674
0.00048306367452606 0.0021542804065934 0.0020693217938429 0.001766410222234 0.001531304359102 0.0013848849559925 0.0012781268157979 0.001206883293272 0.0011524592082298 0.0011091521561995
0.0022309495298101 0.002150499769479 0.0018976334127288 0.0015645831615718 0.0013533941611932 0.0012273956398143 0.0011389406581071 0.0010767205752201 0.0010254243559492 0.00098399190194474
0.0025064910411087 0.002112131391242 0.0017295585522146 0.0014449389408541 0.001264718779551 0.0011650272720974 0.0010929612358168 0.0010390928004001 0.00099545192654743 0.00096149507480319
0.0026199887428368 0.0020199165561268 0.0016413506145175 0.0013391745001914 0.0011717399021487 0.0010811691733916 0.0010245919621894 0.00097908730994505 0.00094122333828904 0.00090971498615915
0.0027641858814649 0.0019160942850156 0.001438046072842 0.0012106486413291 0.0010873258533685 0.0010028307187235 0.00094545315900623 0.00090340048083218 0.00086989322222622 0.0008428916145431
0.0026714702156833 0.0016621861153295 0.0012917567147709 0.0010822529649062 0.00097935718118813 0.00091705445108179 0.00087461217426943 0.00084220752280582 0.00081587279261917 0.00079349126069544
0.0026314046687583 0.001560683421997 0.0012200750969232 0.0010472576829792 0.00094939602098264 0.00088393944507059 0.00083910000965513 0.00080461050601649 0.00077746116299684 0.00075573312261305
0.0025646736793068 0.0013797294827922 0.0010601217155141 0.00092567185865603 0.0008459287974672 0.00079324437659149 0.00075615096063198 0.00072876813361812 0.00070718511566278 0.00068956248277806
0.0023869775855631 0.0012573337027578 0.0009665712553472 0.00084459143177887 0.00078039135091357 0.00073787836953615 0.00070648800432725 0.00068107573415368 0.0006604306855055 0.00064345676859371
0.0022715193021601 0.0011234406040702 0.0008743962586365 0.00076586434241532 0.00070405890201504 0.000664958424357 0.00063691458010692 0.00061616040280214 0.00060007799772045 0.00058718168872486
