0.31830991665924 -1.7007761431709e-08 1.740765092281e-07 -2.1849536147652e-07 -5.6547894670496e-08 -1.6470429750545e-09 -5.8785056525016e-08 1.7323510659204e-07 -4.5914246670779e-08 1.6913160093443e-07 -1.5901438432568e-07 -9.6558266067715e-08 3.2644489743036e-07 -2.7459143682211e-07 -6.6023249026147e-08 -4.2848975546033e-08 -1.0177639297494e-07 -3.9049232629286e-07 4.0088209579994e-07 -4.2748884648616e-07
-0.0029858747511701 -0.0013809750963465 0.00047066050649171 0.00050403823421853 1.3025589197756e-06 -0.00032521270751007 0.00017083174904951 -0.0003402995991695 0.00014981241436812 5.0367480849184e-05 -0.00020210913431507 0.00028970747668052 -0.00032380250833681 0.00032850449708113 -0.00036275156942093 0.00037161225344472 -0.000327103274013 0.00026855180926195 -0.00020593152153248 0.00025256611055612
-0.054979188325537 0.031203729707032 -0.027202021280266 0.022357278547799 -0.018418312155946 0.015810479914056 -0.013364303405057 0.011689620683177 -0.01020476933353 0.0090453931466784 -0.0080503532873413 0.0072114432549447 -0.0065223168144765 0.0059225487425286 -0.0053920903970461 0.0049153277951817 -0.0044855489351013 0.0040942026955576 -0.0037969502914504 0.0034103039240701
-0.0011724545724465 0.003509160467952 -0.00077391731086273 -0.00043388618005819 -0.00019581161325437 -0.00021491218526305 0.00043060487694193 -0.00010459288244438 -0.00015361470156214 0.0002862545978869 -0.00037292958052726 0.00037987781388255 -0.00036769002847871 0.00041565773819632 -0.00050461956168678 0.00027084214942705 -0.00043191428231011 0.00035045906039565 -0.00058136626763347 0.0004274370626179
0.009080064848793 -0.0029284482815555 0.0022639228509427 -0.0037918293990588 0.0036121216099179 -0.0038550650364113 0.003572165100842 -0.0032222783462654 0.0028086508070137 -0.0024631398059648 0.0021649281887384 -0.0019323358929781 0.0017484968428079 -0.0015994563687076 0.0014810629448537 -0.0013046901346815 0.0012769045741755 -0.0012172380358234 0.001120262229407 -0.00092928740391728
-0.0029025621206616 0.00052954516465132 0.0019998657455217 -0.0009224375172594 0.00089828216581076 -0.00037089377418875 -0.00035006228467504 0.00093212080757982 -0.0011474906674718 0.001235345453901 -0.0012790286514971 0.001287964659904 -0.0013241072185441 0.0012401235243816 -0.0011963520274574 0.0011467801776943 -0.001325521781441 0.0010429300942183 -0.0009919634582005 0.00094376626138229
0.0018755222906364 -0.001030387525836 -0.00016172760102954 0.00020949731675242 -0.00016582337844451 -3.2211183261648e-05 0.00017496802340852 -0.00016731072949653 0.00015047838090496 -8.4520596258235e-05 3.3658479806969e-05 4.0408729292637e-06 -3.4543367657866e-05 0.00013043761014269 -9.2138841832941e-05 0.00010111213407462 -0.000218942186089 0.00015318811645119 -0.00016935436173966 0.00016613402390576
0.0039334373536574 -2.3333940256139e-05 0.00047189237457136 -0.00080265376485174 0.00074225710530102 -0.00065777611545246 0.000781006441253 -0.00093472935174206 0.0010596133162799 -0.0011414583085476 0.0011947939670931 -0.0012213678353334 0.0012321974209478 -0.001228216554609 0.001215713449871 -0.0011975966149705 0.0011757614558168 -0.0011508701357422 0.0010637630421268 -0.0011539226668003
-0.001936850164581 0.0017798828323552 2.3242945798215e-05 0.00038922236690841 -0.00080177783957482 0.0006294389282142 -0.00048240423158445 0.00034413292808476 -0.00025919245410182 0.00019445646280025 -0.00015388135669501 0.00011753275186656 -6.4986302044238e-05 4.1128627234333e-05 -3.0268401629004e-05 2.3714639775122e-05 2.1111866674736e-06 2.6145204069448e-05 -1.3118191262769e-06 -2.0454279004825e-05
-0.0024689280515384 -0.001813927594192 0.00041044666072492 0.0005963255596914 -0.00041105066888201 0.00043791186964083 -0.00055276693605501 0.00061713035831082 -0.00066149374376794 0.00071588416102335 -0.00075810075778339 0.0007986617562418 -0.00082816692034365 0.0008504264712009 -0.00086644206961709 0.00088638437937184 -0.00088129244743412 0.00084590930914051 -0.00083255778891083 0.00088988314188127
-0.0015635666034906 0.0002126078373425 -0.00059004670150623 9.1250477379115e-05 -0.00015750413740292 0.00025673612874426 -0.00026439533763714 0.0002975096144631 -0.00031541517810659 0.00031771973235433 -0.00030685408199298 0.00029016209812588 -0.00027285572011034 0.00025727311110927 -0.00018714236489857 0.00026314365170104 -0.00021920065410518 0.00013328963360295 -0.00026358201709968 0.0002162390123411
