0.31830989203624 -6.2537370777008e-08 -2.8982201389943e-08 -1.4773676713045e-07 6.4302651409708e-08 2.2198160391729e-08 -1.1732609051956e-06 1.093038646973e-07 9.58806459413e-09 -9.0105787996477e-08
-0.0018296833872504 0.0013679400502613 0.0013531109090377 0.0023044065406206 -0.00091842316385015 0.00090374882427384 -0.00082817271875971 0.00094572905866307 -0.00081718931173308 0.00074396633960427
-0.09844689467518 0.055530133590789 -0.046438324307014 0.038740880298367 -0.032826202111558 0.027428390576448 -0.023509991456649 0.020456538531623 -0.018024418427536 0.016009272716429
3.1583657541865e-05 -0.0026879240179714 0.001263745311556 -0.00028704072230274 0.0016829624062326 -0.0028258868492249 0.0027733635435605 -0.0026168945483615 0.0023617331783767 -0.0021774254379424
0.017965474653256 -0.01244710733171 0.012400332818716 -0.011436173868486 0.009870977294219 -0.0085916392019878 0.0075367971302162 -0.006885855607665 0.0063263315829642 -0.0058181877303891
0.00018787559353917 -0.00055249241354809 0.00015324058221924 -0.00024177511788078 -0.0011473588153317 0.0016067151117608 -0.0018648169518736 0.0019127884925775 -0.0018594806423574 0.0018036753180214
-0.0045842445362119 0.0060072597478911 -0.0040798323757277 0.0035754816651965 -0.0025044946080927 0.0024113432819446 -0.0022750552578562 0.0021659715757555 -0.0020398522296644 0.001939026015987
0.0026329384612543 -0.00017877850097971 0.00094122863086922 -0.00085378454139678 0.0010438520946389 -0.00094519299761502 0.0010288587660954 -0.0010497222610568 0.0010535314354103 -0.0010346068779975
0.0022032902828287 -0.00023180365213132 0.0014289371203883 -0.0012547706794374 0.00092399037473401 -0.00071097504714874 0.00064268097403949 -0.00057403278341543 0.00050786405407426 -0.00045458143006621
-0.00065763571411256 -0.00014670657184387 -0.00014509091259046 0.00046483883905154 -0.00045546432104348 0.0003969721760596 -0.00027806170755924 0.00022357709735743 -0.00020687942322173 0.00018932009675927
-0.00034175843559207 -0.0004449063355056 0.00029810987890412 -2.0217084707602e-05 -4.25587748226e-05 0.00010729667419949 -0.0001674765311267 0.00022481770104808 -0.0002775086856167 0.00033451052470782
