0.31830993327663 -4.5864273676921e-08 2.2484499422604e-08 -6.3594940358918e-09 3.9460944766617e-08 -2.2885148816154e-08 5.2202269242671e-08 -1.2338171419045e-06 -3.7854816812982e-09 -9.8118253849776e-08
0.00096159230608081 -0.0010681581296082 0.001498844276566 -0.001808212765773 -0.0010215427892714 -0.00034420827594596 0.0012505700081648 -0.00093220034784982 0.00095402467118744 -0.001046281742297
-0.020063241595729 0.015445328807381 -0.01250443553882 0.010661045745066 -0.0084084813439921 0.0066879814016483 -0.0054880228639834 0.0044089936375985 -0.0037243240556367 0.0031775329147418
-0.00093732637571937 0.00026867094947517 0.0011491804059875 0.00017576887460939 0.00072256438423654 0.00025106601173857 3.4511569738762e-05 0.0001912257623803 -0.00028645271487254 0.00026555216849182
0.0014744599128426 -0.0011099538756254 0.00060730747612396 -0.0001878184544525 0.00044134061536841 -0.00062504668042312 0.00049736098202942 -0.00058341521731538 0.00057140372663526 -0.0005935929375722
-0.00084301647339156 0.0013696290954433 0.00047757226260466 0.00015292318419706 -0.00011775351521782 -0.00025115696671539 0.00047697166495881 -0.00045465440222376 0.00031411538993589 -0.00023204203904291
-0.00073912779424113 0.0024436171536118 -0.00040234186624577 -0.00037438117051833 0.00030548407303802 0.00011010417086632 -0.000250050143357 0.00020358997636031 -0.00018830044439856 0.0002205092890042
-0.0021213166832002 0.0010727701785439 0.00088124538632852 0.0001704325258772 0.0001060414808457 7.6847157067359e-05 -8.7104634664093e-05 0.00015844571079404 -0.00018758899236611 0.00015491522729814
0.0022214007481659 -0.0004619427738449 -0.001524700115047 0.0006670333417434 -0.00056433529510474 0.00058469712935968 -0.00057745156423551 0.00058306074554663 -0.00053889063495524 0.00050844528026779
0.0046236139931221 -0.00075329559375689 0.00047673019299167 -0.00060942468403915 0.00035104888788533 -8.9972081517211e-05 -4.5561457212549e-05 9.8020625215239e-05 -0.0001312170922682 0.0001388077717512
0.0017470722027259 8.4173055333941e-05 -0.00012430617513354 -9.4962557138351e-05 9.6814063599781e-05 -0.00021209864607579 0.00034672121464067 -0.00042331640697259 0.00043396820297206 -0.00042136713177284
