0.00024876512098567 0.0024788867000164 0.0025874468382292 0.0024922079220023 0.0021231714424616 0.0017340452500883 0.0015131610356538 0.001357733060554 0.0012686348736031 0.0012056842835346 0.0011515977360212 0.0011052989045515 0.0010653785765943 0.0010291964593306 0.0010102587136416 0.00096906051157162 0.00095684334935161 0.00092179733244587 0.002403152607368 0.00088365252574975
0.0019518328547211 0.0025355831390109 0.0025558287317657 0.0022230691472853 0.001827442503222 0.0015611660367835 0.0013706741031818 0.0012453494613421 0.0011570553944563 0.0010951221856733 0.0010471697733967 0.0010076232698056 0.00097474245395336 0.00096080734866585 0.00092225930868827 0.00090101957171701 0.00088186405188031 0.00091948562598566 0.00085477827587987 0.00087365057062452
0.0025160305773052 0.0026140153690031 0.0024721748188334 0.0020160916759097 0.0016824814531637 0.0014178274779154 0.0012639060989551 0.0011652779668643 0.0010931864285342 0.0010426771320887 0.0010018917306705 0.00096744779549348 0.00093772387748068 0.00091346935144005 0.00089379034390751 0.00087232492986037 0.0010492282573638 0.00089674190500664 0.0008491751517635 0.00082667020922515
0.0028928590363215 0.0026126683183709 0.0022648381362181 0.0018343358098532 0.0015152254084574 0.0013268275654644 0.0012054609251851 0.0011199929648849 0.001066566410379 0.0010225327519636 0.00098600761341293 0.00095570145568851 0.00093025091571024 0.00091152215833065 0.00088875827344268 0.00087141704163485 0.00085445580546135 0.00084685411914845 0.00086077097576484 0.00081527737269879
0.0031457813255302 0.002604244700755 0.0021295918851477 0.0016772975830965 0.0013766632715072 0.0012099917871198 0.0011250356506624 0.0010576539152129 0.0010098034359596 0.0009696676964834 0.00093549813441306 0.00090562890851678 0.00087935441723265 0.00085625309597912 0.00083556409921079 0.00082266592607912 0.00084768949363639 0.00079205463171319 0.00077315462302865 0.00076386482560703
0.003149735386666 0.0024358268754469 0.0019189014019833 0.001511860793355 0.0012915979269797 0.0011527075572752 0.001066581904471 0.0010036686839625 0.00095634113685433 0.00091843688259272 0.00088816659582366 0.000862979570447 0.0008415943937565 0.00082372303176833 0.00080825117631008 0.00079525055959938 0.00078605806313721 0.00083291100386934 0.00076417079186484 0.00076084454231516
0.00336613175668 0.0022560704551012 0.0017583721111126 0.0013963774065829 0.0011955716727745 0.0010839652679052 0.0010072027805507 0.00095688677125139 0.00091589983303134 0.00088266435097674 0.00085478182115364 0.00083087818013024 0.00080926750894999 0.00079173963094545 0.00077736191498302 0.00076060791593961 0.00074442772576228 0.00073391490268593 0.0007475126972036 0.00070900144189895
0.0033607187236676 0.0020553161168536 0.0015189294189043 0.0012456334785656 0.0010799050032172 0.00098869215213124 0.00093310110768079 0.00089301450363286 0.00085976260013021 0.00083239147513904 0.00080860087160994 0.00078841011926589 0.00077221350728615 0.00075489305948572 0.00074794996238708 0.00073430596864627 0.00072098758938792 0.00071242763546876 0.0006958200925 0.00069108731743083
0.003172910840194 0.0018848246244355 0.0014217550271002 0.0011549237897158 0.0010098515001851 0.00091586000200723 0.00085802939860063 0.00081683085218184 0.00078558138020002 0.00076142553401551 0.00074152227911274 0.00072462427254145 0.000709775936708 0.00070227209839169 0.00068596705880042 0.00067474468748065 0.00066407671922566 0.00065886096188274 0.00065389106298034 0.00063948493590713
0.003034736761699 0.0016758069333711 0.0012359768008816 0.0010205941437235 0.00091405431467606 0.00084563052695046 0.00079740700931403 0.00076153940671923 0.00073187514837644 0.00070709387788315 0.00068681592527696 0.00066970642146724 0.00065794200652914 0.00064848343248598 0.00064035780386442 0.00062345867139215 0.00061200460279911 0.00060489295029279 0.00060023818297465 0.00058949874336385
0.00288686153224 0.0015168347541245 0.0011012757314156 0.00092016455575949 0.00081697139648931 0.00075928970994131 0.00071947331556881 0.00069056433965512 0.00066761434642681 0.00064892055528807 0.0006332359790074 0.0006208510798294 0.0006107887086825 0.00059925680290567 0.00058841294570641 0.00057893054997187 0.00057182605842409 0.00056841978235205 0.00056222438958068 0.00055086472466346
