0 0 0 0 0 0 0 0 0 0 0 0 0 0 0 0 0 0 0 0 0 0 0 0 0 0 0 0 0 0 0 0 0 0 0 0 0 0 0 0 0 0 0 0 0 0 0 0 0 0 0 0 0 0 0 0 0 0 0 0 0 0 0 0 0 0 0 0 0 0 0 0 0 0 0 0 0 0 0 0 0 0 0 0 0 0 0 0 0 0 0 0 0 0 0 0 0 0 0 0
0 0 0 0 0 0 0 0 0 0 0 0 0 0 0 0 0 0 0 0 0 0 0 0 0 0 0 0 0 0 0 0 0 0 0 0 0 0 0 0 0 0 0 0 0 0 0 0 0 0 0 0 0 0 0 0 0 0 0 0 0 0 0 0 0 0 0 0 0 0 0 0 0 0 0 0 0 0 0 0 0 0 0 0 0 0 0 0 0 0 0 0 0 0 0 0 0 0 0 0
0 0 0 0 0 0 0 0 0 0 0 0 0 0 0 0 0 0 0 0 0 0 0 0 0 0 0 0 0 0 0 0 0 0 0 0 0 0 0 0 0 0 0 0 0 0 0 0 0 0 0 0 0 0 0 0 0 0 0 0 0 0 0 0 0 0 0 0 0 0 0 0 0 0 0 0 0 0 0 0 0 0 0 0 0 0 0 0 0 0 0 0 0 0 0 0 0 0 0 0
0 0 0 0 0 0 0 0 0 0 0 0 0 0 0 0 0 0 0 0 0 0 0 0 0 0 0 0 0 0 0 0 0 0 0 0 0 0 0 0 0 0 0 0 0 0 0 0 0 0 0 0 0 0 0 0 0 0 0 0 0 0 0 0 0 0 0 0 0 0 0 0 0 0 0 0 0 0 0 0 0 0 0 0 0 0 0 0 0 0 0 0 0 0 0 0 0 0 0 0
0 0 0 0 0 0 0 0 0 0 0 0 0 0 0 0 0 0 0 0 0 0 0 0 0 0 0 0 0 0 0 0 0 0 2.374492662387e-09 7.0688246593195e-09 1.7932328167648e-08 3.8764565788903e-08 7.1408677670443e-08 1.1209336594739e-07 1.4994088772162e-07 1.7091292446521e-07 1.6601092634648e-07 0 0 0 0 0 0 0 0 0 0 0 0 0 0 0 0 0 0 0 0 0 0 0 0 0 0 0 0 0 0 0 0 0 0 0 0 0 0 0 0 0 0 0 0 0 0 0 0 0 0 0 0 0 0 0 0 0
0 0 0 0 0 0 0 0 0 0 0 0 0 0 0 0 0 0 0 0 0 0 0 0 0 0 0 0 0 0 0 0 0 0 8.756863062074e-09 2.6069004358736e-08 6.6131904685503e-08 1.4295952564228e-07 2.6334495560979e-07 4.1338665633603e-07 5.5296141565615e-07 6.303022406142e-07 6.1223358387384e-07 5.0675207723739e-07 3.5742546543989e-07 0 0 4.54513219013e-09 9.5722948477353e-09 1.717904842398e-08 2.6271885606583e-08 3.4237040656438e-08 3.8020912652616e-08 3.5979851479877e-08 2.9013707010381e-08 1.9937190179896e-08 0 0 0 0 0 0 0 0 0 0 0 0 0 0 0 0 0 0 0 0 0 0 0 0 0 0 0 0 0 0 0 0 0 0 0 0 0 0 0 0 0 0 0 0
0 0 0 0 0 0 0 0 0 0 0 0 0 0 0 0 0 0 0 0 0 0 0 0 0 0 0 0 0 0 0 0 0 7.8772671288883e-09 2.7519422074977e-08 8.192407792644e-08 2.0782772169505e-07 4.4926479940657e-07 8.275977120807e-07 1.2991138523625e-06 1.7377397554127e-06 1.9807872003938e-06 1.9240054246199e-06 1.592506724585e-06 1.1232349605144e-06 6.7746803903397e-07 6.8201457852265e-09 1.6855811623766e-08 3.5499539861066e-08 6.3709663342424e-08 9.7432035867025e-08 1.2697156066593e-07 1.4100401549105e-07 1.3343274439089e-07 1.076002012304e-07 7.3938739639632e-08 4.3295554950849e-08 2.1603799422961e-08 0 0 0 0 0 0 0 0 0 0 0 0 0 0 0 0 0 0 0 0 0 0 0 0 0 0 0 0 0 0 0 0 0 0 0 0 0 0 0 0 0 0
0 0 0 0 0 0 0 0 0 0 0 0 0 0 0 0 0 0 0 0 0 0 0 0 0 0 0 0 0 0 0 0 0 2.1094807441862e-08 7.3695074316278e-08 2.1939032114116e-07 5.5654786311206e-07 1.2031015061096e-06 2.2162536495339e-06 3.4789432795381e-06 4.6536098637452e-06 5.3044485387474e-06 5.1523567683813e-06 4.2646419004991e-06 3.0101808936466e-06 1.8153392056827e-06 9.4753194890039e-07 5.354509396919e-08 1.1268077845103e-07 2.020912205726e-07 3.0888351938447e-07 4.012605374501e-07 4.456033673162e-07 4.2168165009564e-07 3.4004061745717e-07 2.3366074329815e-07 1.3682370436738e-07 6.8272577472396e-08 2.9029961638377e-08 1.0518569389595e-08 0 0 0 0 0 0 0 0 0 0 0 0 0 0 0 0 0 0 0 0 0 0 0 0 0 0 0 0 0 0 0 0 0 0 0 0 0 0 0 0
0 0 0 0 0 0 0 0 0 0 0 0 0 0 0 0 0 0 0 0 0 0 0 0 0 0 0 0 0 0 0 0 0 4.8138392211584e-08 1.6817266930382e-07 5.0064555604047e-07 1.2700439789052e-06 2.7455022133643e-06 5.0574941464974e-06 7.9389435360588e-06 1.0622257039937e-05 1.2112569439e-05 1.177711686666e-05 9.7737546354237e-06 6.9416054372812e-06 4.2540023003706e-06 2.3108246596362e-06 1.21957529634e-06 4.4714125675896e-07 5.4607404712076e-07 8.4705382344035e-07 1.1072707867333e-06 1.2348591864162e-06 1.1751659209037e-06 9.5173299149556e-07 6.6049571130986e-07 3.9156394981669e-07 1.9841115401263e-07 8.5990432791586e-08 2.832645961932e-08 8.7460948218467e-09 0 0 0 0 0 0 0 0 0 0 0 0 0 0 0 0 0 0 0 0 0 0 0 0 0 0 0 0 0 0 0 0 0 0 0 0 0 0 0
0 0 0 0 0 0 0 0 0 0 0 0 0 0 0 0 0 0 0 0 0 0 0 0 0 0 0 0 0 0 0 0 0 9.3609709952735e-08 3.2702472561951e-07 9.7353894164858e-07 2.4697199006786e-06 5.3388887151829e-06 9.8347779667079e-06 1.5440839832702e-05 2.0660191926765e-05 2.3566754036979e-05 2.2934100280578e-05 1.9071258155958e-05 1.3613503584684e-05 8.449750416635e-06 4.7340165581476e-06 2.6648811781849e-06 1.8823157709986e-06 1.6826417086374e-06 2.2389474658789e-06 2.5754311537263e-06 2.8766991078521e-06 2.743796360803e-06 2.2355922961732e-06 1.5568109462859e-06 9.2350488930177e-07 4.710251204794e-07 2.0576407312638e-07 7.7063843581255e-08 2.4772130924692e-08 5.280765632242e-09 0 0 0 0 0 0 0 0 0 0 0 0 0 0 0 0 0 0 0 0 0 0 0 0 0 0 0 0 0 0 0 0 0 0 0 0 0 0
0 0 0 0 0 0 0 0 0 0 0 0 0 0 0 0 0 0 0 0 0 0 0 0 0 0 0 0 0 0 0 0 0 1.5511737763562e-07 5.4190619791902e-07 1.6132425963283e-06 4.0924886097011e-06 8.8468915136046e-06 1.6296872718734e-05 2.5590513296412e-05 3.4253092259639e-05 3.9094829573979e-05 3.8099555540705e-05 3.1797934521927e-05 2.2905301198084e-05 1.4530189426678e-05 8.5485444221272e-06 5.2556300679196e-06 4.0322025671541e-06 4.1068301233164e-06 4.7392687465954e-06 5.614487200249e-06 5.9895529999369e-06 5.5082664163618e-06 4.5061048323765e-06 3.1545457256971e-06 1.8913560276688e-06 9.6626853664916e-07 4.2662503854084e-07 1.6179358702015e-07 5.2767168349273e-08 1.481740198538e-08 0 0 0 0 0 0 0 0 0 0 0 0 0 0 0 0 0 0 0 0 0 0 0 0 0 0 0 0 0 0 0 0 0 0 0 0 0 0
0 0 0 0 0 0 0 0 0 0 0 0 0 0 0 0 0 0 0 0 0 0 0 0 0 0 0 0 0 0 0 0 0 2.1903457587558e-07 7.6520398152521e-07 2.2780090833433e-06 5.7788486134383e-06 1.2492214770565e-05 2.301774819379e-05 3.6157740350665e-05 4.8413921626899e-05 5.5318647759659e-05 5.4052508970527e-05 4.5407311946844e-05 3.3228592925407e-05 2.185953835106e-05 1.3841079981037e-05 9.4702640814031e-06 7.8562235144136e-06 7.9639026570171e-06 8.8428143036707e-06 1.0074688345106e-05 1.0541797661907e-05 9.8008669908844e-06 7.8546736646661e-06 5.5370023304257e-06 3.3489650076375e-06 1.739930352821e-06 7.7072526854551e-07 2.9679503538349e-07 9.8527344266137e-08 2.8211734274578e-08 6.9730458733597e-09 0 0 0 0 0 0 0 0 0 0 0 0 0 0 0 0 0 0 0 0 0 0 0 0 0 0 0 0 0 0 0 0 0 0 0 0 0
0 0 0 0 0 0 0 0 0 0 0 0 0 0 0 0 0 0 0 0 0 0 0 0 0 0 0 0 0 0 0 0 0 2.6356190295022e-07 9.2075874277154e-07 2.7410618843083e-06 6.9536059348782e-06 1.503175006917e-05 2.7727381685458e-05 4.356440095123e-05 5.8380300937462e-05 6.6838195508646e-05 6.5623519677111e-05 5.576808468055e-05 4.1928949672641e-05 2.9224485759733e-05 2.0468679742147e-05 1.5772075516078e-05 1.3937277480159e-05 1.4020966657024e-05 1.4813779163972e-05 1.6051634902361e-05 1.6341571493926e-05 1.4969024071104e-05 1.21178326582e-05 8.4760939739786e-06 5.1821129793488e-06 2.728236569086e-06 1.238269437852e-06 4.7944247917808e-07 1.6263298266345e-07 4.7411300299894e-08 1.6752279098394e-08 5.927573739727e-09 3.3940901907375e-09 2.2521781102215e-09 0 0 0 0 0 0 0 0 0 0 0 0 0 0 0 0 0 0 0 0 0 0 0 0 0 0 0 0 0 0 0 0 0 0
0 0 0 0 0 0 0 0 0 0 0 0 0 0 0 0 0 0 0 0 0 0 0 0 0 0 0 0 0 0 0 0 0 2.7024550157778e-07 9.4411516469372e-07 2.8106018374262e-06 7.1299670348479e-06 1.5458188335016e-05 2.8506906925507e-05 4.4822113196353e-05 6.016337294568e-05 6.9135069441656e-05 6.8468773381496e-05 5.9372597061409e-05 4.6673301623283e-05 3.5423663761355e-05 2.8239942633888e-05 2.4483491941786e-05 2.2782703369464e-05 2.225321427822e-05 2.2506382195078e-05 2.2909290360646e-05 2.2536781994542e-05 2.0381365224554e-05 1.6435364722198e-05 1.1496211420418e-05 7.0955861474537e-06 3.7965909045451e-06 1.7562518534815e-06 7.0986627566081e-07 2.5504085233421e-07 9.264377180617e-08 4.0711579831705e-08 2.4627514218982e-08 1.6591061195426e-08 1.0628401203015e-08 6.0096881234705e-09 2.8957528663365e-09 1.1889887740899e-09 0 0 0 0 0 0 0 0 0 0 0 0 0 0 0 0 0 0 0 0 0 0 0 0 0 0 0 0 0 0 0
0 0 0 0 0 0 0 0 0 0 0 0 0 0 0 0 0 0 0 0 0 0 0 0 0 0 0 0 0 0 0 0 0 0 8.2492894922633e-07 2.4557887324281e-06 6.2469740185056e-06 1.3604994973107e-05 2.5115319521154e-05 3.9567204273663e-05 5.3286737543463e-05 6.1666479795303e-05 6.20358941952e-05 5.5680205606426e-05 4.6937553412056e-05 4.0001688803826e-05 3.6303173971963e-05 3.4671522980867e-05 3.3496988031549e-05 3.2140749553703e-05 3.0978438535455e-05 2.996766603327e-05 2.8392615652391e-05 2.5162294380466e-05 2.0182232437467e-05 1.433997884453e-05 8.8411833686802e-06 4.8172754421242e-06 2.2812538358899e-06 9.722747322834e-07 3.9137619050116e-07 1.8526243767556e-07 1.1666912247778e-07 8.8257034810594e-08 6.5282216028863e-08 4.2740964939023e-08 2.4167544716906e-08 1.164492649846e-08 4.781400633135e-09 1.6729506118138e-09 4.9879247224122e-10 0 0 0 0 0 0 0 0 0 0 0 0 0 0 0 0 0 0 0 0 0 0 0 0 0 0 0 0 0
0 0 0 0 0 0 0 0 0 0 0 0 0 0 0 0 0 0 0 0 0 0 0 0 0 0 0 0 0 0 0 0 0 0 6.1421647800124e-07 1.8650977448575e-06 4.8098205290571e-06 1.0404846663022e-05 1.9249002635915e-05 3.04174830116e-05 4.1238070027345e-05 4.8370734176387e-05 5.0003469057603e-05 4.749445178969e-05 4.4101538435255e-05 4.3092307465607e-05 4.4037816121167e-05 4.5228144697851e-05 4.4949003188043e-05 4.2831934375253e-05 4.0115962386985e-05 3.7255032197951e-05 3.3960829232072e-05 2.9320177834963e-05 2.3346439897318e-05 1.6711100656327e-05 1.0571760158816e-05 5.9239993390143e-06 3.0117066046168e-06 1.4342937675064e-06 6.6793336865241e-07 4.2951651404356e-07 3.5024620756715e-07 2.91598627435e-07 2.2185139478619e-07 1.4666155418833e-07 8.2818476588785e-08 3.9905110977809e-08 1.6384814469021e-08 5.7328735860264e-09 1.7092983059939e-09 4.3427621338449e-10 0 0 0 0 0 0 0 0 0 0 0 0 0 0 0 0 0 0 0 0 0 0 0 0 0 0 0 0
0 0 0 0 0 0 0 0 0 0 0 0 0 0 0 0 0 0 0 0 0 0 0 0 0 0 0 0 0 0 0 0 0 0 4.1207094518155e-07 1.2798341998176e-06 3.371713444713e-06 7.2735047827776e-06 1.3483894237428e-05 2.1437513635003e-05 2.9458155590843e-05 3.5457910724959e-05 3.8559445190993e-05 3.9614705227046e-05 4.1169448764415e-05 4.4883924532578e-05 5.0043342023628e-05 5.4144483221612e-05 5.5082127801689e-05 5.3468366780725e-05 4.9830202232817e-05 4.5517469315048e-05 4.0592601898599e-05 3.4695795555517e-05 2.7699281385415e-05 2.0198495940406e-05 1.3402613610404e-05 8.0233709112904e-06 4.4139207289968e-06 2.4438293334663e-06 1.5251026099928e-06 1.1525702256433e-06 9.7307331936323e-07 8.4603620936167e-07 6.4733107912515e-07 4.2805184294187e-07 2.4184043657995e-07 1.1652787938017e-07 4.7846374480768e-08 1.6740819917473e-08 4.9913317444571e-09 1.2681665152638e-09 2.7456352336347e-10 0 0 0 0 0 0 0 0 0 0 0 0 0 0 0 0 0 0 0 0 0 0 0 0 0 0 0
0 0 0 0 0 0 0 0 0 0 0 0 0 0 0 0 0 0 0 0 0 0 0 0 0 0 0 0 0 0 2.8624984595465e-09 4.4827906304948e-09 7.5911581569373e-09 2.8450797858107e-08 1.3627742611105e-07 9.5891186293807e-07 2.5786196081206e-06 5.4581064913538e-06 1.0005797633357e-05 1.6288181757182e-05 2.2781970749034e-05 2.8495611973334e-05 3.2674263210309e-05 3.6112299250774e-05 4.059979884216e-05 4.71432129702e-05 5.4783622042729e-05 6.1206414682456e-05 6.4818364170136e-05 6.4639649547055e-05 6.1733893622984e-05 5.7512650691696e-05 5.2075253947642e-05 4.5209494170049e-05 3.7213489751586e-05 2.8532167802706e-05 2.0230784646953e-05 1.3288056700426e-05 8.2641934657853e-06 5.1084222358566e-06 3.5278003052433e-06 2.8737928280121e-06 2.5299120057143e-06 2.1011661398515e-06 1.6102406332088e-06 1.0650776093928e-06 6.019552011516e-07 2.8996765435484e-07 1.1906042807307e-07 4.1657755831438e-08 1.2420289304122e-08 3.1556833770922e-09 6.8321472112801e-10 0 0 0 0 0 0 0 0 0 0 0 0 0 0 0 0 0 0 0 0 0 0 0 0 0 0 0
0 0 0 0 0 0 0 0 0 0 0 0 0 0 0 0 0 0 0 0 0 0 0 0 0 0 0 0 0 7.5080353141167e-09 1.3798028125661e-08 2.6917210649653e-08 6.1312664680827e-08 1.1900054441129e-07 3.7218318874226e-07 8.3685437647493e-07 2.8355461136514e-06 5.8390433685996e-06 1.0597060543554e-05 1.6924964222342e-05 2.4011988991016e-05 3.0767515259751e-05 3.6328463935466e-05 4.1065767880361e-05 4.6359416106975e-05 5.3253875520768e-05 6.1881152880978e-05 7.0311537205482e-05 7.6470038277341e-05 7.9625943066961e-05 7.9863173755963e-05 7.7884394105988e-05 7.3773113325083e-05 6.7356760452271e-05 5.8688321131089e-05 4.8256609793579e-05 3.698995396307e-05 2.6216206301311e-05 1.7572539894556e-05 1.1516530991449e-05 8.2161504455625e-06 6.4411495045454e-06 5.5459210785099e-06 4.6274056911519e-06 3.4312807990256e-06 2.2601478328565e-06 1.2780673286345e-06 6.1637181335832e-07 2.5360457330524e-07 8.9149752489054e-08 2.6833910993897e-08 6.6914959322078e-09 1.4487333005953e-09 0 0 0 0 0 0 0 0 0 0 0 0 0 0 0 0 0 0 0 0 0 0 0 0 0 0 0
0 0 0 0 0 0 0 0 0 0 0 0 0 0 0 0 0 0 0 0 0 0 0 0 0 0 0 0 1.4300003238485e-08 3.0840053892881e-08 6.9397102109251e-08 1.1237850156342e-07 2.142778440793e-07 4.3724308894744e-07 8.9503587998282e-07 1.8711920672917e-06 4.2912733988775e-06 9.0283225977216e-06 1.5682923136914e-05 2.4537827790892e-05 3.4807020546041e-05 4.4678323154285e-05 5.274559133137e-05 5.8575250225699e-05 6.3276316600084e-05 6.9536664391812e-05 7.7564809571494e-05 8.7166291111246e-05 9.6625654836475e-05 0.00010437666967368 0.00010970119151816 0.00011274828233732 0.00011282026784889 0.00010936546275846 0.00010118286397153 8.8330095131374e-05 7.1666139377848e-05 5.3608397773134e-05 3.7288500288229e-05 2.4923678668663e-05 1.74389371925e-05 1.3299359298911e-05 1.0799246243978e-05 8.6465200416128e-06 6.3340599258135e-06 4.1079699540646e-06 2.3150979591065e-06 1.1187298334281e-06 4.6226009332308e-07 1.6395753429954e-07 5.0236462860069e-08 1.3464821984455e-08 2.6177818293486e-09 0 0 0 0 0 0 0 0 0 0 0 0 0 0 0 0 0 0 0 0 0 0 0 0 0 0 0
0 0 0 0 0 0 0 0 0 0 0 0 0 0 0 0 0 0 0 0 0 0 0 0 0 0 0 1.9777687135941e-08 5.0054003631495e-08 1.3007970294866e-07 2.4660927120118e-07 4.333657618886e-07 6.7727742839478e-07 1.1419633416715e-06 2.0115934321568e-06 4.0587750983281e-06 8.2086173985118e-06 1.5151997048477e-05 2.601429827127e-05 4.0124449600963e-05 5.631976310277e-05 7.2155106646723e-05 8.479434382477e-05 9.3353124301121e-05 9.8517178445783e-05 0.00010302388000437 0.00011051674554219 0.00012133745874596 0.000134337590177 0.00014733515086613 0.0001592701307464 0.00016919921233873 0.00017647221711958 0.00017899676402851 0.00017380017127194 0.00015841878973763 0.00013380222561282 0.00010354778325143 7.3968692585935e-05 5.0150627889124e-05 3.3878661516789e-05 2.4393784170275e-05 1.8637547455654e-05 1.426133123044e-05 1.0181586243372e-05 6.4815174384728e-06 3.6103630461963e-06 1.7448594996976e-06 7.3025991956034e-07 2.6647264382888e-07 8.5757766440476e-08 2.4849725195353e-08 6.7869509267383e-09 0 0 0 0 0 0 0 0 0 0 0 0 0 0 0 0 0 0 0 0 0 0 0 0 0 0 0
0 0 0 0 0 0 0 0 0 0 0 0 0 0 0 0 0 0 0 0 0 0 0 0 0 0 0 5.8990747878189e-08 1.7725688727773e-07 3.9347788018551e-07 7.4753052945938e-07 1.2743958833505e-06 1.9077875609998e-06 2.8193370663501e-06 4.3036721703276e-06 7.5322487595776e-06 1.4087722678106e-05 2.5150666527722e-05 4.1862638466572e-05 6.3775274874829e-05 8.9475247846377e-05 0.00011486215834504 0.00013570589478822 0.00014938146910723 0.00015698095980045 0.00016251347547421 0.00017134816396988 0.00018472574366927 0.00020233871753649 0.00022085111512861 0.0002385828965407 0.00025542039462045 0.0002707192632283 0.00028185532789618 0.00028186026464188 0.00026526622252055 0.00023052099534052 0.00018406519718052 0.00013461447430034 9.2104870932919e-05 6.0977745712801e-05 4.1361621210479e-05 2.9386233693622e-05 2.1061228599557e-05 1.4494495696499e-05 8.8887258599959e-06 4.8928411953545e-06 2.4125187358924e-06 1.0369583580384e-06 4.0323879795376e-07 1.4474520583254e-07 4.8520104661794e-08 1.594373854655e-08 4.0154012511994e-09 0 0 0 0 0 0 0 0 0 0 0 0 0 0 0 0 0 0 0 0 0 0 0 0 0 0
0 0 0 0 0 0 0 0 0 0 0 0 0 0 0 0 0 0 0 0 0 0 0 0 0 0 0 1.4993871176283e-07 4.5644761931599e-07 1.0152208488614e-06 1.9329313576764e-06 3.2412210735847e-06 4.7304316245372e-06 6.4569702613499e-06 8.8979246978873e-06 1.3313731643257e-05 2.2393917244866e-05 3.8345007590257e-05 6.3014002181376e-05 9.5844244688059e-05 0.00013415284379113 0.00017304315730133 0.00020642308914078 0.00022984613127512 0.00024412565410693 0.00025602798483981 0.0002715990832535 0.00029382365569116 0.00031901136451154 0.0003426339822292 0.00036315927783146 0.00038269973827444 0.0004023643055679 0.00041933673808672 0.00042462410129216 0.00040807857178701 0.00036435379825292 0.00029872441236113 0.00022481766100585 0.00015604476527432 0.00010285255133913 6.6453177474096e-05 4.3849444758281e-05 2.923118074459e-05 1.8758685185146e-05 1.1392163866206e-05 6.1570088835425e-06 3.06157190411e-06 1.4146685061701e-06 6.2966916603189e-07 2.6895983691656e-07 1.1015964913072e-07 4.1012465012187e-08 1.3227505914158e-08 4.2478336145163e-09 0 0 0 0 0 0 0 0 0 0 0 0 0 0 0 0 0 0 0 0 0 0 0 0 0
0 0 0 0 0 0 0 0 0 0 0 0 0 0 0 0 0 0 0 0 0 0 0 0 0 0 1.0934538918169e-07 3.8493050278976e-07 1.0024815770773e-06 2.234313150575e-06 4.2950722153826e-06 7.0958064178111e-06 1.0202697668546e-05 1.3267270681372e-05 1.6670785719581e-05 2.2123391866122e-05 3.3367051398104e-05 5.4535321230519e-05 8.8555277948405e-05 0.00013485793850798 0.00018964204890349 0.00024717464615389 0.00029871009532283 0.00033888476875544 0.00036853856210931 0.00039598208445588 0.00042895610496807 0.00046884786501084 0.00050795297910647 0.00053884423007149 0.00055708365359533 0.00056756555200498 0.0005792066559716 0.00059243003058301 0.00059796733441852 0.0005806761151405 0.00052983671672571 0.0004465951342221 0.00034517972137333 0.00024560590299944 0.00016300358601138 0.00010374319813355 6.4406257233825e-05 3.9647429864597e-05 2.3731220342009e-05 1.3749314321658e-05 7.4692318855847e-06 3.946068615764e-06 2.1350606756244e-06 1.1083749677141e-06 5.6025390683237e-07 2.6045469289685e-07 1.0416113781055e-07 3.7130953787706e-08 1.1924302703576e-08 0 0 0 0 0 0 0 0 0 0 0 0 0 0 0 0 0 0 0 0 0 0 0 0 0
0 0 0 0 0 0 0 0 0 0 0 0 0 0 0 0 0 0 0 0 0 0 0 0 0 0 2.0181502598754e-07 7.1968421959506e-07 1.8779428341053e-06 4.2061304941119e-06 8.074571875281e-06 1.3327059276074e-05 1.9044770662321e-05 2.4224034392264e-05 2.8585072343086e-05 3.443398020937e-05 4.7222537836488e-05 7.3792501633974e-05 0.00011844280203853 0.00018109138788517 0.00025743259472591 0.00033981750227506 0.0004178782288995 0.00048560211804855 0.00054409095398116 0.00060132584632124 0.0006655513125037 0.00073521454752394 0.0007973092733366 0.00083523899738421 0.00084330850644306 0.0008305159813016 0.00081336028679787 0.00080418858656543 0.00079677591813409 0.00077352112496444 0.00071555376863014 0.00061719480006405 0.00049040679777463 0.00035907921791317 0.00024396498755555 0.00015559742368384 9.450074253117e-05 5.4814121688375e-05 3.1094490058133e-05 1.7458518828021e-05 9.850695701013e-06 5.7233582888869e-06 3.594162412636e-06 2.1355965766879e-06 1.1914276627886e-06 5.8724381703286e-07 2.5178986388628e-07 8.8823685577731e-08 2.8523414104197e-08 7.8056154223224e-09 0 0 0 0 0 0 0 0 0 0 0 0 0 0 0 0 0 0 0 0 0 0 0 0
0 0 0 0 0 0 0 0 0 0 0 0 0 0 0 0 0 0 0 0 0 0 0 0 0 0 3.1741026521304e-07 1.1476334385961e-06 3.0197619296154e-06 6.7606751442954e-06 1.3005454344815e-05 2.1469863678879e-05 3.0618052810977e-05 3.8470321014832e-05 4.3989840461957e-05 4.9961792115285e-05 6.3973604280111e-05 9.6519325911892e-05 0.00015380155699986 0.00023642879482104 0.00034092725113577 0.00045709334617158 0.00057438166083749 0.0006846320967044 0.00078834976052532 0.00089314440642141 0.0010039953757701 0.0011141151315618 0.0012043848822814 0.0012503282003485 0.0012403949376736 0.0011876169208939 0.0011203076503359 0.0010634844636158 0.0010228551992412 0.00097945021635899 0.0009086003203874 0.00079615477614352 0.0006486242859747 0.00048854295649746 0.00034119084332269 0.00022128439052985 0.00013428378681844 7.7009228930404e-05 4.2386640115797e-05 2.4003545457798e-05 1.4613266135268e-05 9.4311360091244e-06 6.3541766017312e-06 4.0443908495562e-06 2.3486199614807e-06 1.1815909065906e-06 5.0843344554379e-07 1.8106493761321e-07 5.8144407191973e-08 1.5910748954801e-08 0 0 0 0 0 0 0 0 0 0 0 0 0 0 0 0 0 0 0 0 0 0 0 0
0 0 0 0 0 0 0 0 0 0 0 0 0 0 0 0 0 0 0 0 0 0 0 0 0 0 4.2540030928585e-07 1.5609149480743e-06 4.1504655979909e-06 9.3225380903304e-06 1.7963057393189e-05 2.9771562047641e-05 4.2535276973636e-05 5.3295760277277e-05 6.0203482508735e-05 6.671360844871e-05 8.2929582849302e-05 0.0001228144244576 0.00019515052185858 0.00030324079601623 0.00044245363038505 0.00060301748589176 0.0007738371815254 0.000944181045429 0.0011122616584488 0.0012802049194068 0.0014496391345097 0.0016075980562667 0.0017287986667278 0.0017812249767647 0.0017496350780867 0.0016479623860905 0.0015137127272479 0.0013876794057348 0.0012882239780321 0.0012026117921592 0.0011040483601544 0.00097134681348097 0.00080387205595775 0.00062005380626107 0.00044420469797255 0.00029473087727848 0.00018167134370979 0.00010519635038624 5.9194835266997e-05 3.4915639124575e-05 2.2492935695034e-05 1.5905174188211e-05 1.1038157681949e-05 7.0433960904312e-06 4.0805079761154e-06 2.0627954298152e-06 8.9253787415777e-07 3.1454180627689e-07 1.0100337598977e-07 2.7638912264531e-08 0 0 0 0 0 0 0 0 0 0 0 0 0 0 0 0 0 0 0 0 0 0 0 0
0 0 0 0 0 0 0 0 0 0 0 0 0 0 0 0 0 0 0 0 0 0 0 0 0 0 5.9033085096231e-07 1.8725874198354e-06 4.9188762712904e-06 1.1121909209897e-05 2.1489656933261e-05 3.5702194704187e-05 5.1254056766616e-05 6.4519112454457e-05 7.3260228185587e-05 8.1723141182499e-05 0.00010210508922175 0.00015147187551572 0.00024207292398126 0.00037760084091407 0.00055761707383049 0.0007731434303993 0.001011164327897 0.0012585419474569 0.0015053405923955 0.0017480604511286 0.0019817309853051 0.0021905460048851 0.0023441212181306 0.0024073267964951 0.0023601079668645 0.0022142177425283 0.0020122103191798 0.0018053890823042 0.0016245224743484 0.001468943020169 0.0013156691549777 0.0011440652920678 0.0009479470610862 0.00073925244216356 0.00053887165859293 0.00036538690720129 0.00023091776796853 0.00013834824562643 8.1477814737037e-05 4.9754612525586e-05 3.3701900169556e-05 2.4259267820767e-05 1.6986485553442e-05 1.1033602543165e-05 6.2796632173127e-06 3.0891558930168e-06 1.3378918774242e-06 4.656762862995e-07 1.4952306204341e-07 4.0913888485715e-08 0 0 0 0 0 0 0 0 0 0 0 0 0 0 0 0 0 0 0 0 0 0 0 0
0 0 0 0 0 0 0 0 0 0 0 0 0 0 0 0 0 0 0 0 0 0 0 0 0 0 5.8297008047525e-07 1.9342179580097e-06 5.1356488934224e-06 1.1609102898569e-05 2.251297372995e-05 3.7580280843706e-05 5.4382526796282e-05 6.9171759000559e-05 8.0573634954971e-05 9.2661309243534e-05 0.00011970801938815 0.00018119920665047 0.00028953936438173 0.000453385133174 0.00067665713863174 0.00095386596824965 0.0012710502638107 0.0016078604044514 0.0019456720969871 0.0022685322253753 0.0025678188771728 0.0028273226551351 0.0030192586635552 0.0031054683703668 0.0030627247001264 0.0028954405857735 0.0026423548956407 0.0023569275496433 0.0020800703047831 0.0018248613407754 0.0015815418128519 0.0013373204333644 0.001089183717492 0.00084440383372701 0.00061888236053723 0.00042677771536366 0.00027793590342906 0.00017396860277698 0.0001081130762793 6.984551276373e-05 4.8166888430717e-05 3.355894563942e-05 2.3251174838587e-05 1.4795468121864e-05 8.3131055826138e-06 3.9716832548742e-06 1.7132495215364e-06 5.8766107471785e-07 1.8865052715459e-07 5.1614272513873e-08 0 0 0 0 0 0 0 0 0 0 0 0 0 0 0 0 0 0 0 0 0 0 0 0
0 0 0 0 0 0 0 0 0 0 0 0 0 0 0 0 0 0 0 0 0 0 0 0 0 0 5.8110177931281e-07 1.8259548038963e-06 4.8164862163976e-06 1.0929248110362e-05 2.1272352447057e-05 3.5940485955688e-05 5.2570711233298e-05 6.8338818366435e-05 8.2432238393876e-05 0.00010038249942402 0.00013612628702627 0.00020886958586419 0.00033369560300677 0.00052394780176811 0.00078997360624628 0.0011320634699673 0.0015362858352978 0.0019747636901617 0.0024131321830326 0.0028273005772253 0.003197138636663 0.0035123433487913 0.0037521915450042 0.0038831377898282 0.0038746341499763 0.0037178310756625 0.0034398416350888 0.0030880566200958 0.0027056595852158 0.0023213918044237 0.0019470524891395 0.0015887580651713 0.0012541064632809 0.00095191948261862 0.00069279547595184 0.00048379492327145 0.00032513985192004 0.00021363953456159 0.00014014754448435 9.4145261415429e-05 6.442673690256e-05 4.4110981232829e-05 2.8648712037208e-05 1.7591255525936e-05 9.6346782694443e-06 4.672206684808e-06 1.8757522599951e-06 6.3230351505123e-07 2.028969118621e-07 5.5497629541917e-08 0 0 0 0 0 0 0 0 0 0 0 0 0 0 0 0 0 0 0 0 0 0 0 0
0 0 0 0 0 0 0 0 0 0 0 0 0 0 0 0 0 0 0 0 0 0 0 0 0 0 1.7037404350207e-07 1.6157581084506e-06 4.2674517474002e-06 9.726919962722e-06 1.9331792530885e-05 3.2753072399215e-05 4.8743081596652e-05 6.5261651890325e-05 8.2813365058889e-05 0.00010783330388962 0.00015357638538295 0.00023668635769171 0.00037562455074704 0.00058919283872311 0.00089540499267115 0.0013048401285928 0.0018043085062352 0.0023575847645041 0.0029195279040665 0.0034474770077097 0.0039143063043819 0.0043047298748103 0.0046098499936064 0.0048060397356694 0.0048547212652775 0.004733808201866 0.0044502526431311 0.0040378713005792 0.003538157722333 0.002994995194504 0.0024470609361032 0.001930836440232 0.0014726667682945 0.0010896048421559 0.00078356397696488 0.0005517651974023 0.0003817992827454 0.00026301559916359 0.00018032473437167 0.00012287480718508 8.2699665051221e-05 5.4035763490585e-05 3.3611655180933e-05 1.9064936469396e-05 1.0075416071023e-05 4.7593193539955e-06 1.9617584820242e-06 5.8046826161174e-07 1.8609270589448e-07 5.087303896485e-08 0 0 0 0 0 0 0 0 0 0 0 0 0 0 0 0 0 0 0 0 0 0 0 0
0 0 0 0 0 0 0 0 0 0 0 0 0 0 0 0 0 0 0 0 0 0 0 0 0 0 2.4412576724788e-07 1.4232705766249e-06 3.7770821654609e-06 9.0648612411172e-06 1.7803975045639e-05 3.0556314902483e-05 4.6364964233105e-05 6.4822060507178e-05 8.7017559649731e-05 0.0001205838137586 0.00017698629105637 0.00027169845262146 0.00042399780128703 0.0006588232031946 0.001006376507399 0.0014873976393707 0.002093950486457 0.0027874103449268 0.0035099051033067 0.0042015713109223 0.0048143571237748 0.0053218933999705 0.0057199443751914 0.0059925904083111 0.0061016267248312 0.0060159460033097 0.0057234040269608 0.0052363682965459 0.0045951799989277 0.0038577801095002 0.0030983762852915 0.0023855659392183 0.0017711953236912 0.0012811599826112 0.00091287033784281 0.00064604846885592 0.00045809083148816 0.00032521198105941 0.00022904532566496 0.00015694347946484 0.00010293770172538 6.4216688504516e-05 3.7669755506828e-05 1.9674822956848e-05 1.0024563394241e-05 4.5916806803776e-06 1.8742834646378e-06 5.848576612088e-07 1.4567747014569e-07 3.9777313808081e-08 0 0 0 0 0 0 0 0 0 0 0 0 0 0 0 0 0 0 0 0 0 0 0 0
0 0 0 0 0 0 0 0 0 0 0 0 0 0 0 0 0 0 0 0 0 0 0 0 0 1.0568655742534e-08 2.9816124445273e-07 1.0171740739715e-06 3.8301078077777e-06 8.8331935171005e-06 1.7486390339339e-05 3.0586853811904e-05 4.8002324212645e-05 6.9790835537642e-05 9.9789362806249e-05 0.00014387864988892 0.00021508090417238 0.00032560232983701 0.00049661168721464 0.00075694642933004 0.0011516099624922 0.0017157681495561 0.0024522422496262 0.0033216384689254 0.0042602918293811 0.0051822839049529 0.006011691208626 0.006699226412523 0.0072256527785 0.0075810672368117 0.0077376093842045 0.0076598272351752 0.0073223910332093 0.0067229399983067 0.0058967069132532 0.0049234711763933 0.0039122395659391 0.0029663863772483 0.0021664791219348 0.0015436334549579 0.0010914590480977 0.00077452637366649 0.00055364756788658 0.00039856581256103 0.00028274120636138 0.0001932901383111 0.0001247689787478 7.5294860418256e-05 4.2371370278867e-05 2.1972290465836e-05 1.0272290652914e-05 4.6056219101027e-06 1.7130666890099e-06 6.2109863752167e-07 2.0050245417172e-07 2.6557761205666e-08 0 0 0 0 0 0 0 0 0 0 0 0 0 0 0 0 0 0 0 0 0 0 0 0
0 0 0 0 0 0 0 0 0 0 0 0 0 0 0 0 0 0 0 0 0 0 0 0 0 1.1456093395626e-08 3.1047472522698e-07 1.3008457528907e-06 3.9474587921289e-06 9.1654193401933e-06 1.8601049765021e-05 3.3153067054009e-05 5.4075753651171e-05 8.2857717739946e-05 0.00012395647405077 0.0001843223957572 0.00027618788706145 0.00041212331413597 0.00061170509326895 0.00091184550968354 0.0013714536096403 0.0020429047655232 0.0029422309301587 0.0040376532949185 0.0052536684006205 0.0064832222863589 0.007612441994423 0.0085519585581796 0.0092543027479654 0.0097024607948984 0.0098854615258764 0.0097766085627357 0.009341332848222 0.0085662712698655 0.0074929928615094 0.0062269701930115 0.0049152913118087 0.0036977921364062 0.0026746500613525 0.0018858745914002 0.0013202820601085 0.00093012041400459 0.00066154027060389 0.00047279728853349 0.00033379807968473 0.00022689320198135 0.00014598270273128 8.7464053586711e-05 4.8544141014516e-05 2.5014658571021e-05 1.1512873736021e-05 5.1702783592107e-06 2.0240650933207e-06 7.6573089025069e-07 2.4911462931368e-07 0 0 0 0 0 0 0 0 0 0 0 0 0 0 0 0 0 0 0 0 0 0 0 0 0
0 0 0 0 0 0 0 0 0 0 0 0 0 0 0 0 0 0 0 0 0 0 0 0 0 1.0645898437549e-08 4.6537304508091e-07 1.4724029642723e-06 4.1239776349503e-06 9.9837381861154e-06 2.0852217532506e-05 3.8765790774141e-05 6.5425898359673e-05 0.00010517280037009 0.00016250775608898 0.00024694817828981 0.00036912138691278 0.00054141468966512 0.00078570472794204 0.0011482006902569 0.0017024919811539 0.0025188988360362 0.0036269814465945 0.0050030726164776 0.0065619993430752 0.0081759784766116 0.0096907071175689 0.010962797867624 0.011897903158903 0.0124633793297 0.012661006334803 0.012480129584868 0.011886259418903 0.010863703931951 0.0094670767885571 0.0078353006662391 0.0061567272330261 0.0046071115201266 0.003309744918377 0.0023096967501612 0.0015930105135694 0.0011030296614686 0.0007702827970888 0.0005405398031397 0.00037629784776302 0.00025473494476996 0.00016455355838389 9.9893481738468e-05 5.6246712188306e-05 2.9443775253989e-05 1.4280576966375e-05 6.1633881750358e-06 2.5965524003348e-06 1.0037947113107e-06 3.3634926371385e-07 9.669785551381e-08 0 0 0 0 0 0 0 0 0 0 0 0 0 0 0 0 0 0 0 0 0 0 0 0
0 0 0 0 0 0 0 0 0 0 0 0 0 0 0 0 0 0 0 0 0 0 0 0 2.0461263707427e-09 8.7024346728935e-09 5.1048325999979e-07 1.6424066499711e-06 4.6435035566274e-06 1.1295985613839e-05 2.4466039939827e-05 4.7209356581366e-05 8.2758790084978e-05 0.00013640665411459 0.00021519148705987 0.0003298435495421 0.00049141502563156 0.00071226356476084 0.0010204812522963 0.0014749529722366 0.0021626981497278 0.0031716081991952 0.0045446268224367 0.0062589831853796 0.0082287511318493 0.010302916997157 0.012284471674117 0.013967510889044 0.015199760998101 0.015919323499616 0.016136084750474 0.015851915140729 0.015039669848536 0.013695518052056 0.011895941369771 0.0098110547321288 0.0076755539343189 0.0057126356138214 0.0040702256049788 0.0028084502104187 0.0019036759162939 0.0012886754980384 0.00087899970371291 0.00060320532761007 0.00041296668128166 0.00027741283440794 0.00018030160855149 0.00011111892022385 6.3890720170004e-05 3.4316681802531e-05 1.6907828563898e-05 7.5896195249633e-06 3.2638206111288e-06 1.2645164007644e-06 4.2010751720567e-07 1.3152834853501e-07 0 0 0 0 0 0 0 0 0 0 0 0 0 0 0 0 0 0 0 0 0 0 0 0
0 0 0 0 0 0 0 0 0 0 0 0 0 0 0 0 0 0 0 0 0 0 0 0 1.5219871079157e-09 6.942211198883e-09 5.6212120359975e-07 1.8414517590278e-06 5.3137438654545e-06 1.3265247167904e-05 2.9579569111079e-05 5.7871778311383e-05 0.00010350179707889 0.00017316831977087 0.0002755261093778 0.00042354907195543 0.00062853053479384 0.00090945853156903 0.0013031221966115 0.0018791980221902 0.0027428815025877 0.0039966828945356 0.0056937879536838 0.0078161191052634 0.010267055270916 0.012872275732165 0.015388840566425 0.017547514858088 0.01913099068455 0.020045054676894 0.020287931856436 0.019870547832497 0.018785588486412 0.017048119203377 0.014760620145792 0.012132864603202 0.0094500145350102 0.0069884587241388 0.004933664556547 0.0033615331637269 0.0022423161648751 0.0014907944011924 0.00099817684029009 0.00067332112731002 0.00045385383776478 0.00030173062465731 0.00019534238608801 0.00012073763267788 7.0364434742004e-05 3.7770663226135e-05 1.8643881996006e-05 8.5436196675814e-06 3.6913142476218e-06 1.4233168803108e-06 4.8755154366285e-07 1.5246492561767e-07 0 0 0 0 0 0 0 0 0 0 0 0 0 0 0 0 0 0 0 0 0 0 0 0
0 0 0 0 0 0 0 0 0 0 0 0 0 0 0 0 0 0 0 0 0 0 0 0 1.2491720938516e-09 1.4119315645426e-07 5.5134776063419e-07 2.039769449815e-06 6.0498048759663e-06 1.5529850239279e-05 3.4707484621423e-05 6.8304563985687e-05 0.00012323700194977 0.00020655393989469 0.00033004394923026 0.00050825154355311 0.00076006646477217 0.0011107213217707 0.0016078437387462 0.0023373216644416 0.0034185387373813 0.0049692258237342 0.0070513354879578 0.0096447751246637 0.012637505493971 0.015829704567562 0.018935389776579 0.021620030850504 0.023600745432125 0.024732748248356 0.024994917451238 0.024405421951091 0.022985821666289 0.020785236919317 0.017939071930399 0.014696746261819 0.011396458200907 0.0083721805983903 0.0058576063801336 0.0039440549326294 0.0025994914503811 0.0017103708477046 0.0011355375254019 0.00076030908267565 0.00050762975187668 0.00033244448035187 0.00021162838410206 0.00012861315862471 7.3874908368027e-05 3.8914237920538e-05 1.9048437718595e-05 8.6147298089185e-06 3.691352017346e-06 1.4309815276059e-06 4.8842232678285e-07 1.5063640995486e-07 0 0 0 0 0 0 0 0 0 0 0 0 0 0 0 0 0 0 0 0 0 0 0 0
0 0 0 0 0 0 0 0 0 0 0 0 0 0 0 0 0 0 0 0 0 0 0 0 1.217196238651e-09 1.549166298424e-07 6.0815627822248e-07 2.1695927780398e-06 6.6920891186998e-06 1.707125459193e-05 3.8265707046361e-05 7.5542347828874e-05 0.00013617950153869 0.0002280067844348 0.00036552673131069 0.0005692283250129 0.00086488579365549 0.00129208201292 0.0019121231960587 0.0028224565846661 0.0041594756538957 0.0060586061277293 0.0085815894997281 0.011700314684102 0.015284895833923 0.019114749047681 0.022864563815488 0.0261338312458 0.02855170050052 0.029907810038991 0.030154326021072 0.029333575812986 0.027507222225146 0.024766721573814 0.021290921474476 0.01737657278442 0.013418153882418 0.0098038361103152 0.006807527546481 0.0045412096459359 0.0029654328763152 0.0019357606196148 0.0012809746909203 0.00085550878622194 0.00056889851584858 0.00036863678349254 0.00022912984983218 0.00013553698210957 7.5310813466924e-05 3.8451127508975e-05 1.8271179593374e-05 7.9271828577852e-06 3.3107337479166e-06 1.249006350627e-06 4.1212999352118e-07 1.2691995064344e-07 0 0 0 0 0 0 0 0 0 0 0 0 0 0 0 0 0 0 0 0 0 0 0 0
0 0 0 0 0 0 0 0 0 0 0 0 0 0 0 0 0 0 0 0 0 0 0 0 1.1973586258242e-09 1.503264352215e-07 5.9185684460323e-07 2.1508657134145e-06 6.8241805452094e-06 1.75015848402e-05 3.9286215973129e-05 7.7776648842664e-05 0.00013987769047342 0.00023467526134388 0.0003796440720086 0.00059974133120639 0.00093673288713162 0.0014436054037028 0.0021999642116619 0.0033189314020601 0.0049541204085573 0.0072494598725532 0.010267701107887 0.013969890169731 0.018211389634837 0.022754681426139 0.027236233539031 0.03117487039998 0.034090800860389 0.035677103546401 0.035852732126386 0.03469817616642 0.032347157163012 0.028956458963769 0.02475914426151 0.020113226654425 0.015467021599907 0.01125187646819 0.0077704161503713 0.0051489884372335 0.0033313241246163 0.0021508282303521 0.0014103868837762 0.00093880957411996 0.00062355291206861 0.00040274844933913 0.00024762842224589 0.00014299838503481 7.6722106869671e-05 3.7424487112592e-05 1.7017572800538e-05 6.9456384128735e-06 2.7863648772257e-06 1.033748995378e-06 3.0410675182732e-07 9.1400483983308e-08 0 0 0 0 0 0 0 0 0 0 0 0 0 0 0 0 0 0 0 0 0 0 0 0
0 0 0 0 0 0 0 0 0 0 0 0 0 0 0 0 0 0 0 0 0 0 0 0 1.0815984388017e-09 1.2756721755657e-07 6.1028208042887e-07 2.2118986442435e-06 6.6103285529472e-06 1.7042147664635e-05 3.8257473815814e-05 7.604500299585e-05 0.00013710471769663 0.00023148435254338 0.00037874881798728 0.00061255622062947 0.00098872490876742 0.0015782010617598 0.0024785237723436 0.0038298377799433 0.0057993501154287 0.0085399189585912 0.012114525180887 0.016476954668776 0.021477637551994 0.026864153024581 0.032220666759005 0.036965774045153 0.040483868869133 0.042338998707373 0.042391126144904 0.040758023142326 0.037689499414157 0.033466059317339 0.028407906857678 0.022937288307277 0.017553943789277 0.012720702681562 0.0087544696208744 0.0057702453040602 0.0036969749587727 0.0023533113759262 0.0015177129380621 0.00099807361874293 0.00066087614346803 0.00042801901520521 0.0002633885816474 0.00015060608913624 7.9219594943887e-05 3.7400732861927e-05 1.6378875966585e-05 6.3570683204682e-06 2.4153639925189e-06 8.6778545547242e-07 1.9919523684565e-07 5.6784071205875e-08 0 0 0 0 0 0 0 0 0 0 0 0 0 0 0 0 0 0 0 0 0 0 0 0
0 0 0 0 0 0 0 0 0 0 0 0 0 0 0 0 0 0 0 0 0 0 0 0 0 9.3959735853715e-08 5.8388370408151e-07 2.1606901453067e-06 6.3747695746816e-06 1.6474316600575e-05 3.7011719639659e-05 7.3826136933981e-05 0.00013396962076893 0.00022885347912687 0.00037849987726481 0.00062830806079673 0.0010434494493844 0.0017158708322016 0.0027681056505646 0.0043601006237267 0.0066838509202346 0.0099094033725725 0.014104157596963 0.019231196418568 0.025142809771943 0.031564824402651 0.038007591108989 0.04376242744522 0.048047083231771 0.050264185988765 0.050168719486311 0.047894809549193 0.043851428016308 0.038521792207604 0.032380175073976 0.025934234415445 0.019728227594161 0.014240002872741 0.0097707633508836 0.0064083069160666 0.0040669101674788 0.0025442210797789 0.0016059087489197 0.0010365450240568 0.00067729999993009 0.00043748549451741 0.00026962593814871 0.00015480183016818 8.1625487153836e-05 3.8456724696886e-05 1.6749265501163e-05 6.4875866883776e-06 2.4302884238731e-06 8.6858030194145e-07 2.7385668377484e-07 3.150519662615e-08 0 0 0 0 0 0 0 0 0 0 0 0 0 0 0 0 0 0 0 0 0 0 0 0
0 0 0 0 0 0 0 0 0 0 0 0 0 0 0 0 0 0 0 0 0 0 0 0 0 1.4900098093963e-07 6.0681738342984e-07 2.2389924535168e-06 6.4956760799105e-06 1.6603592731121e-05 3.7210014685141e-05 7.4120824698312e-05 0.00013576447351947 0.00023286526201098 0.00039010665007036 0.00065825439588079 0.001114492624782 0.0018706912716665 0.0030678098955493 0.004894534355787 0.0075685492022672 0.011290614621117 0.016165503250897 0.022179318707359 0.029197806580501 0.036904328995327 0.044712008122076 0.051753365138886 0.057055386737145 0.059802097754595 0.059574015316908 0.056498658147597 0.051174736086104 0.044381731468917 0.036840559303488 0.029192998430257 0.022028327694852 0.015815243687346 0.010809211710237 0.0070539151678452 0.0044316509460289 0.0027261199935048 0.0016792298243475 0.0010554045422045 0.00067370654209421 0.00042919231756056 0.00026372246894203 0.00015183751776142 8.0940405633173e-05 3.8963607424346e-05 1.7335933938751e-05 7.1816966525936e-06 2.808356816569e-06 1.04969021011e-06 3.5333719792151e-07 1.2759432763278e-07 0 0 0 0 0 0 0 0 0 0 0 0 0 0 0 0 0 0 0 0 0 0 0 0
0 0 0 0 0 0 0 0 0 0 0 0 0 0 0 0 0 0 0 0 0 0 0 0 0 1.8966485301921e-07 6.9536756169366e-07 2.4833924102715e-06 7.0158736216864e-06 1.7670237016653e-05 3.903853031423e-05 7.7130140433981e-05 0.00014146247470666 0.00024319230198981 0.00040988315842913 0.00069703046779963 0.0011931506184538 0.0020245257748353 0.0033501664194982 0.0053841399028731 0.0083802882524187 0.012593243843589 0.018189944555278 0.025208304069786 0.033534044393534 0.042814237955069 0.052347520151982 0.06107019634296 0.06773254627099 0.071216336895595 0.070872857901098 0.066822383963762 0.059897881744853 0.05124469817813 0.041927334895725 0.032790919820726 0.024481319491353 0.017432300152264 0.011837692947523 0.0076757690748321 0.004777213280853 0.0028954407159561 0.0017415127983887 0.0010616182307505 0.00065798024561968 0.00040875313760371 0.00024754232525061 0.000142691125398 7.7332807330384e-05 3.8676220023038e-05 1.8158131693545e-05 8.0827024710414e-06 3.3828588829999e-06 1.3460388166603e-06 4.8418460502343e-07 1.654216124443e-07 0 0 0 0 0 0 0 0 0 0 0 0 0 0 0 0 0 0 0 0 0 0 0 0
0 0 0 0 0 0 0 0 0 0 0 0 0 0 0 0 0 0 0 0 0 0 0 0 0 2.1780912849797e-07 8.8909221174989e-07 2.7919771027526e-06 7.6954761843402e-06 1.8765195856306e-05 4.0840435662512e-05 8.0724224925532e-05 0.00014626272404223 0.0002510965414382 0.00042509510367264 0.00072764947651093 0.0012556548187876 0.0021459589919813 0.0035739977375587 0.0057825064269406 0.0090670225980917 0.013745809699909 0.020074813680762 0.028174404746159 0.037983882754774 0.049143824123992 0.060835355380906 0.071724815593516 0.080161803486246 0.084611967676538 0.08415745207812 0.078939655707839 0.070087851724492 0.059181016116574 0.04770661269647 0.036772238848332 0.027099283501289 0.019082962447169 0.012837659260606 0.0082562800432347 0.0050961627416918 0.0030493573878452 0.0017983762906424 0.0010643960345874 0.00063857992775093 0.00038531493763575 0.00022957099477709 0.00013151358282619 7.2357224206936e-05 3.7627916963349e-05 1.8784009449579e-05 8.8134673704296e-06 3.9525959389749e-06 1.6501118105793e-06 6.1912024334586e-07 2.1540590623306e-07 0 0 0 0 0 0 0 0 0 0 0 0 0 0 0 0 0 0 0 0 0 0 0 0
0 0 0 0 0 0 0 0 0 0 0 0 0 0 0 0 0 0 0 0 0 0 0 0 0 2.6102014522344e-07 9.7286924657514e-07 2.9881628291762e-06 8.0235214503023e-06 1.9126546025844e-05 4.072583815144e-05 8.0139422685324e-05 0.00014503222360972 0.00024936447374457 0.0004255301933395 0.00073708446202353 0.0012844464483097 0.0022141336855603 0.0037241709192622 0.0060830651418243 0.0096238145569133 0.014735024908729 0.021773270800702 0.030983977726205 0.042412805724198 0.055725786158018 0.069978651622703 0.083497531321806 0.094120434860519 0.099780062664071 0.099247521860238 0.09269209413153 0.081591517322232 0.068057872615364 0.054084721284686 0.04108613387425 0.029863370180867 0.020765083233296 0.013816554579096 0.008805621059662 0.0053968728936721 0.0032048830922156 0.0018638874652593 0.0010806349176946 0.00063152775275827 0.00037149498819861 0.00021722889353807 0.00012315709751361 6.7865628629158e-05 3.630918767773e-05 1.8999600682578e-05 9.3970169549338e-06 4.2814820234867e-06 1.7947016443898e-06 6.9016390837683e-07 2.4387611338352e-07 0 0 0 0 0 0 0 0 0 0 0 0 0 0 0 0 0 0 0 0 0 0 0 0
0 0 0 0 0 0 0 0 0 0 0 0 0 0 0 0 0 0 0 0 0 0 0 0 0 2.7364332684853e-07 9.2424153310344e-07 2.9137495934005e-06 7.6665007319672e-06 1.7949801046764e-05 3.8269091552699e-05 7.4130254017214e-05 0.00013516940651069 0.0002361751491352 0.00041045157259899 0.0007249280551903 0.0012828520929569 0.0022402239348854 0.0038179719761606 0.0063071153220373 0.01007986273957 0.015584097998388 0.023286927579783 0.033587061090006 0.046681466737971 0.06230460063697 0.079381546999327 0.095848721542809 0.10894927563978 0.11600165034687 0.11540716640539 0.10737052889345 0.093791102301751 0.077393128221411 0.060727087014938 0.045528265404632 0.032670456012761 0.022451099979249 0.014786439404133 0.0093532022293911 0.005706495231421 0.0033808401912686 0.0019625660220092 0.0011295217811698 0.0006517262964672 0.00037656115680573 0.00021554232774661 0.00012005931684134 6.6124561047668e-05 3.5719373576076e-05 1.8616986440742e-05 9.4013099016459e-06 4.3984990937014e-06 1.7517366051293e-06 6.9389940231493e-07 2.3969538034019e-07 7.8813815393666e-08 0 0 0 0 0 0 0 0 0 0 0 0 0 0 0 0 0 0 0 0 0 0 0
0 0 0 0 0 0 0 0 0 0 0 0 0 0 0 0 0 0 0 0 0 0 0 0 0 2.5287458795138e-07 8.4107043589941e-07 2.5596956001004e-06 6.6310081133342e-06 1.5532140197744e-05 3.2952945052796e-05 6.4587544960046e-05 0.00012023131104609 0.00021650739358649 0.0003883140658069 0.00070142422572373 0.0012647218594619 0.0022421712365155 0.0038730689943703 0.0064745105624508 0.010452433298776 0.016309779231254 0.02460638608892 0.035895638683859 0.05054618952131 0.068391976410414 0.088256912015912 0.10768838359891 0.12329596507458 0.13174891608786 0.13106897677231 0.12153739512812 0.10551510913871 0.086330937324444 0.067053930405211 0.049725584400845 0.035308011956732 0.024038324946323 0.015716564984719 0.0098977808754007 0.0060367155984752 0.0035928984776057 0.0021016566327431 0.0012178755464791 0.00070468026109082 0.00040452793083812 0.00022878210493017 0.00012534285120189 6.8377018524665e-05 3.5877533752789e-05 1.8340209326503e-05 8.908307184894e-06 4.0738800876157e-06 1.6724244030543e-06 6.0202552624093e-07 2.0398435396187e-07 6.482815399485e-08 0 0 0 0 0 0 0 0 0 0 0 0 0 0 0 0 0 0 0 0 0 0 0
0 0 0 0 0 0 0 0 0 0 0 0 0 0 0 0 0 0 0 0 0 0 0 0 0 2.0490982855641e-07 6.7743913279183e-07 2.0176116855335e-06 5.355465159946e-06 1.2634220568904e-05 2.7023628753758e-05 5.4308532528261e-05 0.00010501219315609 0.00019690405475947 0.00036514345070177 0.00067602108346434 0.0012408151566342 0.0022326456399801 0.0039037950913446 0.0065914905178137 0.010735376391922 0.016878921905435 0.025655297288048 0.037734184629313 0.053628199565066 0.073260374245868 0.095408116469059 0.11732123981893 0.1350634307742 0.14473288894387 0.14402047544802 0.13326782362942 0.1152276844359 0.093738179679647 0.072284905057112 0.053169720397888 0.037456998257281 0.025339098177406 0.016501121574556 0.010385523252692 0.006359508019204 0.0038213072332826 0.0022690027180229 0.001338072245557 0.00078680800850182 0.00045761853294274 0.00025966415660968 0.00014289802854225 7.607447271411e-05 3.8652252479409e-05 1.8597466417764e-05 8.4749142505993e-06 3.5673381363732e-06 1.3933613738672e-06 4.2974544858304e-07 1.4983893442261e-07 4.6289154234272e-08 0 0 0 0 0 0 0 0 0 0 0 0 0 0 0 0 0 0 0 0 0 0 0
0 0 0 0 0 0 0 0 0 0 0 0 0 0 0 0 0 0 0 0 0 0 0 0 2.4681863296763e-09 1.4713072794553e-07 4.9365781421113e-07 1.5896239007374e-06 4.2288171556312e-06 1.0058558632337e-05 2.222369359389e-05 4.6461153207915e-05 9.2623212008555e-05 0.00018124756013823 0.00034600097225579 0.00065208013658409 0.0012155522894214 0.0022143702838843 0.0039053292435131 0.0066477185940922 0.010896006460122 0.017220996089733 0.026296917384237 0.038851159305463 0.055460147233845 0.076088387733628 0.099520905844982 0.12289931583786 0.14200516220633 0.15256409434784 0.151997448791 0.14059805300688 0.12132836396292 0.098384171205985 0.075546964899619 0.055290059877935 0.038757902452299 0.02612762492315 0.017000094544331 0.010733252350486 0.0066272504431352 0.004036375275092 0.0024417467845348 0.0014725012999445 0.00088734506432363 0.000527256798211 0.00030544924327481 0.00016969501029397 8.9404213696392e-05 4.4084896316078e-05 1.9870139063624e-05 8.3907033115777e-06 3.2028496345926e-06 1.0678626790358e-06 3.6859824656717e-07 9.4719247260194e-08 0 0 0 0 0 0 0 0 0 0 0 0 0 0 0 0 0 0 0 0 0 0 0 0
0 0 0 0 0 0 0 0 0 0 0 0 0 0 0 0 0 0 0 0 0 0 0 0 5.0359364935864e-09 8.4394329759642e-08 3.4705271740242e-07 1.263642101865e-06 3.5162430389477e-06 8.5000406779713e-06 1.9496807971343e-05 4.1932423136096e-05 8.5494077182233e-05 0.00017086435463423 0.000331924825549 0.00063302369217138 0.0011882974286739 0.0021786039766364 0.0038669138111647 0.0066160378762657 0.01088633265794 0.017254544727359 0.026395360708047 0.039021513399275 0.055672086239718 0.076290873065314 0.099710957649612 0.12320310795168 0.14261256784219 0.1535819583687 0.15334612123862 0.14201803455843 0.12257679605915 0.099339964810227 0.076181484337226 0.055646518861925 0.038933462343236 0.026230137624798 0.017106086610701 0.010870380142288 0.006787684477198 0.0042006308793302 0.00259062678184 0.001601981471946 0.00098820427245972 0.00060115642353844 0.00035533415124079 0.00019964802934073 0.00010511191672804 5.1061357245675e-05 2.193898281737e-05 8.8552212074305e-06 3.2012906032796e-06 9.6190558310791e-07 2.7769709169369e-07 5.1393399804659e-08 0 0 0 0 0 0 0 0 0 0 0 0 0 0 0 0 0 0 0 0 0 0 0 0
0 0 0 0 0 0 0 0 0 0 0 0 0 0 0 0 0 0 0 0 0 0 0 0 1.0127241357942e-08 7.3502960770753e-08 4.0384482365295e-07 1.207886124656e-06 3.4059122216841e-06 8.3201032365318e-06 1.9149950526009e-05 4.1105123026369e-05 8.3639453246951e-05 0.00016699796074592 0.00032370255217246 0.00061748974035059 0.001160287204523 0.0021253040201846 0.0037808400786645 0.0064772611021772 0.010672800318689 0.016926777328199 0.025874775000226 0.038147519861797 0.054169027084389 0.073807954583499 0.095966814866508 0.11820699364078 0.13676944946153 0.14753674299276 0.14770756189811 0.13718307513213 0.11871302969247 0.096425966348114 0.074071553267934 0.054168450008623 0.037946455479495 0.02562615228433 0.01679679171837 0.010768381738278 0.0068082844369718 0.0042784189785861 0.0026884279314397 0.0016939910017184 0.001064522922545 0.00065817733509448 0.00039355170898968 0.00022278563452602 0.00011737267274793 5.640667595961e-05 2.4294638706185e-05 9.3279487749711e-06 3.1663668925789e-06 8.6360464074796e-07 2.231756117119e-07 2.3886082447327e-08 0 0 0 0 0 0 0 0 0 0 0 0 0 0 0 0 0 0 0 0 0 0 0 0
0 0 0 0 0 0 0 0 0 0 0 0 0 0 0 0 0 0 0 0 0 0 0 0 1.9067606362577e-08 1.2494173461608e-07 4.6953249869914e-07 1.4189676961544e-06 3.9094851462577e-06 9.4846967241109e-06 2.1220805275759e-05 4.4352874564659e-05 8.7887848703094e-05 0.00017065775984793 0.00032347142074811 0.00060756207908528 0.0011292814127586 0.0020560691643319 0.0036463366688136 0.0062353746824593 0.010260242782654 0.016244955674379 0.024755034883684 0.036300948921418 0.05115275783345 0.06907721370268 0.089049831355863 0.10898150572535 0.12571002676945 0.13565189388902 0.13619939202961 0.12707758613475 0.11056355875397 0.090289907470344 0.069694612667589 0.051192771448753 0.036022648382355 0.024455542555825 0.01614392572108 0.010446764277349 0.0066792995674185 0.0042491368044891 0.0027061058608748 0.0017255638396333 0.0010942118250761 0.00068072100393675 0.00040758828217676 0.00023131504247764 0.000121666011205 5.8258439792917e-05 2.5001708068744e-05 9.3742201191416e-06 3.2207228375249e-06 8.5741937186632e-07 1.9043554820085e-07 9.4947569235283e-09 0 0 0 0 0 0 0 0 0 0 0 0 0 0 0 0 0 0 0 0 0 0 0 0
0 0 0 0 0 0 0 0 0 0 0 0 0 0 0 0 0 0 0 0 0 0 0 3.4862442829256e-09 3.2575268545707e-08 1.890734615202e-07 6.4781874143187e-07 1.9182485049881e-06 5.1717632191499e-06 1.2268785849982e-05 2.6760866924706e-05 5.333273998754e-05 0.00010118894184498 0.00018420510217085 0.0003333309185145 0.00060534735983251 0.0010981204840333 0.0019739910119292 0.0034673987169644 0.0058971031600402 0.0096711276960229 0.015260182759998 0.023142208779932 0.033692126290904 0.047026954049384 0.062822723891772 0.080124068114749 0.097183258466751 0.11147753693582 0.12013497940909 0.12094806616306 0.11352490087359 0.099568806024096 0.082014747107891 0.063840930280702 0.047271932917057 0.033517456913938 0.022925400394836 0.015254218251346 0.0099520496109673 0.0064157654773244 0.00411098504246 0.0026310816925654 0.0016812629928761 0.001065923888208 0.00066106275342535 0.00039426227121792 0.00022229930973612 0.00011608540322558 5.517421363838e-05 2.365704106667e-05 8.7894208645783e-06 3.0115059468709e-06 8.2931476072041e-07 1.6154625040645e-07 0 0 0 0 0 0 0 0 0 0 0 0 0 0 0 0 0 0 0 0 0 0 0 0 0
0 0 0 0 0 0 0 0 0 0 0 0 0 0 0 0 0 0 0 0 0 0 0 6.0019371322237e-09 4.9397394163743e-08 2.6975235491793e-07 9.1134401488957e-07 2.6979116143468e-06 7.1498946463311e-06 1.6886188327741e-05 3.5837754856273e-05 6.8798181879484e-05 0.00012356820298072 0.00020998325799018 0.00035597198049635 0.00061060498207897 0.0010660558876028 0.0018726722429759 0.0032452615013555 0.0054782318832569 0.0089429464213281 0.01405187898112 0.021188614388059 0.030600780950237 0.042277450261374 0.055831382122091 0.070383263547684 0.084488551423034 0.096201879126494 0.10336727288282 0.10426704213106 0.098486891804415 0.087211292645872 0.072656630716065 0.057224745161286 0.042846226406693 0.030686454208635 0.021178897516969 0.014206035202563 0.0093335522878777 0.0060452515763212 0.0038779919795401 0.0024763173603291 0.0015696038446493 0.00098661179837707 0.00060551820135678 0.00035722843483472 0.00019827699298543 0.00010261600326405 4.8372835526569e-05 2.0632662700264e-05 7.5310841622872e-06 2.5806978469084e-06 7.0233895379565e-07 1.2736061701114e-07 0 0 0 0 0 0 0 0 0 0 0 0 0 0 0 0 0 0 0 0 0 0 0 0 0
0 0 0 0 0 0 0 0 0 0 0 0 0 0 0 0 0 0 0 0 0 0 0 0 6.5432799538355e-08 3.6498479534157e-07 1.2226170423675e-06 3.6112350975993e-06 9.5184666935698e-06 2.2512393983811e-05 4.6997932303427e-05 8.8474457382e-05 0.00015193575176451 0.00024442655324457 0.0003861102963928 0.00062231422601045 0.0010354351885998 0.0017638139337034 0.0030042072450593 0.005022150467363 0.0081480760997458 0.01273187131275 0.019072192598617 0.027312935984696 0.037360251750347 0.048797259366595 0.060824975369864 0.072247586322647 0.081577120186222 0.087252688259228 0.088044939733483 0.083616008170917 0.074756404787821 0.063051202191743 0.050321223552651 0.038159416208754 0.027649890450154 0.019277461240062 0.013037187844529 0.0086148936092122 0.0055924860064765 0.0035778564514673 0.0022639473901537 0.0014171138336149 0.0008756027595022 0.00052920264744843 0.00030649030653961 0.00016684681447157 8.5046193819686e-05 3.926070993513e-05 1.6617413793507e-05 6.1507737607666e-06 2.0372583047024e-06 5.4920579890063e-07 9.1516260218405e-08 0 0 0 0 0 0 0 0 0 0 0 0 0 0 0 0 0 0 0 0 0 0 0 0 0
0 0 0 0 0 0 0 0 0 0 0 0 0 0 0 0 0 0 0 0 0 0 0 0 7.5079462797244e-08 4.3764176438253e-07 1.4749732424331e-06 4.377732710377e-06 1.1780120160519e-05 2.7428437977735e-05 5.7112480253872e-05 0.00010576197463725 0.00017782414280077 0.00027660640142228 0.00041600445389132 0.00063766804458783 0.0010141638859637 0.0016679572101747 0.0027831861769452 0.0045888359326822 0.0073736306135116 0.011426869972999 0.016978245368779 0.024103874507327 0.032663860535656 0.042253228754883 0.052148223663877 0.061344212375567 0.068678469282428 0.073027453863269 0.073577856614232 0.070112795822297 0.063168709288134 0.05385962879721 0.043520916283854 0.033419262037508 0.024498407519882 0.017252210904905 0.011757622237508 0.0078052285097483 0.00507116112759 0.003230016230813 0.0020200839761225 0.0012444799325119 0.00075381656853154 0.00044633887435765 0.00025341225372551 0.00013461943621486 6.7331479289925e-05 3.0692123938722e-05 1.2397172292144e-05 4.5792033931618e-06 1.4954903767253e-06 4.0016762055575e-07 1.1297856878424e-07 0 0 0 0 0 0 0 0 0 0 0 0 0 0 0 0 0 0 0 0 0 0 0 0 0
0 0 0 0 0 0 0 0 0 0 0 0 0 0 0 0 0 0 0 0 0 0 0 0 8.3290133132945e-08 4.6376051906107e-07 1.5714645460089e-06 4.6859519694659e-06 1.2824130838227e-05 2.9831952471828e-05 6.207137990907e-05 0.00011467913110209 0.00019157631220458 0.00029529463873223 0.00043721612996389 0.00065109694364182 0.0010036043600545 0.0016011341331294 0.002605104492055 0.0042168367157749 0.006675682590482 0.010221423001311 0.015034585835224 0.021156834539358 0.028434884574775 0.036488587275138 0.044673565104222 0.052125586922842 0.05789907699555 0.061169766828973 0.061425176597034 0.058570555142602 0.053012521449611 0.045554691533938 0.037172165700648 0.028840056661008 0.021345781650045 0.015153123679511 0.01038816111231 0.0069198174328153 0.0044951769405594 0.0028506096907023 0.0017665349021711 0.0010726646269581 0.00063783160458103 0.00037024110181531 0.000205933453029 0.00010828060563621 5.3125676076016e-05 2.3851656036942e-05 9.6293326780101e-06 3.4312406091689e-06 1.0706106398993e-06 2.9289367512182e-07 8.6228615391377e-08 3.1651827206462e-09 0 0 0 0 0 0 0 0 0 0 0 0 0 0 0 0 0 0 0 0 0 0 0 0
0 0 0 0 0 0 0 0 0 0 0 0 0 0 0 0 0 0 0 0 0 0 0 0 5.4655372785144e-08 4.3202037124255e-07 1.4694178196444e-06 4.6578819599872e-06 1.233537988834e-05 2.876402421573e-05 6.0272011112993e-05 0.00011203595973238 0.00018819458200876 0.00029365978938295 0.00043886822292156 0.00065503495593668 0.0009975561244062 0.0015594759441232 0.0024702999788081 0.0039022867113744 0.0060529669099146 0.0091274220533607 0.013270125502771 0.018513036456627 0.02471183782323 0.031510974096385 0.038340360214007 0.044452397147546 0.049058205790238 0.051519001918922 0.051505214167793 0.049029064529726 0.044442331206671 0.038356622509904 0.031496414923165 0.02460766238914 0.018330017959264 0.013077849706855 0.0089943699105415 0.0060020446753214 0.0039004768945182 0.0024693634890915 0.0015242311328769 0.0009180458770286 0.00054051082113959 0.00031047252603382 0.00017232582478299 9.0706455362579e-05 4.4579499703394e-05 2.0267060017578e-05 8.2524238401786e-06 3.0351971544663e-06 8.233446635503e-07 2.3587811666568e-07 5.6966506400674e-08 5.9049605159307e-09 0 0 0 0 0 0 0 0 0 0 0 0 0 0 0 0 0 0 0 0 0 0 0 0
0 0 0 0 0 0 0 0 0 0 0 0 0 0 0 0 0 0 0 0 0 0 0 0 1.7405308636004e-08 3.5657944543042e-07 1.214086139049e-06 3.987828677635e-06 1.0572880818918e-05 2.4914678062197e-05 5.2417094572886e-05 9.8948546002073e-05 0.00016943734442209 0.0002725388932417 0.00042128300810192 0.00064436809341564 0.00098698806669765 0.001523916268792 0.0023538227478812 0.0036177402316081 0.0054799579981515 0.0081115653771457 0.011650195144332 0.016119908334896 0.021392009039206 0.027146702311767 0.032880331220566 0.037953527601286 0.041705357211611 0.043610715195263 0.043433388182891 0.041251185321881 0.037384926149656 0.032316750241604 0.026608150869859 0.02084980757695 0.015572019768116 0.011129132661951 0.0076613295174292 0.0051171446083244 0.0033310633322378 0.0021144275353078 0.0013094294790863 0.00079232555712394 0.00046906014124102 0.00027237766628451 0.00015419807761873 8.3062768941381e-05 4.1924808848703e-05 1.9446134092874e-05 8.2295403274107e-06 3.0961204249136e-06 8.9483263100565e-07 2.2939781217615e-07 6.1904375701907e-08 9.7348341380413e-09 2.0607221135741e-09 0 0 0 0 0 0 0 0 0 0 0 0 0 0 0 0 0 0 0 0 0 0 0
0 0 0 0 0 0 0 0 0 0 0 0 0 0 0 0 0 0 0 0 0 0 0 0 2.0047987801292e-08 2.3696040721115e-07 9.0357633012276e-07 3.0808034576684e-06 8.1840443361284e-06 1.9405183872321e-05 4.1658014572651e-05 8.0326411598807e-05 0.00014182942407275 0.00023922736067121 0.00038858585911827 0.00061585637652257 0.0009606246585399 0.0014756595694888 0.0022332004766916 0.0033413057508183 0.0049327453276025 0.0071591964143578 0.01014159717665 0.013916096384311 0.018365882956265 0.02321152786258 0.028022006735626 0.032268310424157 0.035392611070586 0.03695090039341 0.036751270865814 0.034879587859432 0.031609979419037 0.027329480680828 0.022495753672819 0.017611772191419 0.013136095865795 0.0093769184776723 0.0064534717770463 0.0043184196554677 0.0028235672271495 0.0018066872058217 0.0011323386769028 0.00069626027434533 0.00042186690741662 0.00025203577651185 0.00014745746416895 8.2552351862715e-05 4.3225184738265e-05 2.0738381433166e-05 9.0354062900252e-06 3.3974036168718e-06 1.0831502369467e-06 3.3552408422589e-07 7.2092967634895e-08 1.409779050013e-08 3.0025616881452e-09 0 0 0 0 0 0 0 0 0 0 0 0 0 0 0 0 0 0 0 0 0 0 0
0 0 0 0 0 0 0 0 0 0 0 0 0 0 0 0 0 0 0 0 0 0 0 0 2.0735140636472e-08 1.3050756386527e-07 6.1527789759837e-07 2.1985935036668e-06 5.8425639110431e-06 1.3976739467163e-05 3.0979013013675e-05 6.1306074941143e-05 0.00011339346684069 0.00020193804519732 0.00034626360411803 0.00057087120739662 0.00090950891634673 0.0014013500513398 0.0020938370129795 0.0030628953034092 0.0044158971164174 0.0062773167243504 0.0087558500942846 0.011889238011666 0.015580555865786 0.019600414936898 0.023601752852082 0.027157087578043 0.029807019569997 0.031160454245284 0.031038744493366 0.029500272526951 0.026764464241441 0.023143246942874 0.019023114455218 0.014850283353955 0.011037617916181 0.0078565163150372 0.00540491098866 0.0036300281491336 0.0023925905381502 0.001550428587562 0.00099089992698413 0.00062479633363701 0.00039127451288111 0.00024190559657005 0.00014661774571685 8.4720822305332e-05 4.5944576567545e-05 2.2464101893031e-05 9.9918035465116e-06 3.808743472895e-06 1.3471095583444e-06 4.001553571695e-07 7.1493901104907e-08 1.7853280607751e-08 3.8092809820331e-09 0 0 0 0 0 0 0 0 0 0 0 0 0 0 0 0 0 0 0 0 0 0 0
0 0 0 0 0 0 0 0 0 0 0 0 0 0 0 0 0 0 0 0 0 0 0 0 1.9392116308768e-08 6.9082970558033e-08 3.3047279015358e-07 1.4858443826848e-06 3.9454421209839e-06 9.5365024152725e-06 2.2003682412111e-05 4.5282765272917e-05 8.8274480730707e-05 0.0001663940121757 0.00029959469781251 0.000513162191094 0.00083485083029281 0.0012972787709534 0.0019324227625424 0.0027876116809106 0.003936925305792 0.0054800562586551 0.0075072446785016 0.010049804263342 0.013032435387712 0.01628707939223 0.019557994156875 0.022516817305103 0.024781532402756 0.026004800811987 0.026001534181061 0.024793022551961 0.022545029427959 0.019512238779593 0.01602869076733 0.012485723530756 0.0092501525554998 0.0065697811432987 0.0045215199897465 0.0030514798226343 0.002031666490059 0.0013401913607541 0.00087832277796848 0.00057229872614929 0.00037123503963058 0.00023723259550012 0.0001473999421371 8.7047772825682e-05 4.7676543568265e-05 2.3644349058886e-05 1.0584046690368e-05 4.0843148311027e-06 1.4489389425534e-06 4.3522182290708e-07 7.9602723550233e-08 1.9796325225481e-08 4.2104230729046e-09 0 0 0 0 0 0 0 0 0 0 0 0 0 0 0 0 0 0 0 0 0 0 0
0 0 0 0 0 0 0 0 0 0 0 0 0 0 0 0 0 0 0 0 0 0 0 0 1.6328269824478e-08 5.7470936545313e-08 2.2597053162723e-07 9.0286946973927e-07 2.5359931651579e-06 6.4927378130426e-06 1.5487186723908e-05 3.3418733601052e-05 6.8759979095833e-05 0.00013585512681357 0.0002548031342984 0.00045000252179751 0.00074738894262393 0.0011747470109446 0.0017549398742462 0.0025145688925388 0.0034976814504126 0.0047708209336903 0.006398265662558 0.0083996247044201 0.010733749003257 0.013293255658348 0.015905179015735 0.018327244734197 0.020249327503698 0.021360757971014 0.021473644924376 0.020571829157191 0.018772107146852 0.016282808715998 0.013390345499285 0.010429020136539 0.0077224555769758 0.0054862526307354 0.0037836706752789 0.0025674650018352 0.001730298445129 0.0011628387723232 0.00078501389636243 0.00052928177088296 0.00035502250046485 0.00023340932248386 0.0001476774493705 8.8235707219343e-05 4.8525393805925e-05 2.4052126399456e-05 1.0727482893397e-05 4.1138225721835e-06 1.4520479486487e-06 4.3531623292554e-07 7.8948777193986e-08 1.9414545436922e-08 4.0871607798534e-09 0 0 0 0 0 0 0 0 0 0 0 0 0 0 0 0 0 0 0 0 0 0 0
0 0 0 0 0 0 0 0 0 0 0 0 0 0 0 0 0 0 0 0 0 0 0 0 1.221888353012e-08 4.2593653222619e-08 1.2705565569716e-07 5.8592367299982e-07 1.626960644492e-06 4.5054734175311e-06 1.0936160366098e-05 2.5632217614635e-05 5.5303946877709e-05 0.00011335066857321 0.00021755638044554 0.00039192817741756 0.00066085061825704 0.0010482633625756 0.0015720917564603 0.0022443992236284 0.003084924253081 0.0041301350044627 0.0054107212856862 0.006939508869635 0.00870308048549 0.010652199145464 0.012684344769376 0.014624972684173 0.01621927123102 0.017198574924804 0.01738708078805 0.016745151827562 0.015349792876981 0.013363996892379 0.011023000037792 0.0086084146798781 0.0063944238842759 0.004562157484893 0.0031634663717348 0.0021607670989996 0.0014725508876425 0.0010105499804176 0.00070266219464291 0.00049068256549593 0.00033979847736313 0.00022885366535391 0.0001471217133868 8.8284879608637e-05 4.8223596136812e-05 2.3973980348589e-05 1.0636880594077e-05 3.973105702869e-06 1.3871763597324e-06 4.0072765155465e-07 7.1034119893088e-08 1.7138154792853e-08 3.5480908641072e-09 0 0 0 0 0 0 0 0 0 0 0 0 0 0 0 0 0 0 0 0 0 0 0
0 0 0 0 0 0 0 0 0 0 0 0 0 0 0 0 0 0 0 0 0 0 0 0 8.009935348606e-09 2.773719708956e-08 8.2080708273602e-08 3.046491566096e-07 1.100953181467e-06 3.5195833579915e-06 8.9083056930021e-06 2.1689838235906e-05 4.8169030341347e-05 9.9666902472124e-05 0.00019225064238062 0.00034657253755445 0.00058544156798713 0.00092960660212466 0.0013907037450415 0.0019753075970776 0.0026851006053102 0.003531098503595 0.0045200349032956 0.0056587681875195 0.0069508678080378 0.0083923743237189 0.0099341521494138 0.011448005348132 0.012726607600354 0.013544107998256 0.013749361669644 0.013300725709428 0.012251200807929 0.010718202558881 0.0088848508277067 0.0069786332851121 0.005221385765168 0.0037567671921525 0.0026269941913915 0.0018089919412208 0.0012471521336681 0.00087157866897003 0.00062199745938619 0.00044765227700732 0.00031942220242439 0.00021932942859553 0.00014263144000215 8.5700757947877e-05 4.6794374366853e-05 2.3069607163718e-05 1.011001390209e-05 3.7185981345408e-06 1.2732359852565e-06 3.6387958602861e-07 5.8889820991811e-08 1.3883295280272e-08 2.8095080940451e-09 0 0 0 0 0 0 0 0 0 0 0 0 0 0 0 0 0 0 0 0 0 0 0
0 0 0 0 0 0 0 0 0 0 0 0 0 0 0 0 0 0 0 0 0 0 0 0 0 1.5686138308605e-08 7.5681305112093e-08 2.2367774319825e-07 9.3267536399861e-07 3.4027310985513e-06 8.8344156761516e-06 2.1182395288983e-05 4.7021198016732e-05 9.5364870893497e-05 0.00017927372373269 0.0003151111044306 0.0005222378263545 0.00081654008458837 0.0012093404248124 0.0016999584963108 0.0022863857288636 0.0029579786501769 0.0037111256254007 0.0045470729442835 0.0054788181026877 0.0065224143671306 0.0076603566600567 0.0088005670624204 0.0097779032635736 0.010414515854274 0.010589543299849 0.010274412206087 0.0095049708707962 0.0083646613153536 0.006984208667141 0.0055353730105664 0.0041892816856752 0.003050562486176 0.0021571973506262 0.0014976425934885 0.0010403005937816 0.00073514477724239 0.00053354544392379 0.00039149365784308 0.00028316859798856 0.00019735398140871 0.00012895219455165 7.759879545683e-05 4.2155307480053e-05 2.062112419411e-05 8.9264297742746e-06 3.2458316343596e-06 1.0876185740819e-06 3.0683451626494e-07 4.5063573581915e-08 1.0408621751872e-08 2.0602939509168e-09 0 0 0 0 0 0 0 0 0 0 0 0 0 0 0 0 0 0 0 0 0 0 0
0 0 0 0 0 0 0 0 0 0 0 0 0 0 0 0 0 0 0 0 0 0 0 0 0 7.6420958347001e-09 8.2041296496393e-08 3.3755183018901e-07 1.4131125370487e-06 4.0030526381803e-06 1.047353535864e-05 2.4087855969206e-05 5.1024452125752e-05 9.8562656058016e-05 0.00017573881599693 0.00029380649718749 0.00046598238709627 0.00070650284086705 0.0010237844840784 0.0014199062317171 0.0018872707043056 0.0024125049103616 0.0029832634877048 0.0035970919118391 0.0042700844373378 0.0050189314219234 0.0058400012466948 0.0066628748650687 0.0073647721048303 0.0078181616004368 0.0079421377786205 0.0077179287990203 0.0071725781486007 0.0063579447312406 0.005361241037867 0.0043033866717542 0.0033051393094579 0.0024409735069062 0.0017438809493857 0.0012158070374769 0.00084311588947346 0.00059528804992963 0.00043230563546028 0.00031831259590053 0.00023148152845723 0.00016153645961684 0.00010540324748673 6.3006137753627e-05 3.4205815015709e-05 1.6526326596517e-05 7.0761661568816e-06 2.5464617095175e-06 8.4781437535816e-07 2.3401104072751e-07 3.1546662554682e-08 7.1895473388603e-09 0 0 0 0 0 0 0 0 0 0 0 0 0 0 0 0 0 0 0 0 0 0 0 0
0 0 0 0 0 0 0 0 0 0 0 0 0 0 0 0 0 0 0 0 0 0 0 0 0 2.4723275097695e-08 1.1199908551948e-07 5.2577802591639e-07 1.8856510548848e-06 5.4085838247819e-06 1.3461929665249e-05 2.9551256204116e-05 5.860899007416e-05 0.00010579327975476 0.00017605552707056 0.00027559656410394 0.00041218349145132 0.0005971240597741 0.0008400374782363 0.0011466246499519 0.0015096638177271 0.0019148031502301 0.0023467639580403 0.0028043251554252 0.0032950798720343 0.0038370278114976 0.0044213634846676 0.0049990974989218 0.0054773068614562 0.0057732911525848 0.0058420886593676 0.0056802392418583 0.0053039621497394 0.0047429974578006 0.0040482721129657 0.0032971620972135 0.0025683329448302 0.0019191572204039 0.0013785045265894 0.00095853483657229 0.00065842601582458 0.00045746018043035 0.00032672202737538 0.00023767309152528 0.00017146425098829 0.00011887334872209 7.6754689506995e-05 4.5598012606838e-05 2.450684284533e-05 1.1690296712998e-05 4.9179766506482e-06 1.7743960964338e-06 5.4614621811726e-07 1.5872015372037e-07 2.0099829158776e-08 4.5524557425186e-09 0 0 0 0 0 0 0 0 0 0 0 0 0 0 0 0 0 0 0 0 0 0 0 0
0 0 0 0 0 0 0 0 0 0 0 0 0 0 0 0 0 0 0 0 0 0 0 0 0 3.6277643813789e-08 1.5061732626064e-07 7.7572772388946e-07 2.3102617629443e-06 7.1619089841663e-06 1.6988757197923e-05 3.5670212313843e-05 6.6523605282537e-05 0.00011258785678905 0.00017459616462413 0.00025483605815618 0.00035785376181658 0.00049267069832943 0.00067146219708885 0.00090151763756782 0.0011794963266929 0.0014914264883202 0.0018212573277461 0.0021647261832673 0.0025288714361435 0.0029273415709455 0.0033504489376738 0.0037562855860584 0.0040784920904345 0.0042624677946892 0.0042880151407843 0.0041643399135546 0.0039066790514217 0.0035246351408619 0.0030438121282619 0.0025079115195354 0.0019714977304512 0.0014789814232938 0.001061090747837 0.00073206228931795 0.00049308988125549 0.00033475639650677 0.00023218940713058 0.00016388798855062 0.00011527761562039 7.8278999592805e-05 4.9826528861972e-05 2.9158741703574e-05 1.5465543996285e-05 7.2714743614257e-06 2.954147537803e-06 1.0878804584725e-06 3.2795265376585e-07 4.419209250132e-08 1.1727052832668e-08 0 0 0 0 0 0 0 0 0 0 0 0 0 0 0 0 0 0 0 0 0 0 0 0 0
0 0 0 0 0 0 0 0 0 0 0 0 0 0 0 0 0 0 0 0 0 0 0 0 0 4.5360495444156e-08 2.8763883483827e-07 1.0029004459997e-06 3.0036990668162e-06 8.5992323894568e-06 1.9952961110645e-05 4.0211743130346e-05 7.1606648720879e-05 0.00011481584377427 0.00016770422599286 0.00022954136371232 0.00030417089168737 0.00039948746959036 0.0005287708411771 0.0007008298219459 0.00091438103725275 0.0011564334961594 0.0014115480212203 0.0016727022534401 0.0019486725103039 0.0022483412818528 0.0025637372560852 0.0028591893030817 0.003083248909827 0.0032005324942936 0.0032036922973683 0.0031067624044559 0.0029242343082257 0.0026560779882848 0.0023108606520348 0.0019133218525198 0.0015043620048688 0.0011234917947974 0.00079999673122582 0.00054655514555218 0.00036341542353834 0.00023993725661502 0.00016046083286295 0.00010782611928506 7.2326786053262e-05 4.7177060199745e-05 2.9093142216426e-05 1.6556384938429e-05 8.6505051333608e-06 4.0248872147185e-06 1.6060048736597e-06 5.1124610352492e-07 1.7382289878985e-07 2.3759723219256e-08 6.31790014613e-09 0 0 0 0 0 0 0 0 0 0 0 0 0 0 0 0 0 0 0 0 0 0 0 0 0
0 0 0 0 0 0 0 0 0 0 0 0 0 0 0 0 0 0 0 0 0 0 0 0 0 4.8331243213575e-08 3.2212343636868e-07 1.1291015779228e-06 3.359261075797e-06 9.2672107392943e-06 2.0868327959377e-05 4.1075645906226e-05 7.0981817940498e-05 0.00010962338937828 0.00015349288717054 0.00020042743735422 0.00025373326810148 0.0003220487140159 0.00041749038094764 0.00054910479860837 0.00071634101864295 0.00090764994557822 0.0011088486750037 0.0013116106656287 0.0015233091549141 0.0017521432196622 0.0019917358247263 0.0022129980423504 0.0023785581003567 0.0024612830895608 0.0024597917883432 0.0023878771631154 0.0022537982266854 0.0020551259839911 0.0017921045903329 0.0014810801235213 0.0011562596524955 0.00085529366380025 0.00060457857776456 0.00041202820972601 0.00027432978235852 0.00017932389089735 0.00011609212439558 7.3331517978918e-05 4.5536681045684e-05 2.7374571899757e-05 1.5717784619831e-05 8.5509233152789e-06 4.3248554775179e-06 1.9057988776299e-06 7.6566083428916e-07 2.3801872411453e-07 3.7542500804763e-08 1.1742556813801e-08 0 0 0 0 0 0 0 0 0 0 0 0 0 0 0 0 0 0 0 0 0 0 0 0 0 0
0 0 0 0 0 0 0 0 0 0 0 0 0 0 0 0 0 0 0 0 0 0 0 0 0 4.3952794622139e-08 3.0899104953247e-07 1.0850248636271e-06 3.2271968535096e-06 8.6728156540327e-06 1.9347474542981e-05 3.7470751287474e-05 6.3537765165152e-05 9.6413786530359e-05 0.00013215366866505 0.00016870814033875 0.00020917638741629 0.00026141325859815 0.00033642251691959 0.00044179308238768 0.00057784861366927 0.00073386811611174 0.00089615972467158 0.0010566556685562 0.0012193978432279 0.0013911525540577 0.0015693928551184 0.0017324385105877 0.0018540312572975 0.0019182067168657 0.0019219935985439 0.001874545759291 0.001778716135519 0.0016297153376497 0.0014231257546341 0.0011713484458302 0.00090607644988282 0.00066511630828879 0.00046972377652384 0.00032444160370316 0.00022035342625217 0.00014624671081707 9.3187482868141e-05 5.6372891183709e-05 3.1891704098014e-05 1.7078585850017e-05 8.6425029090762e-06 4.2856559817756e-06 1.9949717148295e-06 8.4662231363029e-07 2.4237479234111e-07 4.5472351452476e-08 1.6721184439783e-08 0 0 0 0 0 0 0 0 0 0 0 0 0 0 0 0 0 0 0 0 0 0 0 0 0 0 0
0 0 0 0 0 0 0 0 0 0 0 0 0 0 0 0 0 0 0 0 0 0 0 0 0 3.4416503461998e-08 2.5478230472572e-07 8.9691415405408e-07 2.6661203274511e-06 6.8597590829202e-06 1.5686346411526e-05 3.0187729590843e-05 5.1196014546222e-05 7.7309095601062e-05 0.00010593204029099 0.00013597892635176 0.00017000664722756 0.00021448645292669 0.00027878625952577 0.00036893916998777 0.000484688483759 0.00061673432357741 0.0007509978862145 0.00087920322830793 0.0010017352238782 0.0011238864800203 0.0012449960450529 0.0013542558024632 0.0014356729945494 0.001482057526682 0.0014925983567344 0.0014703435657018 0.0014103458651654 0.0013037647520712 0.0011456043175396 0.00094354167128884 0.00072794836143882 0.00053297519924216 0.00037897981889214 0.00026760089105806 0.00018778803250937 0.00012831235031899 8.2672916201787e-05 4.8715364752525e-05 2.5964886222565e-05 1.2548702461171e-05 5.5626459392711e-06 2.3417714080665e-06 9.2364547916131e-07 2.789846938591e-07 4.1392582428924e-08 0 0 0 0 0 0 0 0 0 0 0 0 0 0 0 0 0 0 0 0 0 0 0 0 0 0 0 0 0
0 0 0 0 0 0 0 0 0 0 0 0 0 0 0 0 0 0 0 0 0 0 0 0 0 2.4910367628198e-08 1.857104404753e-07 6.5215213577389e-07 1.9271597774036e-06 4.9629560738923e-06 1.118597776478e-05 2.1706154317315e-05 3.6859449389368e-05 5.637705126426e-05 7.9034866281325e-05 0.00010440781920759 0.00013526015200968 0.00017625460214849 0.00023455668715614 0.00031486422709798 0.00041679789373747 0.00053187673772835 0.00064578730582457 0.00074806759138371 0.00083792347746539 0.00091680735249516 0.00098632736390369 0.0010436194446976 0.0010863325292949 0.0011145394374465 0.0011297180774514 0.001128870881886 0.0011030526067167 0.0010388355283262 0.00092687920514839 0.00076976209386038 0.00059574053694338 0.0004370354073828 0.00031352109105783 0.00022536976696132 0.00016206137459885 0.00011305045830767 7.3802796870486e-05 4.3219607422359e-05 2.2413437501522e-05 1.0249911308887e-05 4.1633440391088e-06 1.5145828762535e-06 4.4930334658177e-07 7.7106121499989e-08 0 0 0 0 0 0 0 0 0 0 0 0 0 0 0 0 0 0 0 0 0 0 0 0 0 0 0 0 0 0
0 0 0 0 0 0 0 0 0 0 0 0 0 0 0 0 0 0 0 0 0 0 0 0 0 2.2019987591988e-08 1.373171258528e-07 4.7073692359018e-07 1.3478740142866e-06 3.3955897072861e-06 7.3480292756855e-06 1.4432741812223e-05 2.4613449363998e-05 3.8203704210483e-05 5.5580967545435e-05 7.6868969674496e-05 0.00010470017426983 0.00014232323203565 0.00019543796933203 0.00026683979058986 0.00035569198632249 0.00045425527601927 0.0005508672150785 0.00063350391332957 0.00069737926806988 0.00074385477937886 0.00077267847463123 0.00078827640043091 0.00079710892939116 0.00080863413580568 0.00082696001171043 0.00084670597316785 0.00085292670901976 0.00082727435173095 0.00075392776450471 0.00063501151253899 0.00049425825078844 0.00036290347185418 0.00026009536467436 0.0001869447651462 0.00013497124340585 9.4722641813575e-05 6.1952113303842e-05 3.5815894407027e-05 1.8555951863003e-05 8.1562768566947e-06 3.1138764398721e-06 1.0180890274054e-06 2.8026534985636e-07 0 0 0 0 0 0 0 0 0 0 0 0 0 0 0 0 0 0 0 0 0 0 0 0 0 0 0 0 0 0 0
0 0 0 0 0 0 0 0 0 0 0 0 0 0 0 0 0 0 0 0 0 0 0 0 0 2.6177236381439e-08 1.2349298179547e-07 4.1788600890175e-07 1.1445504892687e-06 2.7487516075559e-06 5.687026388182e-06 1.0642275520959e-05 1.7767160987528e-05 2.7162840998432e-05 3.9851721726986e-05 5.6542702136463e-05 7.9802822055797e-05 0.00011205637336808 0.0001572211415318 0.00021688880637817 0.00029013074085062 0.00037084312344167 0.00044916752810959 0.00051557136390683 0.0005624493355815 0.00058725162658795 0.00059171486747019 0.00058071939079504 0.00056886001397395 0.00056962160968413 0.00059149990692014 0.00062780148497849 0.00066027954905034 0.00066443513639205 0.00062174780412353 0.00053141428776568 0.00041581586941745 0.00030358975534866 0.00021366483911009 0.00015032786002993 0.00010634125981096 7.3409432941143e-05 4.7258753668856e-05 2.7049622994681e-05 1.3810826895694e-05 5.8802521681905e-06 2.2692243526092e-06 7.4657880158258e-07 2.0586951271595e-07 0 0 0 0 0 0 0 0 0 0 0 0 0 0 0 0 0 0 0 0 0 0 0 0 0 0 0 0 0 0 0
0 0 0 0 0 0 0 0 0 0 0 0 0 0 0 0 0 0 0 0 0 0 0 0 0 0 1.084880863726e-07 4.3073807020438e-07 1.1654425435062e-06 2.7411304085479e-06 5.548369026187e-06 1.0120576681359e-05 1.615005200846e-05 2.3689664240758e-05 3.2976025750721e-05 4.5209720833875e-05 6.2071045056634e-05 8.632873772528e-05 0.00011959545392982 0.00016482631988598 0.00021964650966485 0.00028045657943091 0.00034118591086716 0.00039329263338197 0.00042976023759123 0.00044567877323023 0.00043931145846825 0.00041850508069218 0.00039819780577774 0.00039551156401024 0.0004203715267033 0.0004673734025858 0.0005165602834757 0.00054082747029443 0.00051897623073275 0.00044946918019367 0.00035231883000906 0.00025401252342601 0.00017403570183828 0.00011786739553647 8.0119626188499e-05 5.3080533351023e-05 3.316138893154e-05 1.8508324736019e-05 9.2346493571285e-06 3.7285534513621e-06 1.4375973149292e-06 4.6868937573423e-07 1.3132711082885e-07 0 0 0 0 0 0 0 0 0 0 0 0 0 0 0 0 0 0 0 0 0 0 0 0 0 0 0 0 0 0 0
0 0 0 0 0 0 0 0 0 0 0 0 0 0 0 0 0 0 0 0 0 0 0 0 0 0 1.1059847767646e-07 4.4004269754762e-07 1.199975336981e-06 2.8308725879598e-06 5.8395503089061e-06 1.0414609894333e-05 1.6357947349097e-05 2.3102094552915e-05 3.0220823628993e-05 3.8651776505808e-05 4.9410661077007e-05 6.473370787318e-05 8.6151996077341e-05 0.00011559335215231 0.00015200395070288 0.00019393304612374 0.00023762884114937 0.00027826008020666 0.00030842311700719 0.0003220841791096 0.00031635463475077 0.00029658777597218 0.00027693901040071 0.00027458750431706 0.00030047454219107 0.00035054083160344 0.00040563415875542 0.00043878641352876 0.00042965199532567 0.00037603072524457 0.0002946942473429 0.00021000306206135 0.00014064426748193 9.2133502446574e-05 5.9664059901805e-05 3.755851756973e-05 2.196982040578e-05 1.1910251522711e-05 5.6394454415477e-06 2.3343758896314e-06 7.766412252624e-07 2.5504267753867e-07 0 0 0 0 0 0 0 0 0 0 0 0 0 0 0 0 0 0 0 0 0 0 0 0 0 0 0 0 0 0 0 0
0 0 0 0 0 0 0 0 0 0 0 0 0 0 0 0 0 0 0 0 0 0 0 0 0 0 0 4.1347250170381e-07 1.1443358081855e-06 2.732265183179e-06 5.6814277427231e-06 1.0178703155019e-05 1.5904368990296e-05 2.1963092460203e-05 2.750745665385e-05 3.2524063794859e-05 3.8302475024413e-05 4.6033858929091e-05 5.7524780701315e-05 7.3342644709097e-05 9.5245703219416e-05 0.00012164454799349 0.00015147452099107 0.00018219178793431 0.00020803527638974 0.00022247177799642 0.00022145910646375 0.00020879453294174 0.00019465530070829 0.00019388419866333 0.00021666161830823 0.00026129630258246 0.00031146057539391 0.000344296525537 0.00034169054829893 0.00030113925153195 0.00023638090996547 0.00016799410941613 0.00011213236699307 7.2422958811553e-05 4.5397729978601e-05 2.7156165404644e-05 1.5008674399342e-05 7.7148620123768e-06 3.212073140381e-06 1.343379503336e-06 3.6041556845645e-07 1.1828151659695e-07 0 0 0 0 0 0 0 0 0 0 0 0 0 0 0 0 0 0 0 0 0 0 0 0 0 0 0 0 0 0 0 0
0 0 0 0 0 0 0 0 0 0 0 0 0 0 0 0 0 0 0 0 0 0 0 0 0 0 0 0 9.7596889792967e-07 2.362358176751e-06 4.9577741832136e-06 8.936537168029e-06 1.395119090464e-05 1.9033252124038e-05 2.3117922955895e-05 2.5767375419559e-05 2.7735043887962e-05 3.05629167125e-05 3.5120610919102e-05 4.2521959846621e-05 5.3937477226667e-05 6.9215543359582e-05 8.8824164874081e-05 0.00011134613336383 0.00013324533136173 0.00014905299943477 0.00015419484124913 0.00014948964788289 0.00014206520275864 0.00014206625840273 0.00015805504560076 0.00019026008611348 0.00022769317811435 0.00025333575845094 0.00025304016529393 0.00022417317125719 0.00017676781151225 0.00012700830304807 8.6346677485614e-05 5.6374197351757e-05 3.4925325564549e-05 2.0200214900996e-05 1.0907650048477e-05 5.1254172357196e-06 2.0842804245963e-06 8.2476199063952e-07 1.4219754444444e-07 0 0 0 0 0 0 0 0 0 0 0 0 0 0 0 0 0 0 0 0 0 0 0 0 0 0 0 0 0 0 0 0 0
0 0 0 0 0 0 0 0 0 0 0 0 0 0 0 0 0 0 0 0 0 0 0 0 0 0 0 0 7.3119862166784e-07 1.7940180238279e-06 3.7960259422315e-06 6.8789746442158e-06 1.0742245369545e-05 1.4544388566161e-05 1.7296610605795e-05 1.8482862321386e-05 1.8591660506493e-05 1.8503460172904e-05 1.9471350948694e-05 2.2170408148072e-05 2.7274882273603e-05 3.599273096413e-05 4.8467592241862e-05 6.4938565868151e-05 8.356848117205e-05 0.00010059047182167 0.00011162266273502 0.00011508488883682 0.00011316701775302 0.00011232142560488 0.00011900763874619 0.00013561904183309 0.00015686396054643 0.00017193277738503 0.00017104206381625 0.00015187577799555 0.00012099907923629 8.9205117807936e-05 6.2565576946258e-05 4.1723160471076e-05 2.6059442637171e-05 1.5240414610218e-05 8.0575480458316e-06 3.7348404987905e-06 1.4764592453286e-06 5.5656160394135e-07 0 0 0 0 0 0 0 0 0 0 0 0 0 0 0 0 0 0 0 0 0 0 0 0 0 0 0 0 0 0 0 0 0 0
0 0 0 0 0 0 0 0 0 0 0 0 0 0 0 0 0 0 0 0 0 0 0 0 0 0 0 0 0 1.110427047649e-06 2.5093046672109e-06 4.5870948514749e-06 7.1673235426289e-06 9.6550499213782e-06 1.1311472672938e-05 1.1737409704662e-05 1.1127163905734e-05 1.0281122081e-05 9.7933181234714e-06 1.0264696013892e-05 1.264350761577e-05 1.7265934086857e-05 2.5584543460114e-05 3.8029043577261e-05 5.4555892415803e-05 7.2796109212556e-05 8.9054108862022e-05 9.9233802252127e-05 0.00010172228782819 9.8879721963626e-05 9.6026454134565e-05 9.7689432501976e-05 0.00010326512983828 0.00010778729918527 0.00010512763879554 9.3121662729802e-05 7.5420447444577e-05 5.7361298036303e-05 4.1551132864398e-05 2.8397372939099e-05 1.828673783253e-05 1.0779058873348e-05 5.7452593053336e-06 2.4558184694177e-06 1.0499898971699e-06 3.4914231166301e-07 0 0 0 0 0 0 0 0 0 0 0 0 0 0 0 0 0 0 0 0 0 0 0 0 0 0 0 0 0 0 0 0 0 0
0 0 0 0 0 0 0 0 0 0 0 0 0 0 0 0 0 0 0 0 0 0 0 0 0 0 0 0 0 6.4882841339141e-07 1.3945438018923e-06 2.6333070140688e-06 4.1137750002647e-06 5.523809733007e-06 6.4086953771669e-06 6.5065680134034e-06 5.9356158087234e-06 5.0759544516274e-06 4.471942370374e-06 4.4702474569364e-06 5.4438252486093e-06 8.2063746517408e-06 1.3913925377173e-05 2.3997231007037e-05 3.9393864314023e-05 5.8985663909491e-05 7.8894877856569e-05 9.3676631641234e-05 9.8818134573329e-05 9.4017829947455e-05 8.3714567582528e-05 7.3862233725235e-05 6.7736740110152e-05 6.4180212809382e-05 5.9769476911502e-05 5.2411255202896e-05 4.3154936674535e-05 3.3558642670412e-05 2.4998839646172e-05 1.7613291811568e-05 1.1534691355131e-05 6.9194032367273e-06 3.3904382542919e-06 1.5941776897749e-06 6.6839257472518e-07 2.4083370535105e-07 0 0 0 0 0 0 0 0 0 0 0 0 0 0 0 0 0 0 0 0 0 0 0 0 0 0 0 0 0 0 0 0 0 0
0 0 0 0 0 0 0 0 0 0 0 0 0 0 0 0 0 0 0 0 0 0 0 0 0 0 0 0 0 0 6.9435687241062e-07 1.2779907042723e-06 2.0037870016834e-06 2.7106812696152e-06 3.1247027480002e-06 3.1240847249442e-06 2.765376348713e-06 2.245398250529e-06 1.7940777882751e-06 1.7370355270336e-06 2.3594324119435e-06 4.2511902812461e-06 8.6685996364843e-06 1.7192055924449e-05 3.1487628335095e-05 5.0951078980703e-05 7.2235158584076e-05 8.8866138707876e-05 9.4983905135657e-05 8.8965667196593e-05 7.4623244253842e-05 5.8664276409185e-05 4.6179354451831e-05 3.8195693390152e-05 3.2798493652193e-05 2.7992366895253e-05 2.3180841789494e-05 1.8319836235328e-05 1.3804640022576e-05 9.8325116933507e-06 6.4919334121908e-06 3.9128080633277e-06 1.9708235766956e-06 9.4151954180264e-07 3.928816245388e-07 1.41563796185e-07 0 0 0 0 0 0 0 0 0 0 0 0 0 0 0 0 0 0 0 0 0 0 0 0 0 0 0 0 0 0 0 0 0 0
0 0 0 0 0 0 0 0 0 0 0 0 0 0 0 0 0 0 0 0 0 0 0 0 0 0 0 0 0 0 0 5.3958589393987e-07 8.4775608586685e-07 1.1345042996187e-06 1.3011825391906e-06 1.2905885917512e-06 1.1193105281214e-06 8.7442215294379e-07 6.5668873650206e-07 6.6942358898567e-07 1.0906953469671e-06 2.4865618645092e-06 5.9248595733576e-06 1.3142545069609e-05 2.5567017981295e-05 4.3078047856204e-05 6.2588532349906e-05 7.8128281938982e-05 8.3975861743503e-05 7.791048828759e-05 6.3284281541112e-05 4.6411605169061e-05 3.2585188586651e-05 2.3616835982448e-05 1.8420366057212e-05 1.5081121994668e-05 1.2316804242422e-05 9.60982023211e-06 7.1651453346994e-06 5.0212648078888e-06 3.0443057974106e-06 1.8332095875379e-06 1.00683798933e-06 4.7856052327719e-07 1.9679067908129e-07 0 0 0 0 0 0 0 0 0 0 0 0 0 0 0 0 0 0 0 0 0 0 0 0 0 0 0 0 0 0 0 0 0 0 0
0 0 0 0 0 0 0 0 0 0 0 0 0 0 0 0 0 0 0 0 0 0 0 0 0 0 0 0 0 0 0 0 1.4157553609988e-09 4.085979745074e-07 4.6696212239737e-07 4.582564211839e-07 3.9164351870382e-07 2.9737346843415e-07 2.1135167706025e-07 2.6744650126563e-07 5.4369011029471e-07 1.5701041631119e-06 4.1653999935057e-06 9.6545892027402e-06 1.9294413898038e-05 3.3079925432994e-05 4.8542931759248e-05 6.0969837877768e-05 6.5523833071291e-05 6.0425624035926e-05 4.839041874438e-05 3.4279849507356e-05 2.2619167634784e-05 1.5078789151225e-05 1.0895332831349e-05 8.4693769231159e-06 6.7219399537889e-06 5.0158801097545e-06 3.6367580412935e-06 2.2943540347911e-06 1.4410129352638e-06 8.4862974249996e-07 4.4361872835657e-07 2.1057659628407e-07 8.3996204687498e-08 0 0 0 0 0 0 0 0 0 0 0 0 0 0 0 0 0 0 0 0 0 0 0 0 0 0 0 0 0 0 0 0 0 0 0
0 0 0 0 0 0 0 0 0 0 0 0 0 0 0 0 0 0 0 0 0 0 0 0 0 0 0 0 0 0 0 0 0 0 0 1.3655375241953e-07 1.1237738665405e-07 7.8807590722261e-08 5.1861337909711e-08 3.5025437338181e-08 3.1852803829056e-07 9.8549607057677e-07 2.7072887875051e-06 6.3884922958993e-06 1.290126056999e-05 2.226319267589e-05 3.279939274584e-05 4.1247762819262e-05 4.4357613440187e-05 4.0834370513456e-05 3.2430170238034e-05 2.2626945211516e-05 1.451221445748e-05 9.2545895928548e-06 6.4898689369014e-06 4.9330325992405e-06 3.8218137685867e-06 2.6371278589097e-06 1.8140287835944e-06 1.1336499918593e-06 6.6389714022427e-07 3.5344385901016e-07 1.7904175217755e-07 8.1465334402331e-08 0 0 0 0 0 0 0 0 0 0 0 0 0 0 0 0 0 0 0 0 0 0 0 0 0 0 0 0 0 0 0 0 0 0 0 0
0 0 0 0 0 0 0 0 0 0 0 0 0 0 0 0 0 0 0 0 0 0 0 0 0 0 0 0 0 0 0 0 0 0 0 0 0 0 0 5.917692643823e-10 1.7086518548372e-07 5.5689467695343e-07 1.5499247278608e-06 3.683495195027e-06 7.4701266225096e-06 1.2923448908756e-05 1.9068568121013e-05 2.3996047314121e-05 2.577862783855e-05 2.3707069419519e-05 1.8799165232202e-05 1.308747997745e-05 8.3590006336056e-06 5.3108582443379e-06 3.6506676885995e-06 2.7730179081153e-06 2.1067735490342e-06 1.4631490801879e-06 9.5868560347474e-07 5.6141195122327e-07 2.994750930796e-07 1.4554561711227e-07 6.7133181136925e-08 2.2394002841689e-08 0 0 0 0 0 0 0 0 0 0 0 0 0 0 0 0 0 0 0 0 0 0 0 0 0 0 0 0 0 0 0 0 0 0 0 0
0 0 0 0 0 0 0 0 0 0 0 0 0 0 0 0 0 0 0 0 0 0 0 0 0 0 0 0 0 0 0 0 0 0 0 0 0 0 0 0 8.3075332367742e-08 2.73382840462e-07 7.6525335041796e-07 1.8244653398312e-06 3.7075066573247e-06 6.4211168658321e-06 9.4819963159899e-06 1.1937551383316e-05 1.2826852178349e-05 1.179395847138e-05 9.3591450421503e-06 6.5260426015308e-06 4.1908414976121e-06 2.6970696511922e-06 1.8861777991088e-06 1.4307214436142e-06 1.0320531046144e-06 7.5643773817944e-07 4.8032836344472e-07 2.6706574081843e-07 1.3050993665153e-07 5.8628426682856e-08 2.425915466401e-08 0 0 0 0 0 0 0 0 0 0 0 0 0 0 0 0 0 0 0 0 0 0 0 0 0 0 0 0 0 0 0 0 0 0 0 0 0
0 0 0 0 0 0 0 0 0 0 0 0 0 0 0 0 0 0 0 0 0 0 0 0 0 0 0 0 0 0 0 0 0 0 0 0 0 0 0 0 0 1.1622544823441e-07 3.2523765484246e-07 7.7623833881247e-07 1.5773793124354e-06 2.7315436473309e-06 4.0330323650965e-06 5.0766121362921e-06 5.4546195538012e-06 5.0168679799749e-06 3.9817532213304e-06 2.7834450681933e-06 1.8076826666906e-06 1.1865589786321e-06 8.5346781079999e-07 6.5955740426559e-07 4.7270889476038e-07 3.4784705545072e-07 2.1706283866244e-07 1.1631449822615e-07 5.4796099605468e-08 2.2842715143296e-08 0 0 0 0 0 0 0 0 0 0 0 0 0 0 0 0 0 0 0 0 0 0 0 0 0 0 0 0 0 0 0 0 0 0 0 0 0 0
0 0 0 0 0 0 0 0 0 0 0 0 0 0 0 0 0 0 0 0 0 0 0 0 0 0 0 0 0 0 0 0 0 0 0 0 0 0 0 0 0 4.220461643963e-08 1.1809120865639e-07 2.8157775498788e-07 5.7237360239974e-07 9.9106486347515e-07 1.4631569579169e-06 1.8416528895011e-06 1.9789143163354e-06 1.8211000159892e-06 1.4479059934558e-06 1.0182799828626e-06 6.6837664246251e-07 4.486078322057e-07 3.3056781388718e-07 2.255839711323e-07 1.9051783273824e-07 1.3711235038187e-07 8.408619194287e-08 4.5555950523783e-08 2.0862272008278e-08 7.4261986612938e-09 0 0 0 0 0 0 0 0 0 0 0 0 0 0 0 0 0 0 0 0 0 0 0 0 0 0 0 0 0 0 0 0 0 0 0 0 0 0
0 0 0 0 0 0 0 0 0 0 0 0 0 0 0 0 0 0 0 0 0 0 0 0 0 0 0 0 0 0 0 0 0 0 0 0 0 0 0 0 0 0 3.6548262683271e-08 8.713885074142e-08 1.7704452522387e-07 3.0658502343515e-07 4.5233750525266e-07 5.6960914527305e-07 6.1219013959213e-07 5.6383712002384e-07 4.49433448498e-07 3.1813101427507e-07 2.1127297846565e-07 1.4564830522104e-07 7.8985024098718e-08 7.828134806105e-08 6.6112863368162e-08 4.7580218405794e-08 2.9179768905356e-08 1.5249136232698e-08 6.7908404143479e-09 0 0 0 0 0 0 0 0 0 0 0 0 0 0 0 0 0 0 0 0 0 0 0 0 0 0 0 0 0 0 0 0 0 0 0 0 0 0 0
0 0 0 0 0 0 0 0 0 0 0 0 0 0 0 0 0 0 0 0 0 0 0 0 0 0 0 0 0 0 0 0 0 0 0 0 0 0 0 0 0 0 0 2.2984163491357e-08 4.6695507493399e-08 8.0842711612657e-08 1.1926860746731e-07 1.5022670821005e-07 1.6150197317795e-07 1.4888089401046e-07 1.1874205801606e-07 8.4648468698499e-08 5.7334547712897e-08 2.0082215562767e-08 2.3356520058437e-08 2.3148491383319e-08 1.9550154581188e-08 1.4069876649953e-08 8.6287695107465e-09 4.5093198757011e-09 0 0 0 0 0 0 0 0 0 0 0 0 0 0 0 0 0 0 0 0 0 0 0 0 0 0 0 0 0 0 0 0 0 0 0 0 0 0 0 0
0 0 0 0 0 0 0 0 0 0 0 0 0 0 0 0 0 0 0 0 0 0 0 0 0 0 0 0 0 0 0 0 0 0 0 0 0 0 0 0 0 0 0 0 1.0489653548552e-08 1.8157807472435e-08 2.6784078389765e-08 3.3667176931683e-08 3.6277698674532e-08 3.347409931664e-08 2.683329157135e-08 1.9283586806916e-08 3.7076593537312e-09 5.0604318399876e-09 5.8855884015037e-09 5.8331475882428e-09 4.9264111872507e-09 3.5454521468665e-09 0 0 0 0 0 0 0 0 0 0 0 0 0 0 0 0 0 0 0 0 0 0 0 0 0 0 0 0 0 0 0 0 0 0 0 0 0 0 0 0 0 0
0 0 0 0 0 0 0 0 0 0 0 0 0 0 0 0 0 0 0 0 0 0 0 0 0 0 0 0 0 0 0 0 0 0 0 0 0 0 0 0 0 0 0 0 0 3.479309841745e-09 5.1322662005188e-09 6.4511533912112e-09 6.909974942348e-09 6.4269846401909e-09 2.6445640264582e-10 4.9706936059866e-10 7.9614652781727e-10 1.086615205257e-09 1.2638157009103e-09 1.252554963273e-09 0 0 0 0 0 0 0 0 0 0 0 0 0 0 0 0 0 0 0 0 0 0 0 0 0 0 0 0 0 0 0 0 0 0 0 0 0 0 0 0 0 0 0 0
0 0 0 0 0 0 0 0 0 0 0 0 0 0 0 0 0 0 0 0 0 0 0 0 0 0 0 0 0 0 0 0 0 0 0 0 0 0 0 0 0 0 0 0 0 0 0 1.0533641938786e-09 0 0 0 0 0 0 0 0 0 0 0 0 0 0 0 0 0 0 0 0 0 0 0 0 0 0 0 0 0 0 0 0 0 0 0 0 0 0 0 0 0 0 0 0 0 0 0 0 0 0 0 0
0 0 0 0 0 0 0 0 0 0 0 0 0 0 0 0 0 0 0 0 0 0 0 0 0 0 0 0 0 0 0 0 0 0 0 0 0 0 0 0 0 0 0 0 0 0 0 0 0 0 0 0 0 0 0 0 0 0 0 0 0 0 0 0 0 0 0 0 0 0 0 0 0 0 0 0 0 0 0 0 0 0 0 0 0 0 0 0 0 0 0 0 0 0 0 0 0 0 0 0
0 0 0 0 0 0 0 0 0 0 0 0 0 0 0 0 0 0 0 0 0 0 0 0 0 0 0 0 0 0 0 0 0 0 0 0 0 0 0 0 0 0 0 0 0 0 0 0 0 0 0 0 0 0 0 0 0 0 0 0 0 0 0 0 0 0 0 0 0 0 0 0 0 0 0 0 0 0 0 0 0 0 0 0 0 0 0 0 0 0 0 0 0 0 0 0 0 0 0 0
0 0 0 0 0 0 0 0 0 0 0 0 0 0 0 0 0 0 0 0 0 0 0 0 0 0 0 0 0 0 0 0 0 0 0 0 0 0 0 0 0 0 0 0 0 0 0 0 0 0 0 0 0 0 0 0 0 0 0 0 0 0 0 0 0 0 0 0 0 0 0 0 0 0 0 0 0 0 0 0 0 0 0 0 0 0 0 0 0 0 0 0 0 0 0 0 0 0 0 0
