0 -0.46772343353925 0.98196448141682 -1.9410902130887 -0.35710035604166 2.3190616413707 -0.81953434941799 2.3696050274939 -0.98776487381884 1.8620433216117
0.46772343353925 0 -3.1247791855686 -0.096220855723115 3.0384546162596 -0.2461565134285 2.9373275147616 -0.22332943058901 2.8687885975183 -0.26630060652642
-0.98196448141682 3.1247791855686 0 -3.1298780191808 -0.026638043718302 3.0897486293174 -0.042845461220497 3.0922042939731 -0.075262236648207 3.0393900068022
1.9410902130887 0.096220855723115 3.1298780191808 0 3.1216251166258 -0.042378390282985 3.0888675784259 -0.064829611993025 3.0616133612031 -0.095257524745858
0.35710035604166 -3.0384546162596 0.026638043718302 -3.1216251166258 0 3.1260086832112 -0.0252807802948 3.1061147372502 -0.051377901064869 3.0725647806473
-2.3190616413707 0.2461565134285 -3.0897486293174 0.042378390282985 -3.1260086832112 0 3.1351544748566 -0.011874685897659 3.121209945942 -0.030849832337837
0.81953434941799 -2.9373275147616 0.042845461220497 -3.0888675784259 0.0252807802948 -3.1351544748566 0 3.1372369025284 -0.011638171193133 3.1209491578061
-2.3696050274939 0.22332943058901 -3.0922042939731 0.064829611993025 -3.1061147372502 0.011874685897659 -3.1372369025284 0 3.133022327014 -0.017467983462088
0.98776487381884 -2.8687885975183 0.075262236648207 -3.0616133612031 0.051377901064869 -3.121209945942 0.011638171193133 -3.133022327014 0 3.1335674300777
-1.8620433216117 0.26630060652642 -3.0393900068022 0.095257524745858 -3.0725647806473 0.030849832337837 -3.1209491578061 0.017467983462088 -3.1335674300777 0
