0.014911197943886 -0.0019059399754363 0.00098471305493891 -0.00090832333506951 0.00071868759283576 -0.00059352776505741 0.00048973307683476 -0.00041422034562528 0.00034123104764104 -0.00027748901921625
-0.0019059399754363 0.0081195936899967 -0.0029725683419134 0.0020312945861394 -0.0014907542782039 0.0011808446505569 -0.00097926744813185 0.00085356631788872 -0.00075118687979761 0.00066730797601394
0.00098471305493891 -0.0029725683419134 0.0048660098744571 -0.003150884286178 0.002321761152287 -0.0018332392573663 0.001521421418735 -0.0012963721347159 0.0011261498797914 -0.00099320415514674
-0.00090832333506951 0.0020312945861394 -0.003150884286178 0.0034890681778301 -0.0027943778106395 0.0023124286689004 -0.0019698886301072 0.001719414953447 -0.0015198371995103 0.0013586378744914
0.00071868759283576 -0.0014907542782039 0.002321761152287 -0.0027943778106395 0.0027292620363279 -0.0024181306060309 0.0021453847318586 -0.001919525533648 0.0017280257153968 -0.0015667669041039
-0.00059352776505741 0.0011808446505569 -0.0018332392573663 0.0023124286689004 -0.0024181306060309 0.0023309199422608 -0.0021650024782168 0.0019970861457338 -0.001838214271076 0.001696214446254
0.00048973307683476 -0.00097926744813185 0.001521421418735 -0.0019698886301072 0.0021453847318586 -0.0021650024782168 0.0021006957282783 -0.0019946477035023 0.0018757136860546 -0.0017601600357303
-0.00041422034562528 0.00085356631788872 -0.0012963721347159 0.001719414953447 -0.001919525533648 0.0019970861457338 -0.0019946477035023 0.0019427136475447 -0.0018625217840131 0.0017747474173056
0.00034123104764104 -0.00075118687979761 0.0011261498797914 -0.0015198371995103 0.0017280257153968 -0.001838214271076 0.0018757136860546 -0.0018625217840131 0.0018156635165778 -0.0017538185145773
-0.00027748901921625 0.00066730797601394 -0.00099320415514674 0.0013586378744914 -0.0015667669041039 0.001696214446254 -0.0017601600357303 0.0017747474173056 -0.0017538185145773 0.0017141050161711
