-0.0006397607564615 -0.0016924276999544 0.0011781855070996 -0.00096678934436839 0.00085368810564569 -0.00076099392028307 0.00069115737761665 -0.00063339993459014 0.0005835847213883 -0.0005400591366275
-0.0016924276999544 -0.011692945466123 0.0030915785644248 -0.0019912763341835 0.0013731270650012 -0.0010814443402192 0.00090132941492771 -0.00080069684121747 0.00073181452515487 -0.0006795690721766
0.0011781855070996 0.0030915785644248 -0.0095578729801596 0.0046867008377648 -0.0031081675850397 0.0023128243376279 -0.0018634671112752 0.001573236344975 -0.0013674251027946 0.001202782826482
-0.00096678934436839 -0.0019912763341835 0.0046867008377648 -0.0069274886262601 0.0048404072431477 -0.0037766751213895 0.0030779787176708 -0.0025823827282374 0.0022182040804576 -0.0019348762285569
0.00085368810564569 0.0013731270650012 -0.0031081675850397 0.0048404072431477 -0.0050535488524939 0.0043058271031185 -0.0036888484451842 0.0031921539186283 -0.0027929945431955 0.0024644333127033
-0.00076099392028307 -0.0010814443402192 0.0023128243376279 -0.0037766751213895 0.0043058271031185 -0.0042934996976556 0.0039532156562765 -0.003581296559345 0.0032371407968806 -0.0029280304717706
0.00069115737761665 0.00090132941492771 -0.0018634671112752 0.0030779787176708 -0.0036888484451842 0.0039532156562765 -0.0039041703530756 0.0036938107784548 -0.0034427108477262 0.0031881359159543
-0.00063339993459014 -0.00080069684121747 0.001573236344975 -0.0025823827282374 0.0031921539186283 -0.003581296559345 0.0036938107784548 -0.0036283272172469 0.0034760629423826 -0.0032891661331095
0.0005835847213883 0.00073181452515487 -0.0013674251027946 0.0022182040804576 -0.0027929945431955 0.0032371407968806 -0.0034427108477262 0.0034760629423826 -0.003408603307225 0.003286561473171
-0.0005400591366275 -0.0006795690721766 0.001202782826482 -0.0019348762285569 0.0024644333127033 -0.0029280304717706 0.0031881359159543 -0.0032891661331095 0.003286561473171 -0.0032206124329964
