0.0018133994390942 0.0043286860537843 0.0038839970027382 0.0032250789104211 0.0027612810981882 0.0024515879884382 0.0022236937541486 0.0020271621811594 0.0018613791921413 0.0017235685252496 0.0016139613884003 0.0015095156034147 0.0014043887367641 0.0013503554752169 0.0013193562363629 0.0012318195046623 0.0011799785867178 0.0011376931920557 0.001091876780376 0.0010509917388273
0.0043286860537843 0.022894760762264 0.0085292437916775 0.0040846768301693 0.0022811526856584 0.0013736621584265 0.00095574402446054 0.00070905053000881 0.00054785965209786 0.00044230938425551 0.00037672497687557 0.00031842551581661 0.00024297177335179 0.00025321449613605 0.00033973428030251 0.00024995386694775 0.00025094682527828 0.00025577154081129 0.00026182841190117 0.00025163409041561
0.0038839970027382 0.0085292437916775 0.020193064136167 0.01319376669933 0.0091879837744402 0.0067622751625511 0.0051662313716541 0.004018813602649 0.0031932729054998 0.0025939813212107 0.0021738830797551 0.0018230394179955 0.0014971911847872 0.0013779400035139 0.0013610424177127 0.0011295144071287 0.0010486249198823 0.00095453521339355 0.0009087833560699 0.00083727798552844
0.0032250789104211 0.0040846768301693 0.01319376669933 0.015678746550067 0.013215382259346 0.010775411531494 0.0088462132241331 0.0072933823884781 0.006077365232853 0.0051331484676858 0.0044046184472988 0.0038140226984731 0.003262448758225 0.0029786951635448 0.0027131096483108 0.0024147607651299 0.002209426296949 0.0020197459456342 0.0018797602922283 0.0017325775020075
0.0027612810981882 0.0022811526856584 0.0091879837744402 0.013215382259346 0.013753978242712 0.012531156414995 0.011039073845559 0.0095967027199916 0.0083288265818991 0.0072574232469051 0.0063747773617689 0.005620021338071 0.0049435873786276 0.0044760820635239 0.0040457456103803 0.0036432832935489 0.0033146047939219 0.0030302147323459 0.0027899610130888 0.0025658617496246
0.0024515879884382 0.0013736621584265 0.0067622751625511 0.010775411531494 0.012531156414995 0.01264280306318 0.011918365667887 0.010884165488247 0.0098067236835324 0.0087966443128976 0.0079057345610703 0.0070988906299089 0.0063632406391 0.0058117141310045 0.0052997099132709 0.0048222937944019 0.0044148656118404 0.0040694023553327 0.0037594716139441 0.0034820802989945
0.0022236937541486 0.00095574402446054 0.0051662313716541 0.0088462132241331 0.011039073845559 0.011918365667887 0.011894734077217 0.01134108256053 0.010562483226823 0.0097253222023892 0.0089255190843412 0.0081580272962406 0.0074434010059898 0.0068684957537978 0.0063233879114867 0.0058217578063476 0.0053773252544012 0.0049970705529073 0.0046486796714398 0.0043396570778877
0.0020271621811594 0.00070905053000881 0.004018813602649 0.0072933823884781 0.0095967027199916 0.010884165488247 0.01134108256053 0.011215004465637 0.010758260095465 0.01014672055952 0.0094971787027508 0.0088299690263091 0.0081929785416091 0.0076386335717769 0.0071029269089162 0.0066129858511591 0.0061643962448768 0.0057738824023485 0.0054111120396326 0.0050880723600193
0.0018613791921413 0.00054785965209786 0.0031932729054998 0.006077365232853 0.0083288265818991 0.0098067236835324 0.010562483226823 0.010758260095465 0.010586326864601 0.010201871970121 0.00972247088902 0.0091841005538686 0.0086521975652039 0.0081497415574781 0.0076526982645 0.007198902444073 0.006769407877028 0.0063884408917596 0.0060295379971665 0.0057068100044809
0.0017235685252496 0.00044230938425551 0.0025939813212107 0.0051331484676858 0.0072574232469051 0.0087966443128976 0.0097253222023892 0.01014672055952 0.010201871970121 0.010018671862741 0.0097036789593821 0.009300391672581 0.0088820997167144 0.0084496560670121 0.0080085781476492 0.0076059738160381 0.0072108584129085 0.0068535599435162 0.0065117528137319 0.0062002055690781
0.0016139613884003 0.00037672497687557 0.0021738830797551 0.0044046184472988 0.0063747773617689 0.0079057345610703 0.0089255190843412 0.0094971787027508 0.00972247088902 0.0097036789593821 0.009568767554663 0.0092557691354303 0.0089472629859246 0.0085895524560348 0.0082107710514087 0.0078656125819387 0.0075126106474018 0.0071869839572712 0.0068706073977602 0.0065775767746996
0.0015095156034147 0.00031842551581661 0.0018230394179955 0.0038140226984731 0.005620021338071 0.0070988906299089 0.0081580272962406 0.0088299690263091 0.0091841005538686 0.009300391672581 0.0092557691354303 0.0090961414251121 0.008893315748729 0.0086145304094332 0.0083037010922855 0.0080213622106383 0.0077170948795295 0.0074298541535984 0.0071455068228349 0.0068767642955067
0.0014043887367641 0.00024297177335179 0.0014971911847872 0.003262448758225 0.0049435873786276 0.0063632406391 0.0074434010059898 0.0081929785416091 0.0086521975652039 0.0088820997167144 0.0089472629859246 0.008893315748729 0.0089037440788969 0.0085834249159739 0.0083388387822001 0.0081177299394809 0.007862539535473 0.0076150526876286 0.0073645639148263 0.007122167929184
0.0013503554752169 0.00025321449613605 0.0013779400035139 0.0029786951635448 0.0044760820635239 0.0058117141310045 0.0068684957537978 0.0076386335717769 0.0081497415574781 0.0084496560670121 0.0085895524560348 0.0086145304094332 0.0085834249159739 0.0084559750348176 0.0082572657203338 0.0080911418350225 0.0078820803662904 0.007673689760027 0.0074575866980567 0.0072432613023203
0.0013193562363629 0.00033973428030251 0.0013610424177127 0.0027131096483108 0.0040457456103803 0.0052997099132709 0.0063233879114867 0.0071029269089162 0.0076526982645 0.0080085781476492 0.0082107710514087 0.0083037010922855 0.0083388387822001 0.0082572657203338 0.0084604122788751 0.0080111635567176 0.0078472675959734 0.007678290978736 0.0074974605081088 0.0073129742954245
0.0012318195046623 0.00024995386694775 0.0011295144071287 0.0024147607651299 0.0036432832935489 0.0048222937944019 0.0058217578063476 0.0066129858511591 0.007198902444073 0.0076059738160381 0.0078656125819387 0.0080213622106383 0.0081177299394809 0.0080911418350225 0.0080111635567176 0.0079456297931072 0.0078237774556576 0.0076917615149968 0.0075437205615735 0.0073867023007419
0.0011799785867178 0.00025094682527828 0.0010486249198823 0.002209426296949 0.0033146047939219 0.0044148656118404 0.0053773252544012 0.0061643962448768 0.006769407877028 0.0072108584129085 0.0075126106474018 0.0077170948795295 0.007862539535473 0.0078820803662904 0.0078472675959734 0.0078237774556576 0.0077511412381098 0.0076434643506251 0.0075268365816376 0.0073971406968749
0.0011376931920557 0.00025577154081129 0.00095453521339355 0.0020197459456342 0.0030302147323459 0.0040694023553327 0.0049970705529073 0.0057738824023485 0.0063884408917596 0.0068535599435162 0.0071869839572712 0.0074298541535984 0.0076150526876286 0.007673689760027 0.007678290978736 0.0076917615149968 0.0076434643506251 0.0075943936803002 0.0074904016845031 0.0073866232135187
0.001091876780376 0.00026182841190117 0.0009087833560699 0.0018797602922283 0.0027899610130888 0.0037594716139441 0.0046486796714398 0.0054111120396326 0.0060295379971665 0.0065117528137319 0.0068706073977602 0.0071455068228349 0.0073645639148263 0.0074575866980567 0.0074974605081088 0.0075437205615735 0.0075268365816376 0.0074904016845031 0.0074390823940739 0.0073503716761839
0.0010509917388273 0.00025163409041561 0.00083727798552844 0.0017325775020075 0.0025658617496246 0.0034820802989945 0.0043396570778877 0.0050880723600193 0.0057068100044809 0.0062002055690781 0.0065775767746996 0.0068767642955067 0.007122167929184 0.0072432613023203 0.0073129742954245 0.0073867023007419 0.0073971406968749 0.0073866232135187 0.0073503716761839 0.0073170453582653
