0 -3.0410224323554 0.31353474157306 -3.0583163084898 0.14349954926725 -2.6977592914408 0.6871591753966 -2.2903191556578 0.99085815814175 -1.9983654035272
3.0410224323554 0 -3.0937670058289 -0.017453517775294 3.0257212003884 -0.097680158320544 3.0380732259528 -0.1077317967035 2.999574068188 -0.17663722012622
-0.31353474157306 3.0937670058289 0 3.1080115355933 -0.056250670509468 3.0832802713736 -0.054016609815487 3.0749643292324 -0.074661613787726 3.0571675978138
3.0583163084898 0.017453517775294 -3.1080115355933 0 3.1267533208884 -0.013244056293452 3.1290850745355 -0.012574362791812 3.1292948468837 -0.012824424434728
-0.14349954926725 -3.0257212003884 0.056250670509468 -3.1267533208884 0 -3.1350956520946 0.014003471222633 -3.1255786075301 0.019218620296389 -3.1193299772866
2.6977592914408 0.097680158320544 -3.0832802713736 0.013244056293452 3.1350956520946 0 -3.1366717871499 0.0041597398172796 -3.1358964235602 0.0082389868284452
-0.6871591753966 -3.0380732259528 0.054016609815487 -3.1290850745355 -0.014003471222633 3.1366717871499 0 3.1409052750899 0.001394946761772 -3.137029340253
2.2903191556578 0.1077317967035 -3.0749643292324 0.012574362791812 3.1255786075301 -0.0041597398172796 -3.1409052750899 0 -3.1397927175395 0.0046518686490723
-0.99085815814175 -2.999574068188 0.074661613787726 -3.1292948468837 -0.019218620296389 3.1358964235602 -0.001394946761772 3.1397927175395 0 -3.1388284716654
1.9983654035272 0.17663722012622 -3.0571675978138 0.012824424434728 3.1193299772866 -0.0082389868284452 3.137029340253 -0.0046518686490723 3.1388284716654 0
