-0.00017716671123037 -0.00025629232513932 0.00047478912058931 -0.00048810506865647 0.00029875953853022 -0.00012859179046176 0.00020194480246829 -0.0001801975288939 0.00020223812827073 -0.00018895697043408
-0.00025629232513932 -0.0040917109699031 -5.1283663523761e-05 -0.0010601616388813 0.00065757444553623 -0.00037313063286677 0.0005534186101736 -0.00059452714674888 0.00068243728258708 -0.00059561633830162
0.00047478912058931 -5.1283663523761e-05 -0.0058881984102794 0.0022834594089169 -0.0007227876688086 0.00032664785352763 -0.0005389655363279 0.00039651674688523 -0.00053356585528374 0.00059458467964493
-0.00048810506865647 -0.0010601616388813 0.0022834594089169 -0.0056584923853365 0.0011616845560403 -0.00054443048175952 0.00098120707071067 -0.00086911784939563 0.0010512613788007 -0.0010091581112859
0.00029875953853022 0.00065757444553623 -0.0007227876688086 0.0011616845560403 -0.0034134309679667 0.0018457384691514 -0.0016583308929676 0.0014992968979508 -0.0014607747694289 0.0012977432295717
-0.00012859179046176 -0.00037313063286677 0.00032664785352763 -0.00054443048175952 0.0018457384691514 -0.0026107396184966 0.001591429844427 -0.0013755826448671 0.0013212996153138 -0.0011458143372934
0.00020194480246829 0.0005534186101736 -0.0005389655363279 0.00098120707071067 -0.0016583308929676 0.001591429844427 -0.0023619684226629 0.0018134726320596 -0.0016005159300517 0.0013682992488713
-0.0001801975288939 -0.00059452714674888 0.00039651674688523 -0.00086911784939563 0.0014992968979508 -0.0013755826448671 0.0018134726320596 -0.0019945135497796 0.0017726178098316 -0.0015545390741155
0.00020223812827073 0.00068243728258708 -0.00053356585528374 0.0010512613788007 -0.0014607747694289 0.0013212996153138 -0.0016005159300517 0.0017726178098316 -0.0017592858981691 0.0015703011765265
-0.00018895697043408 -0.00059561633830162 0.00059458467964493 -0.0010091581112859 0.0012977432295717 -0.0011458143372934 0.0013682992488713 -0.0015545390741155 0.0015703011765265 -0.0014800340697696
