0.00042331053034501 0.00031604298008884 0.00025595443858596 0.00021466931659537 0.00019541061335922 0.00017995135540217 0.00016680428943257 0.00015712239550859 0.00014943871596754 0.00014346374946594
0.00031604298008884 0.00025013151871524 0.00021106002453952 0.00016837270679738 0.0001500904641461 0.00013701319371958 0.00012750763126939 0.00012028510950883 0.00011503745044931 0.00011087445902397
0.00025595443858596 0.00021106002453952 0.00016985651988905 0.00013868707365363 0.00012295748819451 0.00011070563019045 0.00010257236720171 9.6347410553838e-05 9.2211332655227e-05 8.9222335334798e-05
0.00021466931659537 0.00016837270679738 0.00013868707365363 0.00011055083271456 9.8641945670145e-05 8.8983223953151e-05 8.2778150335246e-05 7.8052941469826e-05 7.4765940109612e-05 7.2384818051285e-05
0.00019541061335922 0.0001500904641461 0.00012295748819451 9.8641945670145e-05 8.6373119467267e-05 7.8604469620918e-05 7.3693595783928e-05 6.9906130275501e-05 6.7300736511731e-05 6.5409076088625e-05
0.00017995135540217 0.00013701319371958 0.00011070563019045 8.8983223953151e-05 7.8604469620918e-05 7.2042018547377e-05 6.8026551590563e-05 6.485514476511e-05 6.2629272420294e-05 6.0938598230332e-05
0.00016680428943257 0.00012750763126939 0.00010257236720171 8.2778150335246e-05 7.3693595783928e-05 6.8026551590563e-05 6.4366535455147e-05 6.1550709878105e-05 5.9616283557329e-05 5.814322127639e-05
0.00015712239550859 0.00012028510950883 9.6347410553838e-05 7.8052941469826e-05 6.9906130275501e-05 6.485514476511e-05 6.1550709878105e-05 5.9089494105294e-05 5.7418633861337e-05 5.6141819805004e-05
0.00014943871596754 0.00011503745044931 9.2211332655227e-05 7.4765940109612e-05 6.7300736511731e-05 6.2629272420294e-05 5.9616283557329e-05 5.7418633861337e-05 5.5941365896094e-05 5.4817011699117e-05
0.00014346374946594 0.00011087445902397 8.9222335334798e-05 7.2384818051285e-05 6.5409076088625e-05 6.0938598230332e-05 5.814322127639e-05 5.6141819805004e-05 5.4817011699117e-05 5.3817830216068e-05
