3.1415926535898 -0.009234643839757 -3.0649819666897 0.01401109319563 -3.0729267354845 0.11468385325819 -2.9605790583455 0.25002851598203 -2.8521694274128 0.28860286875059
0.009234643839757 3.1415926535898 0.043597442006737 -3.0360719908298 0.14516315963042 -2.9719543986569 0.18604667597279 -2.9764767584317 0.10833679472629 -3.1080586628357
3.0649819666897 -0.043597442006737 3.1415926535898 0.01433208687952 -3.1064157376316 0.043759895346903 -3.0981657750659 0.034694255769603 -3.1295308868916 -0.016201876900283
-0.01401109319563 3.0360719908298 -0.01433208687952 3.1415926535898 -0.0016699394791595 3.1307604021696 -0.024129492437924 3.1031238299451 -0.056703972652902 3.0676005841097
3.0729267354845 -0.14516315963042 3.1064157376316 0.0016699394791595 3.1415926535898 -0.01030319051323 3.1164563389029 -0.039762822373602 3.0856825189956 -0.06938401754528
-0.11468385325819 2.9719543986569 -0.043759895346903 -3.1307604021696 0.01030319051323 3.1415926535898 -0.013243497728972 3.1158890229658 -0.03856008758928 3.0934328450217
2.9605790583455 -0.18604667597279 3.0981657750659 0.024129492437924 -3.1164563389029 0.013243497728972 3.1415926535898 -0.011473519517872 3.1190711932573 -0.029867580606838
-0.25002851598203 2.9764767584317 -0.034694255769603 -3.1031238299451 0.039762822373602 -3.1158890229658 0.011473519517872 3.1415926535898 -0.010204913271055 3.1252340998981
2.8521694274128 -0.10833679472629 3.1295308868916 0.056703972652902 -3.0856825189956 0.03856008758928 -3.1190711932573 0.010204913271055 3.1415926535898 -0.0058174263228645
-0.28860286875059 3.1080586628357 0.016201876900283 -3.0676005841097 0.06938401754528 -3.0934328450217 0.029867580606838 -3.1252340998981 0.0058174263228645 3.1415926535898
