0.059589345690437 0.017731137835979 0.011824883518691 0.0086780175354693 0.0066650075278545 0.0053983363030099 0.0045457732001849 0.0039451537521263 0.0034841196513366 0.0031110990126518 0.0028047121899874 0.0025482075099959 0.0023117934941954 0.0021195165921829 0.0019451994954168 0.0017891468323531 0.0016446017085825 0.0015171076304675 0.0014060955012602 0.0013203025845708
0.017731137835979 0.021044828979819 0.01412078781717 0.010566556941527 0.0081988663653958 0.006617584394456 0.0054863749281733 0.0046576897100607 0.0040380280118077 0.0035574044111263 0.0031752055751804 0.0028700759621494 0.0026091559183984 0.0023976095619729 0.002220129289939 0.0020652561084839 0.0019280718386698 0.0018158564517026 0.0017164968181287 0.0016236737273445
0.011824883518691 0.01412078781717 0.015054595074994 0.012753602494824 0.010566019862906 0.0088668837400172 0.0075215497012149 0.0064619752114795 0.0056211122690176 0.0049439723637394 0.0043862962154729 0.0039346087749666 0.0035421938105243 0.0032219214290838 0.0029449844475407 0.0027063570914721 0.002504292034038 0.0023258283983783 0.0021752825557583 0.0020403133268504
0.0086780175354693 0.010566556941527 0.012753602494824 0.01261912877739 0.011364277842532 0.010056435972263 0.008855721793491 0.007820179700483 0.0069437025255039 0.0062044125506456 0.0055752743470019 0.0050491516008103 0.0045841895464063 0.0041939998877575 0.0038529062510566 0.0035573234129868 0.0032995060882637 0.0030689813212552 0.0028716464705913 0.0026911946829057
0.0066650075278545 0.0081988663653958 0.010566019862906 0.011364277842532 0.011044845539053 0.010289892527383 0.0094077973277111 0.0085474654422692 0.0077591114668465 0.0070550749578844 0.0064320326338912 0.0058899409592795 0.005401582204265 0.0049796656269258 0.0046049305897207 0.0042756760450105 0.0039808515923 0.0037150938579876 0.0034835958634754 0.0032715299311467
0.0053983363030099 0.006617584394456 0.0088668837400172 0.010056435972263 0.010289892527383 0.010016400363055 0.0094752972151461 0.008840062518236 0.0081952577675636 0.007579430347677 0.0070091794478629 0.0064936253379857 0.0060177633497516 0.0055961211051952 0.0052145089278014 0.0048739875173811 0.0045624764778681 0.0042793741685797 0.0040292471335662 0.0037986481569805
0.0045457732001849 0.0054863749281733 0.0075215497012149 0.008855721793491 0.0094077973277111 0.0094752972151461 0.0092323289900468 0.0088256163831435 0.0083471458434909 0.0078494573814795 0.0073623940247475 0.0069033191248615 0.006466160127721 0.0060684104897297 0.0057011624025533 0.0053674789198306 0.0050562644281652 0.0047701362168602 0.0045140815616927 0.004275340215905
0.0039451537521263 0.0046576897100607 0.0064619752114795 0.007820179700483 0.0085474654422692 0.008840062518236 0.0088256163831435 0.0086193108128144 0.0083019478543341 0.007929730587064 0.0075386325402177 0.0071510798602334 0.0067675577717998 0.0064081468505936 0.0060689260338022 0.0057541935226856 0.0054551952529545 0.0051762368503366 0.0049233400686016 0.004685165632401
0.0034841196513366 0.0040380280118077 0.0056211122690176 0.0069437025255039 0.0077591114668465 0.0081952577675636 0.0083471458434909 0.0083019478543341 0.0081270222626401 0.0078736248563397 0.0075792066155706 0.0072682007412205 0.0069451300600659 0.0066321072278055 0.0063291631445496 0.0060414232421035 0.00576277040398 0.0054985002240394 0.0052555664722575 0.0050244992077441
0.0031110990126518 0.0035574044111263 0.0049439723637394 0.0062044125506456 0.0070550749578844 0.007579430347677 0.0078494573814795 0.007929730587064 0.0078736248563397 0.0077258568887195 0.0075219318631098 0.0072861380900847 0.0070247957646376 0.0067614923963449 0.0064990125861168 0.0062430179281334 0.0059898690427287 0.0057454119811198 0.0055173278921102 0.0052980265768405
0.0028047121899874 0.0031752055751804 0.0043862962154729 0.0055752743470019 0.0064320326338912 0.0070091794478629 0.0073623940247475 0.0075386325402177 0.0075792066155706 0.0075219318631098 0.00740092994545 0.0072335076504641 0.0070317225266767 0.0068181993410567 0.0065974590524551 0.0063754174105999 0.0061505371157177 0.0059290571999048 0.0057189938498858 0.005514525849227
0.0025482075099959 0.0028700759621494 0.0039346087749666 0.0050491516008103 0.0058899409592795 0.0064936253379857 0.0069033191248615 0.0071510798602334 0.0072682007412205 0.0072861380900847 0.0072335076504641 0.0071335838490441 0.0069850761484395 0.0068196242085267 0.0066403475942165 0.0064531380678795 0.0062581185924819 0.0060617888398206 0.005872124890952 0.0056848748727695
0.0023117934941954 0.0026091559183984 0.0035421938105243 0.0045841895464063 0.005401582204265 0.0060177633497516 0.006466160127721 0.0067675577717998 0.0069451300600659 0.0070247957646376 0.0070317225266767 0.0069850761484395 0.0068887270678537 0.0067675955258605 0.0066274327787369 0.0064739204687243 0.0063084390485403 0.0061376717902791 0.0059692522845795 0.0058002953494056
0.0021195165921829 0.0023976095619729 0.0032219214290838 0.0041939998877575 0.0049796656269258 0.0055961211051952 0.0060684104897297 0.0064081468505936 0.0066321072278055 0.0067614923963449 0.0068181993410567 0.0068196242085267 0.0067675955258605 0.0066879268188073 0.0065835104234116 0.0064622524792505 0.0063256029629292 0.0061803262346722 0.0060335187584525 0.0058834462872766
0.0019451994954168 0.002220129289939 0.0029449844475407 0.0038529062510566 0.0046049305897207 0.0052145089278014 0.0057011624025533 0.0060689260338022 0.0063291631445496 0.0064990125861168 0.0065974590524551 0.0066403475942165 0.0066274327787369 0.0065835104234116 0.0065135423777013 0.0064223468125159 0.0063131038101078 0.006192504254284 0.0060669666780494 0.0059357325052494
0.0017891468323531 0.0020652561084839 0.0027063570914721 0.0035573234129868 0.0042756760450105 0.0048739875173811 0.0053674789198306 0.0057541935226856 0.0060414232421035 0.0062430179281334 0.0063754174105999 0.0064531380678795 0.0064739204687243 0.0064622524792505 0.0064223468125159 0.0063612097125259 0.0062752794537059 0.006178127221745 0.006073126840252 0.0059603257549247
0.0016446017085825 0.0019280718386698 0.002504292034038 0.0032995060882637 0.0039808515923 0.0045624764778681 0.0050562644281652 0.0054551952529545 0.00576277040398 0.0059898690427287 0.0061505371157177 0.0062581185924819 0.0063084390485403 0.0063256029629292 0.0063131038101078 0.0062752794537059 0.0062174817234803 0.0061408013646024 0.0060556266483513 0.0059608405940165
0.0015171076304675 0.0018158564517026 0.0023258283983783 0.0030689813212552 0.0037150938579876 0.0042793741685797 0.0047701362168602 0.0051762368503366 0.0054985002240394 0.0057454119811198 0.0059290571999048 0.0060617888398206 0.0061376717902791 0.0061803262346722 0.006192504254284 0.006178127221745 0.0061408013646024 0.0060881781220545 0.0060207520018973 0.0059433403414255
0.0014060955012602 0.0017164968181287 0.0021752825557583 0.0028716464705913 0.0034835958634754 0.0040292471335662 0.0045140815616927 0.0049233400686016 0.0052555664722575 0.0055173278921102 0.0057189938498858 0.005872124890952 0.0059692522845795 0.0060335187584525 0.0060669666780494 0.006073126840252 0.0060556266483513 0.0060207520018973 0.0059727450831035 0.005910248075497
0.0013203025845708 0.0016236737273445 0.0020403133268504 0.0026911946829057 0.0032715299311467 0.0037986481569805 0.004275340215905 0.004685165632401 0.0050244992077441 0.0052980265768405 0.005514525849227 0.0056848748727695 0.0058002953494056 0.0058834462872766 0.0059357325052494 0.0059603257549247 0.0059608405940165 0.0059433403414255 0.005910248075497 0.0058752385116147
