3.1415926535898 -1.920278770425 -2.8039538080344 -0.77969041806479 -1.389239652927 1.4802797021341 -1.4205407387198 2.4682709309589 -0.50666152812796 2.6583400157775
1.920278770425 3.1415926535898 -0.15440575085529 -2.8110102227421 0.24800173189048 -2.724054471999 0.18545644795193 -3.0549763653975 -0.021406155970737 -3.1233846815271
2.8039538080344 0.15440575085529 3.1415926535898 0.077051374363902 -2.9785208303279 0.2158539024034 -2.8233922246147 0.37501221754448 -2.7371481072242 0.39637874904687
0.77969041806479 2.8110102227421 -0.077051374363902 3.1415926535898 -0.011778600995888 3.0909042176299 -0.0266434087139 3.1319315972098 0.006033453390286 -3.1081139578271
1.389239652927 -0.24800173189048 2.9785208303279 0.011778600995888 3.1415926535898 -0.018170107282391 -3.1398062087189 0.015055143934666 -3.1176429664176 0.039123077284433
-1.4802797021341 2.724054471999 -0.2158539024034 -3.0909042176299 0.018170107282391 3.1415926535898 0.01162215285673 -3.1234904346873 0.023390620043916 -3.1114165617797
1.4205407387198 -0.18545644795193 2.8233922246147 0.0266434087139 3.1398062087189 -0.01162215285673 3.1415926535898 0.0087194976486885 -3.1281178890792 0.018971613784932
-2.4682709309589 3.0549763653975 -0.37501221754448 -3.1319315972098 -0.015055143934666 3.1234904346873 -0.0087194976486885 3.1415926535898 0.0053233895061345 -3.1319531324787
0.50666152812796 0.021406155970737 2.7371481072242 -0.006033453390286 3.1176429664176 -0.023390620043916 3.1281178890792 -0.0053233895061345 3.1415926535898 0.003783162034121
-2.6583400157775 3.1233846815271 -0.39637874904687 3.1081139578271 -0.039123077284433 3.1114165617797 -0.018971613784932 3.1319531324787 -0.003783162034121 3.1415926535898
