3.1415926535898 0.25637063098526 -2.7580382735636 0.40875492508443 -2.9241440857236 -0.22515699972957 2.4838269265394 -0.8862598671378 2.1502946865355 -1.0449571407441
-0.25637063098526 3.1415926535898 0.053532864654615 -3.0640754138519 0.073234367153269 -3.0893142374115 0.025745461090745 3.1401321517898 -0.027093388375054 3.0913107441056
2.7580382735636 -0.053532864654615 3.1415926535898 0.032291939412208 -3.1010088886503 0.036874209205141 -3.1136049668511 0.017072722170467 -3.1356734783737 -0.0045488615521318
-0.40875492508443 3.0640754138519 -0.032291939412208 3.1415926535898 0.0086013931574554 -3.1350293652265 0.00034625728836043 3.134336692456 -0.014972914219174 3.1194157879969
2.9241440857236 -0.073234367153269 3.1010088886503 -0.0086013931574554 3.1415926535898 -0.00076660387789592 3.1367074893607 -0.0099685242309635 3.1264326397564 -0.020100605655223
0.22515699972957 3.0893142374115 -0.036874209205141 3.1350293652265 0.00076660387789592 3.1415926535898 -0.0032875027040125 3.1344348953182 -0.011118127881054 3.126576689484
-2.4838269265394 -0.025745461090745 3.1136049668511 -0.00034625728836043 -3.1367074893607 0.0032875027040125 3.1415926535898 -0.0034835175764803 3.1346118884205 -0.010488123260537
0.8862598671378 -3.1401321517898 -0.017072722170467 -3.134336692456 0.0099685242309635 -3.1344348953182 0.0034835175764803 3.1415926535898 -0.0033819179456092 3.1348186394462
-2.1502946865355 0.027093388375054 3.1356734783737 0.014972914219174 -3.1264326397564 0.011118127881054 -3.1346118884205 0.0033819179456092 3.1415926535898 -0.0033670642105839
1.0449571407441 -3.0913107441056 0.0045488615521318 -3.1194157879969 0.020100605655223 -3.126576689484 0.010488123260537 -3.1348186394462 0.0033670642105839 3.1415926535898
