3.1415926535898 -3.1023097766881 0.13801737751039 3.0515291184996 -0.63218984574544 2.0475639661707 -1.0287281669219 2.0240455835941 -1.3186583444392 1.7166846035071
3.1023097766881 3.1415926535898 -0.44527653858347 -3.0548076479193 0.056077432730576 -2.9788576618095 0.1317591760824 -3.0739185757837 0.08743786824351 -2.9922996271884
-0.13801737751039 0.44527653858347 3.1415926535898 0.1053025811597 -3.0151717184811 -0.21004068679496 2.808734794269 -0.2350046636828 2.7644086060575 -0.53565795689186
-3.0515291184996 3.0548076479193 -0.1053025811597 3.1415926535898 0.031860168798457 3.1345232610274 0.023670389024649 -3.0819031038053 0.05091793873052 -3.095776256107
0.63218984574544 -0.056077432730576 3.0151717184811 -0.031860168798457 3.1415926535898 -0.011968386766613 3.1385447307869 -0.0093523858487963 3.115500222876 -0.037591465411631
-2.0475639661707 2.9788576618095 0.21004068679496 -3.1345232610274 0.011968386766613 3.1415926535898 -0.006444287979393 3.1301864592775 -0.02165623735752 3.1166551065976
1.0287281669219 -0.1317591760824 -2.808734794269 -0.023670389024649 -3.1385447307869 0.006444287979393 3.1415926535898 0.0010481697566001 3.134825131691 -0.0083409185102743
-2.0240455835941 3.0739185757837 0.2350046636828 3.0819031038053 0.0093523858487963 -3.1301864592775 -0.0010481697566001 3.1415926535898 -0.0065075621384314 3.135324553957
1.3186583444392 -0.08743786824351 -2.7644086060575 -0.05091793873052 -3.115500222876 0.02165623735752 -3.134825131691 0.0065075621384314 3.1415926535898 0.00087393807678866
-1.7166846035071 2.9922996271884 0.53565795689186 3.095776256107 0.037591465411631 -3.1166551065976 0.0083409185102743 -3.135324553957 -0.00087393807678866 3.1415926535898
