0.00031293538524207 0.00028733652118157 0.0002354546183291 0.00018603042197495 0.00015804932161155 0.00014386107638497 0.00013427741754456 0.00012670794903357 0.00012104221952742 0.00011676967078314
0.00028733652118157 0.00024743908428433 0.00021319281642914 0.00016955707225835 0.00014336906206961 0.00012842428446531 0.00011961272966463 0.00011264066092504 0.00010734286333444 0.00010304328339961
0.0002354546183291 0.00021319281642914 0.00017130752030252 0.00013994762926149 0.00011797839332276 0.00010479729073593 9.6942492505478e-05 9.2146782979392e-05 8.8548676869016e-05 8.5614601068684e-05
0.00018603042197495 0.00016955707225835 0.00013994762926149 0.00011441918187963 9.7381910995258e-05 8.6317079757634e-05 8.0167330527892e-05 7.6380504549453e-05 7.3333846562369e-05 7.0879405840554e-05
0.00015804932161155 0.00014336906206961 0.00011797839332276 9.7381910995258e-05 8.4987723616363e-05 7.6438985366607e-05 7.0363630953244e-05 6.6711816169738e-05 6.3966349980298e-05 6.1757452429229e-05
0.00014386107638497 0.00012842428446531 0.00010479729073593 8.6317079757634e-05 7.6438985366607e-05 6.8711028839486e-05 6.3151281372942e-05 5.9970081274302e-05 5.7508203722979e-05 5.5531336617284e-05
0.00013427741754456 0.00011961272966463 9.6942492505478e-05 8.0167330527892e-05 7.0363630953244e-05 6.3151281372942e-05 5.7643781571177e-05 5.4664219923183e-05 5.2469320989359e-05 5.0755261162471e-05
0.00012670794903357 0.00011264066092504 9.2146782979392e-05 7.6380504549453e-05 6.6711816169738e-05 5.9970081274302e-05 5.4664219923183e-05 5.1692836429535e-05 4.9587583050604e-05 4.7972309870607e-05
0.00012104221952742 0.00010734286333444 8.8548676869016e-05 7.3333846562369e-05 6.3966349980298e-05 5.7508203722979e-05 5.2469320989359e-05 4.9587583050604e-05 4.7594532211235e-05 4.607087008252e-05
0.00011676967078314 0.00010304328339961 8.5614601068684e-05 7.0879405840554e-05 6.1757452429229e-05 5.5531336617284e-05 5.0755261162471e-05 4.7972309870607e-05 4.607087008252e-05 4.4628212660941e-05
