0.042896615737609 0.026056914991954 0.024537224961016 0.024027268691341 0.023692504755264 0.023355415096447 0.022973079379601 0.022541595345856 0.022069209387572 0.021567168664499 0.021046306705054 0.020515672981565 0.01998307701423 0.019453778285709 0.018931711208228 0.018420157358437 0.017921705382047 0.017435212445306 0.016963371915205 0.01650547903065
0.026056914991954 0.015881791138347 0.015002422945187 0.014736622146229 0.014576693505646 0.014413640751944 0.01422046415774 0.013994104487383 0.013739161457154 0.013462219439093 0.013169858852147 0.012867634225176 0.012560492537077 0.012251879795272 0.011944487288705 0.011640632031933 0.011342146161125 0.01104867364806 0.010762076342155 0.01048232477879
0.024537224961016 0.015002422945187 0.014213410202494 0.014002982253956 0.013892281510918 0.013777565782252 0.013632502196482 0.013453520014665 0.013244485480062 0.013011322003674 0.012760152199888 0.012496203584197 0.012224279198742 0.011947778223674 0.011669457564962 0.011391771214649 0.011116675283734 0.01084410691728 0.010576076349109 0.010312845651682
0.024027268691341 0.014736622146229 0.014002982253956 0.013837189656263 0.013769523564659 0.013697253758536 0.013593633216104 0.013454413242968 0.013282848853311 0.013084406458176 0.012864942409387 0.012629521076688 0.012382944802171 0.012128653429827 0.011869533886852 0.011608237253808 0.01134690119847 0.011085701027806 0.010826886666037 0.010570968859242
0.023692504755264 0.014576693505646 0.013892281510918 0.013769523564659 0.013744416656283 0.013714482162289 0.013652343920698 0.013553000270541 0.013419077046754 0.013255571171038 0.013068054931757 0.012861419250938 0.012640446642871 0.012408603524048 0.012168895144314 0.011924152488566 0.011676695573547 0.011426893948496 0.011177261675137 0.010928537268827
0.023355415096447 0.014413640751944 0.013777565782252 0.013697253758536 0.013714482162289 0.013727054661891 0.013706954221179 0.013648404032551 0.013553354260515 0.013426289932971 0.013272444953483 0.013096485792704 0.012903128093781 0.012695821336137 0.012477645307825 0.012251580893136 0.012020106749091 0.011783744903518 0.011545277623041 0.011305637409559
0.022973079379601 0.01422046415774 0.013632502196482 0.013593633216104 0.013652343920698 0.013706954221179 0.013728875695613 0.013711555933958 0.013656241439329 0.013566860934779 0.013448252138747 0.01330480500844 0.013141108292666 0.012960546448656 0.012766227657563 0.012561237052487 0.012348182220291 0.012127692227953 0.011902802847555 0.011674612573562
0.022541595345856 0.013994104487383 0.013453520014665 0.013454413242968 0.013553000270541 0.013648404032551 0.013711555933958 0.013735160808695 0.013719736202769 0.013668628897002 0.013586233629788 0.013476612350141 0.01334417732241 0.013192196343459 0.013023749695292 0.012841987686482 0.01264960727207 0.01244730228833 0.012238341399713 0.012023948445537
0.022069209387572 0.013739161457154 0.013244485480062 0.013282848853311 0.013419077046754 0.013553354260515 0.013656241439329 0.013719736202769 0.013743649866151 0.013730708395644 0.01368484041469 0.013609737951917 0.013509580183275 0.013387481261336 0.013246455354701 0.013089663328749 0.012919855754223 0.012737740011951 0.012546784325512 0.012348315547416
0.021567168664499 0.013462219439093 0.013011322003674 0.013084406458176 0.013255571171038 0.013426289932971 0.013566860934779 0.013668628897002 0.013730708395644 0.013755234283526 0.013745611797809 0.013705143999392 0.013637733733937 0.013546305739343 0.01343376802437 0.013303245087614 0.01315750350253 0.01299722047019 0.0128260278958 0.012645326973473
0.021046306705054 0.013169858852147 0.012760152199888 0.012864942409387 0.013068054931757 0.013272444953483 0.013448252138747 0.013586233629788 0.01368484041469 0.013745611797809 0.01377143858764 0.013765206368385 0.01373051419964 0.013670062133955 0.013586611004993 0.013483210869574 0.013362608648161 0.013225415858503 0.013075393581398 0.012913985217627
0.020515672981565 0.012867634225176 0.012496203584197 0.012629521076688 0.012861419250938 0.013096485792704 0.01330480500844 0.013476612350141 0.013609737951917 0.013705143999392 0.013765206368385 0.013792396053212 0.013789968169154 0.013760378378914 0.013706205958978 0.01363038702682 0.0135356197257 0.013422419372638 0.013294639196305 0.013153740213307
0.01998307701423 0.012560492537077 0.012224279198742 0.012382944802171 0.012640446642871 0.012903128093781 0.013141108292666 0.01334417732241 0.013509580183275 0.013637733733937 0.01373051419964 0.013789968169154 0.013819021883353 0.013819832975735 0.013794770154787 0.01374663227952 0.013678041890231 0.013589400599855 0.01348462099544 0.013365143265523
0.019453778285709 0.012251879795272 0.011947778223674 0.012128653429827 0.012408603524048 0.012695821336137 0.012960546448656 0.013192196343459 0.013387481261336 0.013546305739343 0.013670062133955 0.013760378378914 0.013819832975735 0.013850293671566 0.013853882857507 0.01383324258413 0.013790893827098 0.013727096077251 0.013645786913599 0.013548366389229
0.018931711208228 0.011944487288705 0.011669457564962 0.011869533886852 0.012168895144314 0.012477645307825 0.012766227657563 0.013023749695292 0.013246455354701 0.01343376802437 0.013586611004993 0.013706205958978 0.013794770154787 0.013853882857507 0.013885434600806 0.01389186928975 0.013875582198097 0.013836660769566 0.013779033448593 0.013704052825971
0.018420157358437 0.011640632031933 0.011391771214649 0.011608237253808 0.011924152488566 0.012251580893136 0.012561237052487 0.012841987686482 0.013089663328749 0.013303245087614 0.013483210869574 0.01363038702682 0.01374663227952 0.01383324258413 0.01389186928975 0.013924752461239 0.013934125618756 0.013919888427829 0.013885934362217 0.013833549318893
0.017921705382047 0.011342146161125 0.011116675283734 0.01134690119847 0.011676695573547 0.012020106749091 0.012348182220291 0.01264960727207 0.012919855754223 0.01315750350253 0.013362608648161 0.0135356197257 0.013678041890231 0.013790893827098 0.013875582198097 0.013934125618756 0.013968615332515 0.013978681111327 0.013968210384146 0.013938395923912
0.017435212445306 0.01104867364806 0.01084410691728 0.011085701027806 0.011426893948496 0.011783744903518 0.012127692227953 0.01244730228833 0.012737740011951 0.01299722047019 0.013225415858503 0.013422419372638 0.013589400599855 0.013727096077251 0.013836660769566 0.013919888427829 0.013978681111327 0.014012528101557 0.014025135497283 0.014017662217193
0.016963371915205 0.010762076342155 0.010576076349109 0.010826886666037 0.011177261675137 0.011545277623041 0.011902802847555 0.012238341399713 0.012546784325512 0.0128260278958 0.013075393581398 0.013294639196305 0.01348462099544 0.013645786913599 0.013779033448593 0.013885934362217 0.013968210384146 0.014025135497283 0.014060368404144 0.014074899151294
0.01650547903065 0.01048232477879 0.010312845651682 0.010570968859242 0.010928537268827 0.011305637409559 0.011674612573562 0.012023948445537 0.012348315547416 0.012645326973473 0.012913985217627 0.013153740213307 0.013365143265523 0.013548366389229 0.013704052825971 0.013833549318893 0.013938395923912 0.014017662217193 0.014074899151294 0.014111085005982
