0.048624404259481 0.0088630618649719 0.0053723717342679 0.0038704290700487 0.0030108178515828 0.0021773572485724 0.0015950375192623 0.0013958008775613 0.0014844558128587 0.00164595395896
0.0088630618649719 0.027788425593305 0.0198934859114 0.014961348738315 0.011471025730783 0.0087606391471954 0.0065786495921604 0.0048295820161915 0.0034710151400082 0.0024914217381929
0.0053723717342679 0.0198934859114 0.021315135549002 0.018118272934625 0.014976019229845 0.012070869135909 0.0095835722844305 0.007505496878789 0.0057880854548138 0.0043804008102385
0.0038704290700487 0.014961348738315 0.018118272934625 0.017461733221035 0.015448556021856 0.013191115929644 0.011024784624077 0.009093414677898 0.007417750169119 0.0059849834917864
0.0030108178515828 0.011471025730783 0.014976019229845 0.015448556021856 0.014593598061956 0.013173713365409 0.011590771077164 0.010042326422979 0.008606558060818 0.0073132421746464
0.0021773572485724 0.0087606391471954 0.012070869135909 0.013191115929644 0.013173713365409 0.012526197978514 0.01155474742887 0.01045886941564 0.0093449319105621 0.0082729275628606
0.0015950375192623 0.0065786495921604 0.0095835722844305 0.011024784624077 0.011590771077164 0.01155474742887 0.011127372464121 0.010472008618285 0.0097000549508744 0.0088851492659098
0.0013958008775613 0.0048295820161915 0.007505496878789 0.009093414677898 0.010042326422979 0.01045886941564 0.010472008618285 0.010202998063339 0.0097532690044834 0.0091974782826112
0.0014844558128587 0.0034710151400082 0.0057880854548138 0.007417750169119 0.008606558060818 0.0093449319105621 0.0097000549508744 0.0097532690044834 0.0095906032613822 0.0092794997776145
0.00164595395896 0.0024914217381929 0.0043804008102385 0.0059849834917864 0.0073132421746464 0.0082729275628606 0.0088851492659098 0.0091974782826112 0.0092794997776145 0.0091878729363752
