2.1532830462275e-05 9.1160524163731e-05 8.6595702978273e-05 8.0287204659989e-05 7.145761061063e-05 6.5709974804587e-05 6.3719787991409e-05 6.207947324674e-05 6.0526694280606e-05 5.9019583411464e-05
9.1160524163731e-05 0.00039147017573029 0.00035301504740255 0.00032589514959644 0.00028699046349719 0.00026578790305232 0.00024988770181958 0.00023920411993134 0.00023027522991903 0.00022250928478654
8.6595702978273e-05 0.00035301504740255 0.00034012984467642 0.00031566795281407 0.00027333871583513 0.00025129279488667 0.00023836147937219 0.0002269701342414 0.00021813016422592 0.00021055289145895
8.0287204659989e-05 0.00032589514959644 0.00031566795281407 0.00029462329273563 0.00026129793385555 0.00024043359348555 0.00022545576676571 0.0002152820580961 0.00020764879803949 0.00020072012363903
7.145761061063e-05 0.00028699046349719 0.00027333871583513 0.00026129793385555 0.00024162889367602 0.00022555180475683 0.00021810819048988 0.00021052279830769 0.00020411773817177 0.00019802488403658
6.5709974804587e-05 0.00026578790305232 0.00025129279488667 0.00024043359348555 0.00022555180475683 0.00021372114108512 0.00020958210424708 0.00020512759415612 0.00020023777473051 0.00019517217546783
6.3719787991409e-05 0.00024988770181958 0.00023836147937219 0.00022545576676571 0.00021810819048988 0.00020958210424708 0.00020877509285852 0.0002060175271981 0.00020212214603011 0.00019779912201251
6.207947324674e-05 0.00023920411993134 0.0002269701342414 0.0002152820580961 0.00021052279830769 0.00020512759415612 0.0002060175271981 0.000204653211062 0.00020186473168197 0.00019849892611837
6.0526694280606e-05 0.00023027522991903 0.00021813016422592 0.00020764879803949 0.00020411773817177 0.00020023777473051 0.00020212214603011 0.00020186473168197 0.00020014067355138 0.00019777053801397
5.9019583411464e-05 0.00022250928478654 0.00021055289145895 0.00020072012363903 0.00019802488403658 0.00019517217546783 0.00019779912201251 0.00019849892611837 0.00019777053801397 0.00019633888721722
