0.0015359162537997 0.0033958761465915 0.0033535449037553 0.0030171845756992 0.0026308264814653 0.0022076239592471 0.0019769170371214 0.0018432910906927 0.0017484700057852 0.0016660818561276
0.0033958761465915 0.018900852890907 0.0057440661262902 0.0031890846183667 0.0029129440709996 0.002218131363346 0.0018019963513198 0.0016145325864226 0.0015012504634314 0.0013990431535338
0.0033535449037553 0.0057440661262902 0.01781942413426 0.012175537830675 0.0087119950927623 0.0063270721638642 0.00487934750255 0.0040228366996783 0.0034825647399261 0.0031341639464633
0.0030171845756992 0.0031890846183667 0.012175537830675 0.015228854034051 0.012360813895741 0.0095770319841938 0.0077941665320643 0.0066151563326656 0.005717761208374 0.0050082434407078
0.0026308264814653 0.0029129440709996 0.0087119950927623 0.012360813895741 0.012352120476617 0.010756725018206 0.0094767359695611 0.0084262986383762 0.0075108969497218 0.0067180542861206
0.0022076239592471 0.002218131363346 0.0063270721638642 0.0095770319841938 0.010756725018206 0.010496424565327 0.0099232065852803 0.0092078959960313 0.0084416187711839 0.0077028441065716
0.0019769170371214 0.0018019963513198 0.00487934750255 0.0077941665320643 0.0094767359695611 0.0099232065852803 0.0099460942621165 0.0096149620118388 0.0091006394185982 0.0085257973194569
0.0018432910906927 0.0016145325864226 0.0040228366996783 0.0066151563326656 0.0084262986383762 0.0092078959960313 0.0096149620118388 0.0096229169723701 0.009377624960154 0.0090069570389504
0.0017484700057852 0.0015012504634314 0.0034825647399261 0.005717761208374 0.0075108969497218 0.0084416187711839 0.0091006394185982 0.009377624960154 0.0093829536785606 0.0092234892630877
0.0016660818561276 0.0013990431535338 0.0031341639464633 0.0050082434407078 0.0067180542861206 0.0077028441065716 0.0085257973194569 0.0090069570389504 0.0092234892630877 0.0092571266862528
