-0.0089771813945242 0.00033730640227379 -0.00014639317169517 5.6518955181111e-05 4.9552678859955e-05 -0.00010806775818434 0.00017603757040449 -0.00019630057475576 0.00019143376519561 -0.00017791570254737
0.00033730640227379 -0.011895476299306 0.0030002168275811 -0.0015739075976658 0.00098238225094007 -0.00065392551931373 0.0004095159703011 -0.00022274468328853 8.4843602744895e-05 1.8807218232767e-05
-0.00014639317169517 0.0030002168275811 -0.0095842047244827 0.0042812454614693 -0.0027727382346605 0.0019814119661877 -0.0014941320778304 0.0011332224869511 -0.00088057421887782 0.00068670870792704
5.6518955181111e-05 -0.0015739075976658 0.0042812454614693 -0.0064411161582291 0.0044938789140661 -0.003424220112813 0.0026977943562306 -0.0021685419322362 0.0017770028570478 -0.0014743915999068
4.9552678859955e-05 0.00098238225094007 -0.0027727382346605 0.0044938789140661 -0.0048932849352499 0.0041464002467356 -0.0034961668454744 0.0029482876129597 -0.0025097057383131 0.0021569179012351
-0.00010806775818434 -0.00065392551931373 0.0019814119661877 -0.003424220112813 0.0041464002467356 -0.0041054164358913 0.0037084767407982 -0.0032777054262681 0.0028900594835558 -0.0025549990066349
0.00017603757040449 0.0004095159703011 -0.0014941320778304 0.0026977943562306 -0.0034961668454744 0.0037084767407982 -0.0035936868815558 0.0033232224300441 -0.0030331851780466 0.0027567554093353
-0.00019630057475576 -0.00022274468328853 0.0011332224869511 -0.0021685419322362 0.0029482876129597 -0.0032777054262681 0.0033232224300441 -0.0032043059512586 0.0030203339482246 -0.0028170052642885
0.00019143376519561 8.4843602744895e-05 -0.00088057421887782 0.0017770028570478 -0.0025097057383131 0.0028900594835558 -0.0030331851780466 0.0030203339482246 -0.0029283206661368 0.0027952084641585
-0.00017791570254737 1.8807218232767e-05 0.00068670870792704 -0.0014743915999068 0.0021569179012351 -0.0025549990066349 0.0027567554093353 -0.0028170052642885 0.0027952084641585 -0.002722230483795
