0.0098968986157259 0.0012263117372109 0.00070978508356343 0.00050843926033368 0.00033333202504601 0.00028992339829 0.00028286889302394 0.0002587259384739 0.00023708300802123 0.00021558405375205 0.00019436949730772 0.00017937334891279 0.0001627127044248 0.00014995038369102 0.00014067723907229 0.00013537882190237 0.00012485824301056 0.00011480479473572 0.00011150331601547 0.00010557895607363
0.0012263117372109 0.0041412514447383 0.0014008027392994 0.00088625690340531 0.00065773349179894 0.00056242568524672 0.00048796637835298 0.00042743758661989 0.00037759882883724 0.0003340686887481 0.00029900136577482 0.00027234411665488 0.00024747588498578 0.00023083370587793 0.0002095331039888 0.00019127567772151 0.00018098926392603 0.0001678108268098 0.00015963781219406 0.00015086348542846
0.00070978508356343 0.0014008027392994 0.0023806893918873 0.001262880947039 0.00086086453602983 0.00069151779799169 0.0005923395363736 0.00051509805787277 0.00044823577000062 0.00040049702745394 0.0003634650241014 0.00033514572606343 0.00030949601729336 0.00028855486774265 0.00026715281099636 0.00024926544913611 0.00023524776616557 0.0002191025160211 0.00021030587537963 0.00019996566517857
0.00050843926033368 0.00088625690340531 0.001262880947039 0.0016196813027691 0.0011221499056127 0.00090549211011885 0.00076491096877378 0.00066398301494693 0.00058639455121701 0.00053186160678254 0.00048543076117076 0.00044757578176273 0.00041408133124602 0.00038637504630161 0.00035966933415886 0.0003372288723045 0.00031840574041718 0.00030025910147434 0.00028593698550818 0.00027223337762829
0.00033333202504601 0.00065773349179894 0.00086086453602983 0.0011221499056127 0.001200517995952 0.00097624536078075 0.0008344553632722 0.00073125175654079 0.00065363578282829 0.00059673853839139 0.00054609001881222 0.00050724505024062 0.00047182857097149 0.00044215241329207 0.00041407156792726 0.00038925780374814 0.00036913033469394 0.00034889884287785 0.0003334980647127 0.00031831129411478
0.00028992339829 0.00056242568524672 0.00069151779799169 0.00090549211011885 0.00097624536078075 0.00096443547157089 0.00084771832128305 0.00075661256635358 0.00068379460452687 0.00062756954889572 0.00057665019292073 0.00053662538615063 0.00050079864248482 0.00047032868857147 0.00044180665675237 0.00041607665390125 0.00039535600905049 0.00037458406483105 0.00035797676920376 0.00034190272057868
0.00028286889302394 0.00048796637835298 0.0005923395363736 0.00076491096877378 0.0008344553632722 0.00084771832128305 0.00082140922492606 0.00075360694277705 0.00069422271120904 0.00064448305257624 0.00059838236894996 0.00056081110624313 0.00052658495805985 0.00049679562695409 0.0004691135060893 0.00044400905874934 0.00042288811287018 0.00040209617336332 0.00038520856546843 0.00036882518974687
0.0002587259384739 0.00042743758661989 0.00051509805787277 0.00066398301494693 0.00073125175654079 0.00075661256635358 0.00075360694277705 0.0007286135561483 0.00068523439722525 0.00064477595294359 0.00060509436690319 0.00057184965455998 0.00054077916452907 0.00051332026528736 0.00048728472371146 0.00046360679288149 0.0004431517511639 0.00042286935924793 0.00040655513915426 0.00039045782741648
0.00023708300802123 0.00037759882883724 0.00044823577000062 0.00058639455121701 0.00065363578282829 0.00068379460452687 0.00069422271120904 0.00068523439722525 0.00066315275793017 0.00063286465895768 0.00060047705536877 0.0005722589479045 0.00054510789325463 0.00052067242324088 0.00049695474701922 0.0004750772409272 0.00045594664227413 0.00043662596120677 0.00042120868077855 0.00040572677259177
0.00021558405375205 0.0003340686887481 0.00040049702745394 0.00053186160678254 0.00059673853839139 0.00062756954889572 0.00064448305257624 0.00064477595294359 0.00063286465895768 0.00061689522725641 0.0005910214154174 0.00056814918375855 0.00054501500322055 0.0005236322600828 0.00050247042935947 0.00048269235940525 0.00046504508030739 0.000446948687055 0.0004327104971102 0.00041811921175428
0.00019436949730772 0.00029900136577482 0.0003634650241014 0.00048543076117076 0.00054609001881222 0.00057665019292073 0.00059838236894996 0.00060509436690319 0.00060047705536877 0.0005910214154174 0.00057530218284957 0.00055712628053874 0.00053828140668057 0.0005202305511028 0.00050191057342337 0.00048445034853374 0.00046856658616951 0.00045199063891435 0.00043903909753972 0.0004255259861818
0.00017937334891279 0.00027234411665488 0.00033514572606343 0.00044757578176273 0.00050724505024062 0.00053662538615063 0.00056081110624313 0.00057184965455998 0.0005722589479045 0.00056814918375855 0.00055712628053874 0.0005448573874468 0.00052998499514682 0.00051499903589614 0.00049940850955421 0.00048418269753171 0.00047000136404352 0.00045492093875361 0.00044323543800405 0.00043079812026288
0.0001627127044248 0.00024747588498578 0.00030949601729336 0.00041408133124602 0.00047182857097149 0.00050079864248482 0.00052658495805985 0.00054077916452907 0.00054510789325463 0.00054501500322055 0.00053828140668057 0.00052998499514682 0.00051885959558047 0.0005068517117053 0.00049388769021281 0.00048083666270088 0.00046839072460578 0.00045487126825993 0.00044443074414509 0.00043310285645438
0.00014995038369102 0.00023083370587793 0.00028855486774265 0.00038637504630161 0.00044215241329207 0.00047032868857147 0.00049679562695409 0.00051332026528736 0.00052067242324088 0.0005236322600828 0.0005202305511028 0.00051499903589614 0.0005068517117053 0.00049975266582811 0.00048694396245448 0.00047592543327798 0.00046513202342313 0.00045309777696876 0.00044389658557881 0.00043366823384757
0.00014067723907229 0.0002095331039888 0.00026715281099636 0.00035966933415886 0.00041407156792726 0.00044180665675237 0.0004691135060893 0.00048728472371146 0.00049695474701922 0.00050247042935947 0.00050191057342337 0.00049940850955421 0.00049388769021281 0.00048694396245448 0.00047859024118968 0.00046950809000528 0.00046030965138287 0.00044973330903915 0.00044172889871187 0.00043258005967259
0.00013537882190237 0.00019127567772151 0.00024926544913611 0.0003372288723045 0.00038925780374814 0.00041607665390125 0.00044400905874934 0.00046360679288149 0.0004750772409272 0.00048269235940525 0.00048445034853374 0.00048418269753171 0.00048083666270088 0.00047592543327798 0.00046950809000528 0.00046369726620171 0.00045451164087515 0.00044533631871642 0.00043847739358123 0.00043038461116672
0.00012485824301056 0.00018098926392603 0.00023524776616557 0.00031840574041718 0.00036913033469394 0.00039535600905049 0.00042288811287018 0.0004431517511639 0.00045594664227413 0.00046504508030739 0.00046856658616951 0.00047000136404352 0.00046839072460578 0.00046513202342313 0.00046030965138287 0.00045451164087515 0.00044808344230391 0.00044013750746834 0.00043429086281765 0.00042714856794916
0.00011480479473572 0.0001678108268098 0.0002191025160211 0.00030025910147434 0.00034889884287785 0.00037458406483105 0.00040209617336332 0.00042286935924793 0.00043662596120677 0.000446948687055 0.00045199063891435 0.00045492093875361 0.00045487126825993 0.00045309777696876 0.00044973330903915 0.00044533631871642 0.00044013750746834 0.00043593150149745 0.00042856150224107 0.00042238045517776
0.00011150331601547 0.00015963781219406 0.00021030587537963 0.00028593698550818 0.0003334980647127 0.00035797676920376 0.00038520856546843 0.00040655513915426 0.00042120868077855 0.0004327104971102 0.00043903909753972 0.00044323543800405 0.00044443074414509 0.00044389658557881 0.00044172889871187 0.00043847739358123 0.00043429086281765 0.00042856150224107 0.00042454818229125 0.00041916139176943
0.00010557895607363 0.00015086348542846 0.00019996566517857 0.00027223337762829 0.00031831129411478 0.00034190272057868 0.00036882518974687 0.00039045782741648 0.00040572677259177 0.00041811921175428 0.0004255259861818 0.00043079812026288 0.00043310285645438 0.00043366823384757 0.00043258005967259 0.00043038461116672 0.00042714856794916 0.00042238045517776 0.00041916139176943 0.00041456190603632
