0.00020034057953592 0.0010389059702689 0.0010427218320874 0.00089501880272083 0.00076450441170806 0.00067708956401975 0.00063276080455756 0.00060025345447974 0.000578784165918 0.00056209624063343
0.0010389059702689 0.00045414717684788 0.00033438169084575 0.00029937265512813 0.00025629170979387 0.00022342478856625 0.00020879229002268 0.00019751143246551 0.00019084558637152 0.00018518055950817
0.0010427218320874 0.00033438169084575 0.00048437531460265 0.00032444214817481 0.00025277399461582 0.00022692473378203 0.00021397233127945 0.00020657629821819 0.00020166898421869 0.00019753731534372
0.00089501880272083 0.00029937265512813 0.00032444214817481 0.00033869073518731 0.0002585754110604 0.00021929145879692 0.00020425348859871 0.00019345625680902 0.00018581718970408 0.00017971179823596
0.00076450441170806 0.00025629170979387 0.00025277399461582 0.0002585754110604 0.00025938305162705 0.0002241030182418 0.00020579699381772 0.00019135460550842 0.00018051013746487 0.00017191773648394
0.00067708956401975 0.00022342478856625 0.00022692473378203 0.00021929145879692 0.0002241030182418 0.00021475705837718 0.00020358249431297 0.0001928943315639 0.00018341712662074 0.00017516894317934
0.00063276080455756 0.00020879229002268 0.00021397233127945 0.00020425348859871 0.00020579699381772 0.00020358249431297 0.00020030976579283 0.00019344223188651 0.00018561557746754 0.00017798861733766
0.00060025345447974 0.00019751143246551 0.00020657629821819 0.00019345625680902 0.00019135460550842 0.0001928943315639 0.00019344223188651 0.00019009319745899 0.00018436783482634 0.00017793917655403
0.000578784165918 0.00019084558637152 0.00020166898421869 0.00018581718970408 0.00018051013746487 0.00018341712662074 0.00018561557746754 0.00018436783482634 0.00018074638818151 0.00017586375660538
0.00056209624063343 0.00018518055950817 0.00019753731534372 0.00017971179823596 0.00017191773648394 0.00017516894317934 0.00017798861733766 0.00017793917655403 0.00017586375660538 0.00017235337557037
