0.10138373914728 0.00032720853224513 -0.00030892172551687 0.00020131010254239 -0.00015129280602878 0.00013451410930133 -0.00011698915363468 0.00010615203108821 -9.6357785931493e-05 8.7918709913337e-05
0.00032720853224513 0.0063473865717999 -0.0012542204032527 0.00082042710815937 -0.00038590613342138 0.00021300395534553 -0.00014435943114743 0.00014634818487575 -0.00016203152143032 0.00015327709119361
-0.00030892172551687 -0.0012542204032527 0.0078726095837832 -0.0018493735640388 0.0011472746641719 -0.0010566858216003 0.00064869399821701 -0.00048100002290308 0.00040629153021166 -0.00034540323216825
0.00020131010254239 0.00082042710815937 -0.0018493735640388 0.0056936164592027 -0.0022223192423326 0.0013762119585995 -0.00099667013723686 0.0007022688410774 -0.00054904835677934 0.00044060484370312
-0.00015129280602878 -0.00038590613342138 0.0011472746641719 -0.0022223192423326 0.0043339402325373 -0.0024301777044702 0.0016900655530066 -0.001310131185663 0.0010394478067969 -0.00085345801974796
0.00013451410930133 0.00021300395534553 -0.0010566858216003 0.0013762119585995 -0.0024301777044702 0.0031043858429561 -0.002195203180258 0.0017305639827281 -0.0014106621868203 0.0011781915758549
-0.00011698915363468 -0.00014435943114743 0.00064869399821701 -0.00099667013723686 0.0016900655530066 -0.002195203180258 0.0022148197192472 -0.0018594785540164 0.0015713157321379 -0.0013614226694946
0.00010615203108821 0.00014634818487575 -0.00048100002290308 0.0007022688410774 -0.001310131185663 0.0017305639827281 -0.0018594785540164 0.0018070207565203 -0.0016120549565217 0.0014361313854611
-9.6357785931493e-05 -0.00016203152143032 0.00040629153021166 -0.00054904835677934 0.0010394478067969 -0.0014106621868203 0.0015713157321379 -0.0016120549565217 0.001545006059053 -0.0014267406833127
8.7918709913337e-05 0.00015327709119361 -0.00034540323216825 0.00044060484370312 -0.00085345801974796 0.0011781915758549 -0.0013614226694946 0.0014361313854611 -0.0014267406833127 0.0013669735698449
