3.1415926535898 -0.050361729241534 -3.1209739534749 0.13939910496834 -3.1233231116927 0.015759253230423 -3.1357297149856 0.038394516421057 -3.1121816802313 0.028813363525836
0.050361729241534 3.1415926535898 -0.076729095240026 -3.084625067646 0.059830522323311 -2.9818608030867 0.14234181721249 -3.0120554023904 0.10338310445614 -3.0405011516175
3.1209739534749 0.076729095240026 3.1415926535898 0.049886572342446 -3.0513501138809 0.048974980164628 -3.131784008804 0.014065868780408 -3.1346415402808 0.012970062438602
-0.13939910496834 3.084625067646 -0.049886572342446 3.1415926535898 -0.027703751446173 3.1069632881336 -0.035258992895297 3.1022249022208 -0.047853463512355 3.0941559944705
3.1233231116927 -0.059830522323311 3.0513501138809 0.027703751446173 3.1415926535898 0.0057326061500036 -3.1284535600951 0.012852210296733 -3.1378615693778 0.0017844914289165
-0.015759253230423 2.9818608030867 -0.048974980164628 -3.1069632881336 -0.0057326061500036 3.1415926535898 0.0067565506139771 -3.1403099678709 -0.0077059263208561 3.1327152296112
3.1357297149856 -0.14234181721249 3.131784008804 0.035258992895297 3.1284535600951 -0.0067565506139771 3.1415926535898 -0.002426449308977 3.1350069672852 -0.007054854749953
-0.038394516421057 3.0120554023904 -0.014065868780408 -3.1022249022208 -0.012852210296733 3.1403099678709 0.002426449308977 3.1415926535898 -0.0024689916135815 3.1394883539324
3.1121816802313 -0.10338310445614 3.1346415402808 0.047853463512355 3.1378615693778 0.0077059263208561 -3.1350069672852 0.0024689916135815 3.1415926535898 0.00032061725433927
-0.028813363525836 3.0405011516175 -0.012970062438602 -3.0941559944705 -0.0017844914289165 -3.1327152296112 0.007054854749953 -3.1394883539324 -0.00032061725433927 3.1415926535898
