0.12426350678505 0.081149710246554 0.074578600691783 0.068831028365502 0.062860422753346 0.056815299417685 0.050930570975134 0.045388136417613 0.040297270877007 0.035714458365821 0.031650101884745 0.028096826460016 0.025011998661807 0.022360647104191 0.020071401978247 0.018116092499797 0.016457116526337 0.015018848448241 0.013797152765364 0.012726130718849
0.081149710246554 0.054539246786187 0.051275844227767 0.048329365030539 0.045030179858437 0.041493416712868 0.037897454666046 0.034388362352273 0.031064647745807 0.027987864656862 0.02518997582795 0.022676991270632 0.020443806913836 0.018476743376267 0.016739451991675 0.015216383277642 0.013899327042487 0.012730615117945 0.011715767633258 0.010809522679241
0.074578600691783 0.051275844227767 0.049128302509432 0.04713878717169 0.044682494784389 0.041865741299365 0.038862523671425 0.035822329508922 0.032853343172448 0.030029815338337 0.027399344682625 0.024979550310176 0.022781793632476 0.020803160877325 0.019020257422547 0.017423296166432 0.016016298373432 0.014744764938748 0.013619436470567 0.012598977848985
0.068831028365502 0.048329365030539 0.04713878717169 0.046003012459367 0.044325231275711 0.042195094095963 0.039775423980706 0.03721299383651 0.034620213087879 0.032079482663395 0.029649745333502 0.027358889533597 0.025231170604527 0.023273360233075 0.021474208471055 0.019829922590116 0.018353893472918 0.016997596304223 0.015775806727864 0.014651892078373
0.062860422753346 0.045030179858437 0.044682494784389 0.044325231275711 0.043387204324064 0.041935896273474 0.040116563943838 0.038066998700499 0.035898179526912 0.033695875816084 0.031526128691863 0.02942488451571 0.027426229831367 0.025545200595879 0.023781873520721 0.02213831001397 0.020634952879884 0.019231460185666 0.017945726622186 0.016746609677106
0.056815299417685 0.041493416712868 0.041865741299365 0.042195094095963 0.041935896273474 0.041130922770092 0.039903711297638 0.038378459469332 0.036660091459489 0.034833572159203 0.032968130476516 0.031105263937543 0.029285930190834 0.027531695157562 0.025852678336205 0.024256227833 0.022767711628272 0.021356162879782 0.02004180980844 0.01879931385617
0.050930570975134 0.037897454666046 0.038862523671425 0.039775423980706 0.040116563943838 0.039903711297638 0.039236760118277 0.038223381876681 0.036959072172801 0.035524635990482 0.033989166434029 0.032397250292291 0.030793982837383 0.029205616519907 0.027650726684778 0.026141117993326 0.024705152062836 0.023321586147366 0.022012305628425 0.020757676008968
0.045388136417613 0.034388362352273 0.035822329508922 0.03721299383651 0.038066998700499 0.038378459469332 0.038223381876681 0.037691474034316 0.036866567004209 0.035822839518103 0.034626567078109 0.033323196334533 0.031959572960332 0.030564860205596 0.029164366355942 0.027773393363717 0.026421610404894 0.025097234673534 0.023823203575269 0.02258519861654
0.040297270877007 0.031064647745807 0.032853343172448 0.034620213087879 0.035898179526912 0.036660091459489 0.036959072172801 0.036866567004209 0.036453556696109 0.03578587412991 0.034924979432154 0.033915300446373 0.032803440590044 0.031619868786471 0.030394928180453 0.02914642773947 0.027903934696546 0.026664425337119 0.025451406640586 0.024255264927765
0.035714458365821 0.027987864656862 0.030029815338337 0.032079482663395 0.033695875816084 0.034833572159203 0.035524635990482 0.035822839518103 0.03578587412991 0.035470297898413 0.034931253786337 0.034210715109663 0.033353429230853 0.032389800810679 0.031353614331849 0.030264230618704 0.02914998517861 0.028015661562418 0.026884881639477 0.025752057288648
0.031650101884745 0.02518997582795 0.027399344682625 0.029649745333502 0.031526128691863 0.032968130476516 0.033989166434029 0.034626567078109 0.034924979432154 0.034931253786337 0.034696668105438 0.034249903780872 0.033642313056806 0.032899899611762 0.032058475730836 0.031138106309976 0.030165003025906 0.029150675815472 0.028118489224929 0.027066154710975
0.028096826460016 0.022676991270632 0.024979550310176 0.027358889533597 0.02942488451571 0.031105263937543 0.032397250292291 0.033323196334533 0.033915300446373 0.034210715109663 0.034249903780872 0.034066762959098 0.033699118913555 0.033174116825367 0.032528383618432 0.031781937422922 0.030958237992407 0.030074393757247 0.029153208275711 0.028194982870899
0.025011998661807 0.020443806913836 0.022781793632476 0.025231170604527 0.027426229831367 0.029285930190834 0.030793982837383 0.031959572960332 0.032803440590044 0.033353429230853 0.033642313056806 0.033699118913555 0.033557294467275 0.033241097007089 0.032787137266112 0.03221469809712 0.031544057278241 0.030796797078703 0.029994930097205 0.029140672972624
0.022360647104191 0.018476743376267 0.020803160877325 0.023273360233075 0.025545200595879 0.027531695157562 0.029205616519907 0.030564860205596 0.031619868786471 0.032389800810679 0.032899899611762 0.033174116825367 0.033241097007089 0.033122220209364 0.032852602569066 0.032450710939985 0.031933257377006 0.031325290666778 0.030647790721725 0.029904294243888
0.020071401978247 0.016739451991675 0.019020257422547 0.021474208471055 0.023781873520721 0.025852678336205 0.027650726684778 0.029164366355942 0.030394928180453 0.031353614331849 0.032058475730836 0.032528383618432 0.032787137266112 0.032852602569066 0.03275873273094 0.032521749642746 0.032155275366668 0.031686742211955 0.031135992075517 0.030507353603176
0.018116092499797 0.015216383277642 0.017423296166432 0.019829922590116 0.02213831001397 0.024256227833 0.026141117993326 0.027773393363717 0.02914642773947 0.030264230618704 0.031138106309976 0.031781937422922 0.03221469809712 0.032450710939985 0.032521749642746 0.032447494802205 0.032222705718128 0.031891593586137 0.031467748190125 0.030955836897239
0.016457116526337 0.013899327042487 0.016016298373432 0.018353893472918 0.020634952879884 0.022767711628272 0.024705152062836 0.026421610404894 0.027903934696546 0.02914998517861 0.030165003025906 0.030958237992407 0.031544057278241 0.031933257377006 0.032155275366668 0.032222705718128 0.032142231414069 0.031942942497005 0.031643114665925 0.031247002649458
0.015018848448241 0.012730615117945 0.014744764938748 0.016997596304223 0.019231460185666 0.021356162879782 0.023321586147366 0.025097234673534 0.026664425337119 0.028015661562418 0.029150675815472 0.030074393757247 0.030796797078703 0.031325290666778 0.031686742211955 0.031891593586137 0.031942942497005 0.031871580926149 0.03169227697616 0.031410373376076
0.013797152765364 0.011715767633258 0.013619436470567 0.015775806727864 0.017945726622186 0.02004180980844 0.022012305628425 0.023823203575269 0.025451406640586 0.026884881639477 0.028118489224929 0.029153208275711 0.029994930097205 0.030647790721725 0.031135992075517 0.031467748190125 0.031643114665925 0.03169227697616 0.03162975486695 0.031459119035277
0.012726130718849 0.010809522679241 0.012598977848985 0.014651892078373 0.016746609677106 0.01879931385617 0.020757676008968 0.02258519861654 0.024255264927765 0.025752057288648 0.027066154710975 0.028194982870899 0.029140672972624 0.029904294243888 0.030507353603176 0.030955836897239 0.031247002649458 0.031410373376076 0.031459119035277 0.031396321864304
