0.011289515118951 0.001469663285154 0.00026643660936474 0.00059565933551808 0.00022400757946652 0.00020775578450249 0.0002562790131942 0.00013797602077438 4.5113669555217e-05 0.00012552758469718
0.001469663285154 0.0045850521918363 0.0019909531024764 0.0014667389841984 0.0010637223082099 0.00084436313835498 0.00068638126794617 0.00054449429356322 0.00044464389346736 0.00037913499259221
0.00026643660936474 0.0019909531024764 0.003402925686458 0.0020509667566377 0.0016420194888883 0.0012421599701035 0.0010355041944831 0.00094520601533652 0.00089309384549651 0.00083042636867246
0.00059565933551808 0.0014667389841984 0.0020509667566377 0.0023257100731361 0.0017239710560779 0.0013458706259884 0.0011263907434467 0.0010011285901274 0.00092484489064755 0.00084785232432129
0.00022400757946652 0.0010637223082099 0.0016420194888883 0.0017239710560779 0.0018255969780601 0.0014879918150054 0.0012915834253405 0.0011518620351434 0.0010568606477508 0.00096574673216519
0.00020775578450249 0.00084436313835498 0.0012421599701035 0.0013458706259884 0.0014879918150054 0.0013726134656202 0.0012084597921048 0.0010857502278871 0.00098922547462941 0.00090445881807391
0.0002562790131942 0.00068638126794617 0.0010355041944831 0.0011263907434467 0.0012915834253405 0.0012084597921048 0.0011307314556823 0.0010365932096322 0.00095557726845257 0.00088101075465465
0.00013797602077438 0.00054449429356322 0.00094520601533652 0.0010011285901274 0.0011518620351434 0.0010857502278871 0.0010365932096322 0.00099570162161598 0.00093826064310437 0.00088031059446933
4.5113669555217e-05 0.00044464389346736 0.00089309384549651 0.00092484489064755 0.0010568606477508 0.00098922547462941 0.00095557726845257 0.00093826064310437 0.00090981706944379 0.00086887515880003
0.00012552758469718 0.00037913499259221 0.00083042636867246 0.00084785232432129 0.00096574673216519 0.00090445881807391 0.00088101075465465 0.00088031059446933 0.00086887515880003 0.00084443474600077
