0.0030036284196419 0.0068253802935914 0.0058328241646247 0.0051468354122191 0.004604155670968 0.0041434197208033 0.0037671433171706 0.0034516893556535 0.0031873144403072 0.0029578199905318 0.0027744510271163 0.0026125771988797 0.0024726728242829 0.0023441155900749 0.0022428538538696 0.002147562723132 0.0020609279907654 0.0019827921920834 0.0019164474321599 0.0018489927260167
0.0068253802935914 0.033109530552475 0.01383068454019 0.0073869857961514 0.0040180127980333 0.0020795054000464 0.0010048463560232 0.00039985805580305 0.00035299442001399 0.00059936245237111 0.000764843186916 0.00089406550232467 0.00098329002997711 0.0010648637789379 0.0010785512969807 0.0010987163112641 0.0011253258685036 0.0011402655467015 0.0011249964415896 0.0011256850788919
0.0058328241646247 0.01383068454019 0.024246015726495 0.01794012944107 0.013228759837982 0.0096986963442131 0.0071668653926379 0.00535626347559 0.0040323228871835 0.0030232917384122 0.0022815300925519 0.0016951313432642 0.0012387392283943 0.00086458723456888 0.00059050090155479 0.00036432511135653 0.00018127307971364 0.00014682149030334 0.00016476233022707 0.00028070211487352
0.0051468354122191 0.0073869857961514 0.01794012944107 0.019928059225123 0.017830505698577 0.015058006684847 0.012484605947641 0.010306615981327 0.0085237315083273 0.0070595182769436 0.0058900372534466 0.0049255812778924 0.0041396198766245 0.0034670287573429 0.0029630050194313 0.0025251131396253 0.002154579500429 0.0018474467455954 0.0015873103473658 0.0013589328735603
0.004604155670968 0.0040180127980333 0.013228759837982 0.017830505698577 0.018656563839328 0.017489176725292 0.015700899096178 0.013827834218565 0.012090893936073 0.010548215818699 0.0092244845646684 0.0080844951844867 0.0071148820468153 0.0062613006034304 0.0055857166547246 0.0049867998508805 0.0044687562298805 0.0040191438544431 0.0036350601212186 0.0033019298523394
0.0041434197208033 0.0020795054000464 0.0096986963442131 0.015058006684847 0.017489176725292 0.017805025574571 0.017019016825026 0.015759763278453 0.014366972712684 0.012999865218478 0.0117342342974 0.01058980329856 0.0095741269581834 0.0086543920886049 0.0078908710842546 0.0072010130714937 0.0065936595168777 0.0060518403226147 0.0055796268322988 0.0051644298824021
0.0037671433171706 0.0010048463560232 0.0071668653926379 0.012484605947641 0.015700899096178 0.017019016825026 0.017108117702585 0.0165020336744 0.015560901166074 0.014493154135858 0.013408923818711 0.012369888081878 0.011404038706965 0.010503032416587 0.0097192099432667 0.0089977990246053 0.0083503139961152 0.0077595827574064 0.007236699848633 0.0067685520990391
0.0034516893556535 0.00039985805580305 0.00535626347559 0.010306615981327 0.013827834218565 0.015759763278453 0.0165020336744 0.016467478128115 0.015978086703104 0.01525007992074 0.014407511666536 0.013538106359178 0.012684988651077 0.011861138924255 0.011109878754134 0.010403984310293 0.0097574025733398 0.0091544188157907 0.0086132008657677 0.0081183403229611
0.0031873144403072 0.00035299442001399 0.0040323228871835 0.0085237315083273 0.012090893936073 0.014366972712684 0.015560901166074 0.015978086703104 0.015886756760519 0.015486959163916 0.014900695656186 0.014228398262738 0.013521749311896 0.012809718727236 0.012126911281478 0.01146986759406 0.010854352163327 0.010267149012491 0.0097327548843763 0.009233637514589
0.0029578199905318 0.00059936245237111 0.0030232917384122 0.0070595182769436 0.010548215818699 0.012999865218478 0.014493154135858 0.01525007992074 0.015486959163916 0.01539275208723 0.01503697903321 0.014564765746617 0.014017021066015 0.013433045537538 0.012840277068515 0.012253297663063 0.011689328659642 0.011138030352819 0.010628513416199 0.010142873790534
0.0027744510271163 0.000764843186916 0.0022815300925519 0.0058900372534466 0.0092244845646684 0.0117342342974 0.013408923818711 0.014407511666536 0.014900695656186 0.01503697903321 0.014912957932306 0.014628846515259 0.014238482185619 0.01378657886358 0.013295013292359 0.012790697064767 0.012291815976153 0.011790659993859 0.011319756141929 0.01086171157089
0.0026125771988797 0.00089406550232467 0.0016951313432642 0.0049255812778924 0.0080844951844867 0.01058980329856 0.012369888081878 0.013538106359178 0.014228398262738 0.014564765746617 0.014628846515259 0.014514452920372 0.014272066789191 0.013948170876613 0.013560642621235 0.013143883200312 0.012716673913326 0.012273575292685 0.011849349723223 0.011427833727198
0.0024726728242829 0.00098329002997711 0.0012387392283943 0.0041396198766245 0.0071148820468153 0.0095741269581834 0.011404038706965 0.012684988651077 0.013521749311896 0.014017021066015 0.014238482185619 0.014272066789191 0.014163698875299 0.013958987173265 0.013672942101877 0.013343849601312 0.012990612973667 0.012609588969894 0.012236910098236 0.011857804972226
0.0023441155900749 0.0010648637789379 0.00086458723456888 0.0034670287573429 0.0062613006034304 0.0086543920886049 0.010503032416587 0.011861138924255 0.012809718727236 0.013433045537538 0.01378657886358 0.013948170876613 0.013958987173265 0.013911894724374 0.013672431721573 0.013427675097313 0.013147326181236 0.012829052640078 0.012509533980614 0.012175714233109
0.0022428538538696 0.0010785512969807 0.00059050090155479 0.0029630050194313 0.0055857166547246 0.0078908710842546 0.0097192099432667 0.011109878754134 0.012126911281478 0.012840277068515 0.013295013292359 0.013560642621235 0.013672942101877 0.013672431721573 0.013572616750183 0.013404513112385 0.013194562541994 0.012938587425279 0.012673471062445 0.012387031332512
0.002147562723132 0.0010987163112641 0.00036432511135653 0.0025251131396253 0.0049867998508805 0.0072010130714937 0.0089977990246053 0.010403984310293 0.01146986759406 0.012253297663063 0.012790697064767 0.013143883200312 0.013343849601312 0.013427675097313 0.013404513112385 0.013313604266987 0.013168431283529 0.012971927503408 0.012759467287291 0.012519830498814
0.0020609279907654 0.0011253258685036 0.00018127307971364 0.002154579500429 0.0044687562298805 0.0065936595168777 0.0083503139961152 0.0097574025733398 0.010854352163327 0.011689328659642 0.012291815976153 0.012716673913326 0.012990612973667 0.013147326181236 0.013194562541994 0.013168431283529 0.013090085048041 0.012944284655586 0.012781940566092 0.012587537735131
0.0019827921920834 0.0011402655467015 0.00014682149030334 0.0018474467455954 0.0040191438544431 0.0060518403226147 0.0077595827574064 0.0091544188157907 0.010267149012491 0.011138030352819 0.011790659993859 0.012273575292685 0.012609588969894 0.012829052640078 0.012938587425279 0.012971927503408 0.012944284655586 0.012877349994484 0.012740478325993 0.012589583230741
0.0019164474321599 0.0011249964415896 0.00016476233022707 0.0015873103473658 0.0036350601212186 0.0055796268322988 0.007236699848633 0.0086132008657677 0.0097327548843763 0.010628513416199 0.011319756141929 0.011849349723223 0.012236910098236 0.012509533980614 0.012673471062445 0.012759467287291 0.012781940566092 0.012740478325993 0.012686368091957 0.01255941656387
0.0018489927260167 0.0011256850788919 0.00028070211487352 0.0013589328735603 0.0033019298523394 0.0051644298824021 0.0067685520990391 0.0081183403229611 0.009233637514589 0.010142873790534 0.01086171157089 0.011427833727198 0.011857804972226 0.012175714233109 0.012387031332512 0.012519830498814 0.012587537735131 0.012589583230741 0.01255941656387 0.01248767175493
