0.00035944497778374 0.00028001671413804 0.00022890034292238 0.00018195541536227 0.00015724657421612 0.00013816893123208 0.00012738529175862 0.00012040322934559 0.00011544403886133 0.00011137170584448
0.00028001671413804 0.00021848426135619 0.00017585691745595 0.00014495485705967 0.00012877649365918 0.00011517348099777 0.00010704386930357 0.00010096957601778 9.6589102107738e-05 9.30183710638e-05
0.00022890034292238 0.00017585691745595 0.00014102234492287 0.00011747506407026 0.0001028449540698 9.1335258000617e-05 8.3556606360458e-05 7.8418783469706e-05 7.4895267914439e-05 7.2261675750448e-05
0.00018195541536227 0.00014495485705967 0.00011747506407026 9.6605130160446e-05 8.5918856980342e-05 7.5804530086318e-05 6.9264195245762e-05 6.4759813986959e-05 6.1803206607481e-05 5.9544883137509e-05
0.00015724657421612 0.00012877649365918 0.0001028449540698 8.5918856980342e-05 7.6023695753044e-05 6.6315356556663e-05 6.0524689110302e-05 5.6467629965478e-05 5.3774098037807e-05 5.1815428549823e-05
0.00013816893123208 0.00011517348099777 9.1335258000617e-05 7.5804530086318e-05 6.6315356556663e-05 5.8087752160514e-05 5.3509631305044e-05 5.0326083611198e-05 4.8213420279439e-05 4.6672549880658e-05
0.00012738529175862 0.00010704386930357 8.3556606360458e-05 6.9264195245762e-05 6.0524689110302e-05 5.3509631305044e-05 4.9589196719377e-05 4.6975919908531e-05 4.527154805941e-05 4.4017040831473e-05
0.00012040322934559 0.00010096957601778 7.8418783469706e-05 6.4759813986959e-05 5.6467629965478e-05 5.0326083611198e-05 4.6975919908531e-05 4.4866271396482e-05 4.3565197042709e-05 4.2606709225227e-05
0.00011544403886133 9.6589102107738e-05 7.4895267914439e-05 6.1803206607481e-05 5.3774098037807e-05 4.8213420279439e-05 4.527154805941e-05 4.3565197042709e-05 4.2525324715285e-05 4.1756507998884e-05
0.00011137170584448 9.30183710638e-05 7.2261675750448e-05 5.9544883137509e-05 5.1815428549823e-05 4.6672549880658e-05 4.4017040831473e-05 4.2606709225227e-05 4.1756507998884e-05 4.1119488175671e-05
