0.011451663974151 -0.002797671420902 0.0017126510987408 -0.0024765698906233 0.0024121186609171 -0.0020334563405276 0.002047288810304 -0.0018194288629779 0.0017087273428514 -0.0015798213724895
-0.002797671420902 0.0091947604787381 -0.0028124151850326 0.0022871616040324 -0.0014589526405461 0.0013304996089519 -0.0012279830329262 0.0011316651782595 -0.0010701475045888 0.00099430879557586
0.0017126510987408 -0.0028124151850326 0.0090933151386095 -0.0052647918537586 0.0038188527225996 -0.00302335590306 0.0026216740111997 -0.0022014054709906 0.0018918829079094 -0.0016676457032203
-0.0024765698906233 0.0022871616040324 -0.0052647918537586 0.0094024647554482 -0.0073680675869654 0.0061280483530651 -0.0050059572941654 0.0042007060719756 -0.0035885325314796 0.0031646047828864
0.0024121186609171 -0.0014589526405461 0.0038188527225996 -0.0073680675869654 0.0075593049915434 -0.0066198283432016 0.0056079332504347 -0.0046782011498183 0.0040047716362512 -0.0035065954138791
-0.0020334563405276 0.0013304996089519 -0.00302335590306 0.0061280483530651 -0.0066198283432016 0.0064891350093694 -0.005682375008193 0.0048760054300597 -0.0042246795279063 0.0037301974386517
0.002047288810304 -0.0012279830329262 0.0026216740111997 -0.0050059572941654 0.0056079332504347 -0.005682375008193 0.0052849542465257 -0.0046937295713365 0.0041816241261035 -0.003750833385913
-0.0018194288629779 0.0011316651782595 -0.0022014054709906 0.0042007060719756 -0.0046782011498183 0.0048760054300597 -0.0046937295713365 0.0043446992491733 -0.0039845646077772 0.0036555451848365
0.0017087273428514 -0.0010701475045888 0.0018918829079094 -0.0035885325314796 0.0040047716362512 -0.0042246795279063 0.0041816241261035 -0.0039845646077772 0.0037583807415276 -0.0035254883183319
-0.0015798213724895 0.00099430879557586 -0.0016676457032203 0.0031646047828864 -0.0035065954138791 0.0037301974386517 -0.003750833385913 0.0036555451848365 -0.0035254883183319 0.0033770982971988
