0.00043859574638612 0.00033390244728464 0.00026513648264765 0.00021786377708215 0.00019523137992941 0.0001827890901083 0.00017372627673442 0.00016649214903781 0.00016037377672417 0.0001552015693368
0.00033390244728464 0.00023922276243297 0.00019209810253069 0.00016163805107766 0.00014596729724898 0.000137282310694 0.00013112160075819 0.00012615663619303 0.00012181956715273 0.00011795195840912
0.00026513648264765 0.00019209810253069 0.00014905066881586 0.000125501411691 0.00011300926495487 0.00010626652808442 0.00010189782454512 9.8400002954312e-05 9.5370770391824e-05 9.2606578953717e-05
0.00021786377708215 0.00016163805107766 0.000125501411691 0.00010107201989236 9.2364871794107e-05 8.8508151496207e-05 8.5571955062374e-05 8.3151479464479e-05 8.0964483417901e-05 7.8917593442076e-05
0.00019523137992941 0.00014596729724898 0.00011300926495487 9.2364871794107e-05 8.4565993788722e-05 8.114018406766e-05 7.8386528623137e-05 7.6040874415564e-05 7.396597074495e-05 7.2090222750582e-05
0.0001827890901083 0.000137282310694 0.00010626652808442 8.8508151496207e-05 8.114018406766e-05 7.7711990787954e-05 7.5117310503162e-05 7.2915520430914e-05 7.0960009133987e-05 6.9183474238415e-05
0.00017372627673442 0.00013112160075819 0.00010189782454512 8.5571955062374e-05 7.8386528623137e-05 7.5117310503162e-05 7.2688081696817e-05 7.0648429060059e-05 6.8835212962234e-05 6.7179091305087e-05
0.00016649214903781 0.00012615663619303 9.8400002954312e-05 8.3151479464479e-05 7.6040874415564e-05 7.2915520430914e-05 7.0648429060059e-05 6.8757099679942e-05 6.7067122193144e-05 6.5515416161434e-05
0.00016037377672417 0.00012181956715273 9.5370770391824e-05 8.0964483417901e-05 7.396597074495e-05 7.0960009133987e-05 6.8835212962234e-05 6.7067122193144e-05 6.5485783888339e-05 6.4030804558134e-05
0.0001552015693368 0.00011795195840912 9.2606578953717e-05 7.8917593442076e-05 7.2090222750582e-05 6.9183474238415e-05 6.7179091305087e-05 6.5515416161434e-05 6.4030804558134e-05 6.2669221848187e-05
