0.013077582494941 0.0045252363018131 0.0030230108810419 0.001843085638817 0.0015342603569058 0.001205335508984 0.00098745018511871 0.00082147495302653 0.0006664966965834 0.00052732047628835
0.0045252363018131 0.013349847035175 0.0049668827780248 0.0034417062861622 0.0024301051884288 0.0018387077988641 0.0014798784305418 0.0012043713961275 0.0010251421339853 0.00088415488809434
0.0030230108810419 0.0049668827780248 0.0104447622585 0.0060568659859783 0.0044277594879784 0.0034258445965738 0.0027504437695354 0.0022805315413968 0.0019078310040728 0.0015926469746092
0.001843085638817 0.0034417062861622 0.0060568659859783 0.0079573439781148 0.0059170475456613 0.0046959635966649 0.0038087877138503 0.0031438381595377 0.002630588631958 0.0022176587306607
0.0015342603569058 0.0024301051884288 0.0044277594879784 0.0059170475456613 0.0063208905051345 0.0054658854200467 0.0047033787591931 0.0040227959493163 0.0034532262476277 0.0029844541741468
0.001205335508984 0.0018387077988641 0.0034258445965738 0.0046959635966649 0.0054658854200467 0.0054908905428546 0.0050291749905712 0.004481691231052 0.0039671895943116 0.0035194027005063
0.00098745018511871 0.0014798784305418 0.0027504437695354 0.0038087877138503 0.0047033787591931 0.0050291749905712 0.0049708656357919 0.0046466206876645 0.004260667744746 0.0038841856425518
0.00082147495302653 0.0012043713961275 0.0022805315413968 0.0031438381595377 0.0040227959493163 0.004481691231052 0.0046466206876645 0.0045499812070409 0.0043151664709846 0.0040378781815971
0.0006664966965834 0.0010251421339853 0.0019078310040728 0.002630588631958 0.0034532262476277 0.0039671895943116 0.004260667744746 0.0043151664709846 0.0042194569851261 0.0040459530365931
0.00052732047628835 0.00088415488809434 0.0015926469746092 0.0022176587306607 0.0029844541741468 0.0035194027005063 0.0038841856425518 0.0040378781815971 0.0040459530365931 0.0039675956874078
