0.040841460835557 0.016833411661658 0.0087861876163387 0.0050454554575301 0.0039891329874318 0.0037456115819577 0.0037071320220453 0.0037157581503014 0.0037426167703413 0.0038061963383055
0.016833411661658 0.033474890534289 0.01776990044724 0.011218833589555 0.0068006919652442 0.0042144643936133 0.0025693509171827 0.0014686657958311 0.00075136978361657 0.00024316854634096
0.0087861876163387 0.01776990044724 0.020627189443111 0.01651795194598 0.012654523866821 0.0095053532243977 0.007107363168971 0.0052298166444586 0.0037329484776815 0.0025587915163407
0.0050454554575301 0.011218833589555 0.01651795194598 0.016928289255197 0.015294864425002 0.01312049067822 0.010987697543762 0.0090526554554036 0.0073644035093254 0.0059370885978855
0.0039891329874318 0.0068006919652442 0.012654523866821 0.015294864425002 0.015679122966627 0.014720620757689 0.013259066567928 0.011654546438415 0.010098893309477 0.0086871402788352
0.0037456115819577 0.0042144643936133 0.0095053532243977 0.01312049067822 0.014720620757689 0.01478953513756 0.014061671936541 0.012949125746045 0.011709726544758 0.010487506658417
0.0037071320220453 0.0025693509171827 0.007107363168971 0.010987697543762 0.013259066567928 0.014061671936541 0.01397204846407 0.013354248169786 0.012483002290486 0.011523728457963
0.0037157581503014 0.0014686657958311 0.0052298166444586 0.0090526554554036 0.011654546438415 0.012949125746045 0.013354248169786 0.01316979413987 0.012654920771953 0.011975493984112
0.0037426167703413 0.00075136978361657 0.0037329484776815 0.0073644035093254 0.010098893309477 0.011709726544758 0.012483002290486 0.012654920771953 0.012458305929898 0.01204675907549
0.0038061963383055 0.00024316854634096 0.0025587915163407 0.0059370885978855 0.0086871402788352 0.010487506658417 0.011523728457963 0.011975493984112 0.01204675907549 0.011873974668691
