0.075251442650085 0.039409615704134 0.032216471746381 0.027701273936766 0.024321210050783 0.021638031091824 0.019441743974094 0.017606400167718 0.016050955708142 0.0147108986501 0.01354847520046 0.012534883274775 0.011643807769513 0.010850262256739 0.010146062730974 0.0095161810405854 0.0089551916482485 0.0084438718300319 0.0079770936833859 0.0075576529449711
0.039409615704134 0.022596363661835 0.019614902475003 0.017648192402146 0.01604975797634 0.014681113354653 0.013486953880531 0.012434759828505 0.011502477592152 0.010669357034469 0.0099230262066151 0.0092524427063183 0.0086474159758829 0.008096629499492 0.0075974522920594 0.0071419577999425 0.0067307850913205 0.0063442485044786 0.0059938039220896 0.0056688395437993
0.032216471746381 0.019614902475003 0.017802537889226 0.016605774260464 0.015555173792536 0.01458099047068 0.013670843816361 0.012822309631651 0.012034466481829 0.011302740989234 0.010625334193147 0.0099986089610703 0.0094199849337858 0.008881485194011 0.0083841078460976 0.0079225835861483 0.0074986543857276 0.0070952258194868 0.006726874777314 0.0063804651472356
0.027701273936766 0.017648192402146 0.016605774260464 0.015970593907707 0.015353586352914 0.014712779212642 0.014056226308608 0.013398463570459 0.012752176905207 0.012123929785175 0.011520243063393 0.010943543836987 0.010397796633299 0.0098775919655177 0.009387588538191 0.0089250835305181 0.0084922537996254 0.0080767825155249 0.0076924182035397 0.0073274118456264
0.024321210050783 0.01604975797634 0.015555173792536 0.015353586352914 0.015097705052595 0.014753480868806 0.014336377721378 0.01386917942417 0.013372567248935 0.012860384200423 0.012345291776417 0.011834487663657 0.01133724388306 0.010850441181448 0.010381988534852 0.0099316412416932 0.0095018834177955 0.0090858258376655 0.0086947419697565 0.0083199196420331
0.021638031091824 0.014681113354653 0.01458099047068 0.014712779212642 0.014753480868806 0.014667560160516 0.014470370132318 0.01418706549868 0.013841989611503 0.013453168226841 0.013037221294391 0.012604832168359 0.012169239472162 0.011729311614206 0.011295568609576 0.010870011459945 0.010455490052838 0.010050067871388 0.009662382589597 0.0092871175157855
0.019441743974094 0.013486953880531 0.013670843816361 0.014056226308608 0.014336377721378 0.014470370132318 0.014469528718694 0.014357703607645 0.014159802036649 0.013895668167111 0.013583974429675 0.013237714177454 0.012872840698528 0.012489842019703 0.01210115900762 0.011710749121754 0.011321894417172 0.010936711247515 0.010561670521055 0.010194600939582
0.017606400167718 0.012434759828505 0.012822309631651 0.013398463570459 0.01386917942417 0.01418706549868 0.014357703607645 0.014401602351636 0.014342126564879 0.014199315668543 0.01399237397858 0.013735596410696 0.013446585618314 0.013127057715352 0.012790723405786 0.012443173865918 0.012088139725272 0.01173083565197 0.011376187482863 0.011024689596561
0.016050955708142 0.011502477592152 0.012034466481829 0.012752176905207 0.013372567248935 0.013841989611503 0.014159802036649 0.014342126564879 0.014409836183031 0.014381579775188 0.014276354316389 0.014108846554272 0.013897467189133 0.013644783590056 0.013365207106636 0.013065642576344 0.012750218102339 0.01242644934535 0.012098210373067 0.011768169120535
0.0147108986501 0.010669357034469 0.011302740989234 0.012123929785175 0.012860384200423 0.013453168226841 0.013895668167111 0.014199315668543 0.014381579775188 0.014459741023332 0.014451021378917 0.014370275230102 0.014236004760709 0.014051293656595 0.013830776491129 0.013582374965218 0.013310511381071 0.013024375127148 0.012727134054504 0.012423179426705
0.01354847520046 0.0099230262066151 0.010625334193147 0.011520243063393 0.012345291776417 0.013037221294391 0.013583974429675 0.01399237397858 0.014276354316389 0.014451021378917 0.01453251602283 0.014533581593641 0.014473799842828 0.014356062893644 0.01419485218612 0.013998842073697 0.013772623053633 0.013526577966656 0.013263383532842 0.012988771902097
0.012534883274775 0.0092524427063183 0.0099986089610703 0.010943543836987 0.011834487663657 0.012604832168359 0.013237714177454 0.013735596410696 0.014108846554272 0.014370275230102 0.014533581593641 0.014612835946794 0.014622912922197 0.014569922524271 0.014466991293884 0.014323315842343 0.014143533041665 0.013938862222711 0.013711610399158 0.013468538550944
0.011643807769513 0.0086474159758829 0.0094199849337858 0.010397796633299 0.01133724388306 0.012169239472162 0.012872840698528 0.013446585618314 0.013897467189133 0.014236004760709 0.014473799842828 0.014622912922197 0.014700308907398 0.014708658413933 0.014661909687259 0.014569399530558 0.014435713162213 0.014272643089548 0.014082201228964 0.01387184284821
0.010850262256739 0.008096629499492 0.008881485194011 0.0098775919655177 0.010850441181448 0.011729311614206 0.012489842019703 0.013127057715352 0.013644783590056 0.014051293656595 0.014356062893644 0.014569922524271 0.014708658413933 0.0147753013667 0.014782272418637 0.014739410257475 0.014651089140914 0.014529474864835 0.014376290617225 0.014199489743923
0.010146062730974 0.0075974522920594 0.0083841078460976 0.009387588538191 0.010381988534852 0.011295568609576 0.01210115900762 0.012790723405786 0.013365207106636 0.013830776491129 0.01419485218612 0.014466991293884 0.014661909687259 0.014782272418637 0.014839745664474 0.01484404577026 0.014799361006613 0.014718068923473 0.014601622694976 0.01445827968876
0.0095161810405854 0.0071419577999425 0.0079225835861483 0.0089250835305181 0.0099316412416932 0.010870011459945 0.011710749121754 0.012443173865918 0.013065642576344 0.013582374965218 0.013998842073697 0.014323315842343 0.014569399530558 0.014739410257475 0.01484404577026 0.014893726981933 0.014890038888326 0.014847727573665 0.014767218642085 0.014656942127493
0.0089551916482485 0.0067307850913205 0.0074986543857276 0.0084922537996254 0.0095018834177955 0.010455490052838 0.011321894417172 0.012088139725272 0.012750218102339 0.013310511381071 0.013772623053633 0.014143533041665 0.014435713162213 0.014651089140914 0.014799361006613 0.014890038888326 0.01492984180787 0.014921585886962 0.014875841355749 0.014797841420523
0.0084438718300319 0.0063442485044786 0.0070952258194868 0.0080767825155249 0.0090858258376655 0.010050067871388 0.010936711247515 0.01173083565197 0.01242644934535 0.013024375127148 0.013526577966656 0.013938862222711 0.014272643089548 0.014529474864835 0.014718068923473 0.014847727573665 0.014921585886962 0.014956395502458 0.014939712943127 0.014893020275506
0.0079770936833859 0.0059938039220896 0.006726874777314 0.0076924182035397 0.0086947419697565 0.009662382589597 0.010561670521055 0.011376187482863 0.012098210373067 0.012727134054504 0.013263383532842 0.013711610399158 0.014082201228964 0.014376290617225 0.014601622694976 0.014767218642085 0.014875841355749 0.014939712943127 0.014959330294245 0.014942625133915
0.0075576529449711 0.0056688395437993 0.0063804651472356 0.0073274118456264 0.0083199196420331 0.0092871175157855 0.010194600939582 0.011024689596561 0.011768169120535 0.012423179426705 0.012988771902097 0.013468538550944 0.01387184284821 0.014199489743923 0.01445827968876 0.014656942127493 0.014797841420523 0.014893020275506 0.014942625133915 0.014958085710894
