0.00015324381945357 0.00074439504623921 0.00081730628804452 0.00078027658867384 0.00063671026235373 0.00051547716408567 0.00043585072006921 0.00038944998570148 0.00036233678706433 0.00033970172353586
0.00074439504623921 0.00022942004356246 0.00019399778584428 0.00018285179061038 0.00014630682309831 0.00011863673254341 0.00010044579425982 8.9142489011234e-05 8.3170742832623e-05 7.7842948119083e-05
0.00081730628804452 0.00019399778584428 0.00029039137680079 0.00019996375410054 0.00016254304274015 0.00013297510043489 0.00011012489004977 9.7899136078172e-05 9.211568315666e-05 8.6278030729513e-05
0.00078027658867384 0.00018285179061038 0.00019996375410054 0.00026064297613942 0.00016428739903938 0.00012306966095774 0.00010524991399921 9.9222462018689e-05 9.3321954067042e-05 8.7780094506684e-05
0.00063671026235373 0.00014630682309831 0.00016254304274015 0.00016428739903938 0.00017884564647058 0.00011732651297281 9.7802435385767e-05 8.6748100362832e-05 8.0103835161399e-05 7.4592598275422e-05
0.00051547716408567 0.00011863673254341 0.00013297510043489 0.00012306966095774 0.00011732651297281 0.00011073627451772 8.4875303179261e-05 7.2364998352987e-05 6.5818376173218e-05 6.0531742430661e-05
0.00043585072006921 0.00010044579425982 0.00011012489004977 0.00010524991399921 9.7802435385767e-05 8.4875303179261e-05 8.0937899087393e-05 6.8749646019979e-05 6.0497485955484e-05 5.4526970954729e-05
0.00038944998570148 8.9142489011234e-05 9.7899136078172e-05 9.9222462018689e-05 8.6748100362832e-05 7.2364998352987e-05 6.8749646019979e-05 6.4526125906406e-05 5.8387979467757e-05 5.3406342729886e-05
0.00036233678706433 8.3170742832623e-05 9.211568315666e-05 9.3321954067042e-05 8.0103835161399e-05 6.5818376173218e-05 6.0497485955484e-05 5.8387979467757e-05 5.5740363906881e-05 5.2136122280589e-05
0.00033970172353586 7.7842948119083e-05 8.6278030729513e-05 8.7780094506684e-05 7.4592598275422e-05 6.0531742430661e-05 5.4526970954729e-05 5.3406342729886e-05 5.2136122280589e-05 4.999005618201e-05
