0.011501095594255 -0.00089332929111583 0.00040506880530837 -0.0003377975254486 0.00019529211416089 -0.00014489406315649 8.0345196885308e-05 -3.54920459535e-05 7.4328031935537e-06 1.5449902652175e-05
-0.00089332929111583 0.0068690683970666 -0.0015640384815483 0.0010292817840888 -0.00070382172580644 0.00055451183869195 -0.00042775305083741 0.00035351652927313 -0.00029141532439167 0.0002364477924655
0.00040506880530837 -0.0015640384815483 0.0043047346835468 -0.0019468426006456 0.0013467809288977 -0.0010436924162219 0.00084097466342706 -0.0006958751846677 0.00058742918335203 -0.00050106280890828
-0.0003377975254486 0.0010292817840888 -0.0019468426006456 0.0027412085322168 -0.0018586770713062 0.0014828532820215 -0.0012125031921985 0.0010303292105682 -0.00089041852278413 0.00077956272977369
0.00019529211416089 -0.00070382172580644 0.0013467809288977 -0.0018586770713062 0.0020138500726702 -0.0016818137797869 0.001416610686306 -0.0012167185840845 0.0010642865819481 -0.00094113743109332
-0.00014489406315649 0.00055451183869195 -0.0010436924162219 0.0014828532820215 -0.0016818137797869 0.0016693485956079 -0.001488093862648 0.0013290516694634 -0.0011939206196223 0.0010793275543669
8.0345196885308e-05 -0.00042775305083741 0.00084097466342706 -0.0012125031921985 0.001416610686306 -0.001488093862648 0.0014301526177401 -0.0013262411001561 0.0012236895543424 -0.0011286354744759
-3.54920459535e-05 0.00035351652927313 -0.0006958751846677 0.0010303292105682 -0.0012167185840845 0.0013290516694634 -0.0013262411001561 0.0012815027595554 -0.0012132273748442 0.0011410813212835
7.4328031935537e-06 -0.00029141532439167 0.00058742918335203 -0.00089041852278413 0.0010642865819481 -0.0011939206196223 0.0012236895543424 -0.0012132273748442 0.0011766230809084 -0.0011266172752879
1.5449902652175e-05 0.0002364477924655 -0.00050106280890828 0.00077956272977369 -0.00094113743109332 0.0010793275543669 -0.0011286354744759 0.0011410813212835 -0.0011266172752879 0.0010962060509218
