0.0015230834091239 0.0010553595485669 0.00087485431867156 0.00072505035689229 0.00059797376467126 0.0005234807261293 0.00049423489265364 0.00047655978733903 0.00046877991640556 0.00046034158065084
0.0010553595485669 0.00077118597575096 0.00069392134468469 0.00054051375602423 0.00040275302036245 0.00036848957668672 0.0003643724408149 0.00036249954859652 0.00036317248413885 0.00036220906794401
0.00087485431867156 0.00069392134468469 0.0004829108282177 0.0004070961754823 0.00032070556099687 0.00030125808914046 0.0002882434772141 0.00028423772725108 0.00028640770494349 0.00028579864491666
0.00072505035689229 0.00054051375602423 0.0004070961754823 0.00034176769787257 0.00026160870854155 0.00024710930290602 0.00024221843838586 0.00024205759034654 0.00024410027529396 0.00024434331558414
0.00059797376467126 0.00040275302036245 0.00032070556099687 0.00026160870854155 0.00020496674788267 0.000191252494657 0.00018882035701543 0.00018830009985136 0.00018979586033001 0.00018960204363428
0.0005234807261293 0.00036848957668672 0.00030125808914046 0.00024710930290602 0.000191252494657 0.00017981933313528 0.0001764930349053 0.00017739095852297 0.0001817984226188 0.00018428838791145
0.00049423489265364 0.0003643724408149 0.0002882434772141 0.00024221843838586 0.00018882035701543 0.0001764930349053 0.00017064485053426 0.00017194623694148 0.00017667167376041 0.00017960832662996
0.00047655978733903 0.00036249954859652 0.00028423772725108 0.00024205759034654 0.00018830009985136 0.00017739095852297 0.00017194623694148 0.00017516823099219 0.00018119407419723 0.00018497224913039
0.00046877991640556 0.00036317248413885 0.00028640770494349 0.00024410027529396 0.00018979586033001 0.0001817984226188 0.00017667167376041 0.00018119407419723 0.00018798071806362 0.00019215643605565
0.00046034158065084 0.00036220906794401 0.00028579864491666 0.00024434331558414 0.00018960204363428 0.00018428838791145 0.00017960832662996 0.00018497224913039 0.00019215643605565 0.0001964966363152
