3.1415926535898 3.130545356533 -0.036189570530724 3.1177472087491 0.027978993879286 -3.1034852581196 0.047968135764739 -3.0825441470043 0.055373167512146 -3.086737218759
-3.130545356533 3.1415926535898 -0.063213766547623 -3.0809648719691 0.060784404147428 -3.046133036749 0.12439342690056 -2.9981088980857 0.15549987810766 -2.9769648171734
0.036189570530724 0.063213766547623 3.1415926535898 0.0089390161530581 -3.1384689854949 -0.022642329027374 3.1064025128492 -0.039854633825722 3.096580142749 -0.051638677114641
-3.1177472087491 3.0809648719691 -0.0089390161530581 3.1415926535898 0.028948323640717 -3.1059742356982 0.034082879208732 -3.1047129583044 0.032427404105423 -3.1111042845625
-0.027978993879286 -0.060784404147428 3.1384689854949 -0.028948323640717 3.1415926535898 0.011878736828487 -3.120576698802 0.02595435566028 -3.1125925203242 0.033638385845601
3.1034852581196 3.046133036749 0.022642329027374 3.1059742356982 -0.011878736828487 3.1415926535898 0.0073467705360424 -3.1269839356527 0.016180867439469 -3.1222141640383
-0.047968135764739 -0.12439342690056 -3.1064025128492 -0.034082879208732 3.120576698802 -0.0073467705360424 3.1415926535898 0.0059042469529694 -3.1346117104168 0.0089204829973711
3.0825441470043 2.9981088980857 0.039854633825722 3.1047129583044 -0.02595435566028 3.1269839356527 -0.0059042469529694 3.1415926535898 0.00096017419478641 -3.1388567757899
-0.055373167512146 -0.15549987810766 -3.096580142749 -0.032427404105423 3.1125925203242 -0.016180867439469 3.1346117104168 -0.00096017419478641 3.1415926535898 0.0015008288875729
3.086737218759 2.9769648171734 0.051638677114641 3.1111042845625 -0.033638385845601 3.1222141640383 -0.0089204829973711 3.1388567757899 -0.0015008288875729 3.1415926535898
