0.00050584706414006 0.00045779361092745 0.00036944752117604 0.00032559827448494 0.00027707729507902 0.00025070981867241 0.00022922339296606 0.00021496605303807 0.000203690783186 0.00019500124982147
0.00045779361092745 0.00036072493310386 0.0003081183754994 0.00026609209511187 0.0002253119869348 0.00020066262441507 0.0001838849399709 0.00017223161920672 0.00016356523229815 0.00015697521621116
0.00036944752117604 0.0003081183754994 0.00025419453020486 0.00022150252206469 0.00018106094438097 0.00016444148841502 0.00015140467564325 0.00014186387917166 0.00013428120677158 0.00012868270565134
0.00032559827448494 0.00026609209511187 0.00022150252206469 0.00018683980815856 0.00015852133192841 0.00014333646403187 0.00013188161647476 0.00012379449336894 0.00011748675961962 0.00011284303161965
0.00027707729507902 0.0002253119869348 0.00018106094438097 0.00015852133192841 0.00013524811429034 0.00012269655473837 0.00011321507755131 0.00010627722093915 0.00010091077212623 9.6828004578567e-05
0.00025070981867241 0.00020066262441507 0.00016444148841502 0.00014333646403187 0.00012269655473837 0.00011027729384595 0.0001012086249812 9.4549281635441e-05 8.9655002598255e-05 8.6006799818799e-05
0.00022922339296606 0.0001838849399709 0.00015140467564325 0.00013188161647476 0.00011321507755131 0.0001012086249812 9.3223441116495e-05 8.7436496411805e-05 8.3092189447638e-05 7.9868088370738e-05
0.00021496605303807 0.00017223161920672 0.00014186387917166 0.00012379449336894 0.00010627722093915 9.4549281635441e-05 8.7436496411805e-05 8.2295625684039e-05 7.8304945500056e-05 7.5383316725875e-05
0.000203690783186 0.00016356523229815 0.00013428120677158 0.00011748675961962 0.00010091077212623 8.9655002598255e-05 8.3092189447638e-05 7.8304945500056e-05 7.460603688109e-05 7.1962462185733e-05
0.00019500124982147 0.00015697521621116 0.00012868270565134 0.00011284303161965 9.6828004578567e-05 8.6006799818799e-05 7.9868088370738e-05 7.5383316725875e-05 7.1962462185733e-05 6.9578378976473e-05
