-0.0059032511536159 -0.00023723955871108 -0.00048264222826001 0.0004548523060719 0.00023690136344112 -9.7286384790317e-05 0.00029587427768687 -0.00045780678627786 0.00051669036813893 -0.00054534112009836
-0.00023723955871108 -0.0089169897817772 0.0013668511767717 -0.0015186770705292 0.0012437978811304 -0.0010833414388751 0.00084418385647736 -0.00075795130965698 0.00061465386672443 -0.00048270069481954
-0.00048264222826001 0.0013668511767717 -0.0088853453292926 0.0036005539297456 -0.0019593372171899 0.0013460256147378 -0.0010750634074896 0.00085174490782489 -0.0006796624483478 0.00059441646984139
0.0004548523060719 -0.0015186770705292 0.0036005539297456 -0.0062455959231018 0.0034954616760999 -0.0025102794484675 0.0018827101948968 -0.0015165543694702 0.0011738017992853 -0.00095377577961885
0.00023690136344112 0.0012437978811304 -0.0019593372171899 0.0034954616760999 -0.0044400779046381 0.0032464042942021 -0.0026267083534353 0.0022412877441755 -0.0019139963190904 0.0016311063410059
-9.7286384790317e-05 -0.0010833414388751 0.0013460256147378 -0.0025102794484675 0.0032464042942021 -0.0033090689847392 0.0029199933281795 -0.0026310258474788 0.0023268610336901 -0.0020641517715695
0.00029587427768687 0.00084418385647736 -0.0010750634074896 0.0018827101948968 -0.0026267083534353 0.0029199933281795 -0.0029036576548266 0.0027381400338402 -0.002503407888298 0.0022784682932016
-0.00045780678627786 -0.00075795130965698 0.00085174490782489 -0.0015165543694702 0.0022412877441755 -0.0026310258474788 0.0027381400338402 -0.0027111388809889 0.0025555088481372 -0.0023814948760185
0.00051669036813893 0.00061465386672443 -0.0006796624483478 0.0011738017992853 -0.0019139963190904 0.0023268610336901 -0.002503407888298 0.0025555088481372 -0.002485737039516 0.0023701609960502
-0.00054534112009836 -0.00048270069481954 0.00059441646984139 -0.00095377577961885 0.0016311063410059 -0.0020641517715695 0.0022784682932016 -0.0023814948760185 0.0023701609960502 -0.002305375628262
