0.00018173970259554 0.00094693091581823 0.00098577986231532 0.00085430917089686 0.00073309046711663 0.00063986426592006 0.00058352306479023 0.00054994091213245 0.00052012985663127 0.00049727544216229
0.00094693091581823 0.000410876890554 0.00031493654434136 0.00027249506800504 0.00020928103263327 0.00018966644430765 0.00016603870991382 0.00015252498895254 0.00014162103317418 0.00013295020668067
0.00098577986231532 0.00031493654434136 0.00043033187347802 0.0002846453922889 0.00022742974482976 0.00020219231221851 0.00018731251905038 0.0001762739812244 0.00016663220825987 0.00015950404803523
0.00085430917089686 0.00027249506800504 0.0002846453922889 0.00032503976519577 0.00022200406468075 0.00018233087872832 0.00016481991137959 0.00015550310043104 0.00014717614637527 0.00013993885193066
0.00073309046711663 0.00020928103263327 0.00022742974482976 0.00022200406468075 0.00023202551751366 0.00018914902030629 0.000166622547499 0.00015250158336275 0.00014131406570312 0.00013219398570919
0.00063986426592006 0.00018966644430765 0.00020219231221851 0.00018233087872832 0.00018914902030629 0.00017762713697967 0.00015744404018661 0.00014249022547539 0.00013021993001962 0.00012033036271935
0.00058352306479023 0.00016603870991382 0.00018731251905038 0.00016481991137959 0.000166622547499 0.00015744404018661 0.00014921765182248 0.00013834980776603 0.00012796435981299 0.00011918025861483
0.00054994091213245 0.00015252498895254 0.0001762739812244 0.00015550310043104 0.00015250158336275 0.00014249022547539 0.00013834980776603 0.00013247870704541 0.00012505476364173 0.00011823888732856
0.00052012985663127 0.00014162103317418 0.00016663220825987 0.00014717614637527 0.00014131406570312 0.00013021993001962 0.00012796435981299 0.00012505476364173 0.00012036848014408 0.00011557365184984
0.00049727544216229 0.00013295020668067 0.00015950404803523 0.00013993885193066 0.00013219398570919 0.00012033036271935 0.00011918025861483 0.00011823888732856 0.00011557365184984 0.000112601775019
