1.2571077219384e-05 6.1033341091388e-05 5.5660765899486e-05 4.6237811502917e-05 4.161589792649e-05 3.6696349058982e-05 3.3273102123197e-05 3.1343949729461e-05 2.9949709156454e-05 2.8822263659899e-05
6.1033341091388e-05 0.00028661013566664 0.00025363884445402 0.00021441821589965 0.00019188710239363 0.00016881100536402 0.00015097137079889 0.00014141284823018 0.00013494783925367 0.00012954530742295
5.5660765899486e-05 0.00025363884445402 0.00023755846144028 0.00021229374904361 0.00017915890699338 0.00015688700698501 0.00014151600040618 0.00013299207810769 0.00012699936171816 0.00012212983246386
4.6237811502917e-05 0.00021441821589965 0.00021229374904361 0.00018159803943053 0.00014899573658897 0.00013370265662653 0.00012152601091877 0.00011487152131266 0.00011009872309468 0.00010611865095167
4.161589792649e-05 0.00019188710239363 0.00017915890699338 0.00014899573658897 0.00013045942085846 0.00011736303481543 0.0001068233067684 0.00010102241231309 9.6667583119806e-05 9.3030960932472e-05
3.6696349058982e-05 0.00016881100536402 0.00015688700698501 0.00013370265662653 0.00011736303481543 0.00010605827613074 9.7571013862626e-05 9.2601136552548e-05 8.866645307253e-05 8.5328146766076e-05
3.3273102123197e-05 0.00015097137079889 0.00014151600040618 0.00012152601091877 0.0001068233067684 9.7571013862626e-05 8.9505721048513e-05 8.481444915011e-05 8.1329488675339e-05 7.833856169635e-05
3.1343949729461e-05 0.00014141284823018 0.00013299207810769 0.00011487152131266 0.00010102241231309 9.2601136552548e-05 8.481444915011e-05 8.0365219993396e-05 7.7118119302179e-05 7.4379321875829e-05
2.9949709156454e-05 0.00013494783925367 0.00012699936171816 0.00011009872309468 9.6667583119806e-05 8.866645307253e-05 8.1329488675339e-05 7.7118119302179e-05 7.4055487199779e-05 7.1531523736931e-05
2.8822263659899e-05 0.00012954530742295 0.00012212983246386 0.00010611865095167 9.3030960932472e-05 8.5328146766076e-05 7.833856169635e-05 7.4379321875829e-05 7.1531523736931e-05 6.9210129212394e-05
