-0.0065909862699342 0.00032457465669004 -0.00036220077215017 0.00018104606525563 -8.8505007750827e-05 1.2379231772926e-05 6.3260808577981e-06 -3.0583472669478e-05 6.1143277117491e-05 -7.8951695024574e-05
0.00032457465669004 -0.0092547189498436 0.0016460736948888 -0.0012600172452225 0.0009445778344481 -0.00070721433360291 0.00057176003533797 -0.00047225423941377 0.00038646135473148 -0.00032423428017005
-0.00036220077215017 0.0016460736948888 -0.0081340954827938 0.0030815270017746 -0.0021016796932503 0.0015147432688241 -0.001169092098891 0.00092345859039395 -0.00076260238542 0.00064647014852768
0.00018104606525563 -0.0012600172452225 0.0030815270017746 -0.0060266108196075 0.0037374792636244 -0.0027491905309088 0.0021310517705682 -0.0016921738898083 0.0013923031255864 -0.0011742662910712
-8.8505007750827e-05 0.0009445778344481 -0.0021016796932503 0.0037374792636244 -0.0043816604974125 0.0034254573173937 -0.0028012230262116 0.0023476312740403 -0.0020056817550908 0.0017390437349602
1.2379231772926e-05 -0.00070721433360291 0.0015147432688241 -0.0027491905309088 0.0034254573173937 -0.0033661969520495 0.0029467850405419 -0.0025842659144 0.0022791194069232 -0.0020242894796118
6.3260808577981e-06 0.00057176003533797 -0.001169092098891 0.0021310517705682 -0.0028012230262116 0.0029467850405419 -0.0028570518344631 0.0026440773783421 -0.0024188444338234 0.0022099876207788
-3.0583472669478e-05 -0.00047225423941377 0.00092345859039395 -0.0016921738898083 0.0023476312740403 -0.0025842659144 0.0026440773783421 -0.002578309787453 0.0024392489271683 -0.0022857637787432
6.1143277117491e-05 0.00038646135473148 -0.00076260238542 0.0013923031255864 -0.0020056817550908 0.0022791194069232 -0.0024188444338234 0.0024392489271683 -0.0023758880188254 0.0022763173898897
-7.8951695024574e-05 -0.00032423428017005 0.00064647014852768 -0.0011742662910712 0.0017390437349602 -0.0020242894796118 0.0022099876207788 -0.0022857637787432 0.0022763173898897 -0.0022235920848702
