3.1415926535898 0.0094467274780718 -3.1074265657015 0.069264983488873 -3.0207697628864 0.20536047823504 -2.7671799372243 0.84926700596401 -1.1247200088109 2.6091542034159
-0.0094467274780718 3.1415926535898 0.012118405137793 -3.118283899751 0.034790706937161 -3.0938734574994 0.063535296514924 -3.0571794280668 0.11493085489734 -2.9740692720364
3.1074265657015 -0.012118405137793 3.1415926535898 0.0083357495447667 -3.1264412937859 0.021396117633094 -3.1140319796275 0.033849800714489 -3.1012565270268 0.046965766888141
-0.069264983488873 3.118283899751 -0.0083357495447667 3.1415926535898 0.0057223692717736 -3.1314626008063 0.013703968326127 -3.1250657591473 0.018441056161685 -3.1225296137911
3.0207697628864 -0.034790706937161 3.1264412937859 -0.0057223692717736 3.1415926535898 0.0038691005499998 -3.1350682612057 0.0081271345819338 -3.133009275564 0.0076214278449684
-0.20536047823504 3.0938734574994 -0.021396117633094 3.1314626008063 -0.0038691005499998 3.1415926535898 0.0023582558153464 -3.1381005147622 0.0034040725011865 -3.1396543857444
2.7671799372243 -0.063535296514924 3.1140319796275 -0.013703968326127 3.1350682612057 -0.0023582558153464 3.1415926535898 0.00098873958807215 -3.140882092494 -0.00089481948231669
-0.84926700596401 3.0571794280668 -0.033849800714489 3.1250657591473 -0.0081271345819338 3.1381005147622 -0.00098873958807215 3.1415926535898 -0.00032111165869905 3.1396610670129
1.1247200088109 -0.11493085489734 3.1012565270268 -0.018441056161685 3.133009275564 -0.0034040725011865 3.140882092494 0.00032111165869905 3.1415926535898 -0.0015828402156575
-2.6091542034159 2.9740692720364 -0.046965766888141 3.1225296137911 -0.0076214278449684 3.1396543857444 0.00089481948231669 -3.1396610670129 0.0015828402156575 3.1415926535898
