0.00063281926553194 0.00048900107969228 0.0004644291811838 0.00040421748746837 0.00037283665427876 0.00034728122417783 0.00033026652903902 0.0003199983958486 0.0003128816928706 0.00030747685550069
0.00048900107969228 0.00068102195059331 0.00054142555089614 0.00053667592793349 0.00046119756638914 0.00043025554415704 0.00041191357209521 0.00040019674837387 0.00039257211620676 0.0003855916873544
0.0004644291811838 0.00054142555089614 0.00060766308815315 0.00052876685615029 0.00046928477474175 0.00044075353715692 0.00042247548784064 0.00041116676902896 0.00040359994321682 0.00039638637166185
0.00040421748746837 0.00053667592793349 0.00052876685615029 0.00058961258422265 0.00050871177577476 0.00047060445071575 0.00044868344663775 0.00043317925229795 0.00042377344006143 0.00041616739294612
0.00037283665427876 0.00046119756638914 0.00046928477474175 0.00050871177577476 0.00048744261887028 0.0004545794685272 0.00043056656009656 0.00041449360520583 0.00040421469236341 0.0003960961175812
0.00034728122417783 0.00043025554415704 0.00044075353715692 0.00047060445071575 0.0004545794685272 0.0004404416751099 0.00042132582914613 0.00040690615219935 0.00039714189450917 0.00038914007773551
0.00033026652903902 0.00041191357209521 0.00042247548784064 0.00044868344663775 0.00043056656009656 0.00042132582914613 0.00040892050597607 0.00039874855568282 0.00039130661660206 0.00038458132688654
0.0003199983958486 0.00040019674837387 0.00041116676902896 0.00043317925229795 0.00041449360520583 0.00040690615219935 0.00039874855568282 0.00039316135501419 0.00038889502502435 0.00038431469756542
0.0003128816928706 0.00039257211620676 0.00040359994321682 0.00042377344006143 0.00040421469236341 0.00039714189450917 0.00039130661660206 0.00038889502502435 0.00038739599235308 0.00038501507828725
0.00030747685550069 0.0003855916873544 0.00039638637166185 0.00041616739294612 0.0003960961175812 0.00038914007773551 0.00038458132688654 0.00038431469756542 0.00038501507828725 0.0003845995298921
