0.0127567790639 -0.0010684355939034 0.00081995631791157 -0.000264947385213 0.00017900808115518 -2.2578897567877e-05 -4.8743609622184e-05 0.00012257060727118 -0.00019341119628173 0.00023908841986717
-0.0010684355939034 0.0078587522520963 -0.0018023082912168 0.0016377257515393 -0.0012638271385848 0.0011092312855301 -0.00099640519608037 0.00087955835967013 -0.00077137876985686 0.00066550304242326
0.00081995631791157 -0.0018023082912168 0.0038663234657271 -0.0027957727181502 0.001976953470806 -0.0014891908121854 0.0011765858958333 -0.00097298624026422 0.00081763588316598 -0.0006928071365419
-0.000264947385213 0.0016377257515393 -0.0027957727181502 0.0038569774234753 -0.0029884424522937 0.0023303619901391 -0.0019262515589815 0.0016380656308986 -0.0014133350153974 0.0012282931504076
0.00017900808115518 -0.0012638271385848 0.001976953470806 -0.0029884424522937 0.0028952890412746 -0.0024313197111126 0.0021027186247307 -0.0018509257291282 0.0016431558509015 -0.0014672194172596
-2.2578897567877e-05 0.0011092312855301 -0.0014891908121854 0.0023303619901391 -0.0024313197111126 0.0022444335265699 -0.0020258846451791 0.0018318208035219 -0.0016608373609729 0.0015086678114483
-4.8743609622184e-05 -0.00099640519608037 0.0011765858958333 -0.0019262515589815 0.0021027186247307 -0.0020258846451791 0.0019081494415039 -0.0017743586978267 0.0016412823818614 -0.0015150010280358
0.00012257060727118 0.00087955835967013 -0.00097298624026422 0.0016380656308986 -0.0018509257291282 0.0018318208035219 -0.0017743586978267 0.0016954900222736 -0.0015990116001129 0.0014989282138282
-0.00019341119628173 -0.00077137876985686 0.00081763588316598 -0.0014133350153974 0.0016431558509015 -0.0016608373609729 0.0016412823818614 -0.0015990116001129 0.0015342521668056 -0.0014588647316797
0.00023908841986717 0.00066550304242326 -0.0006928071365419 0.0012282931504076 -0.0014672194172596 0.0015086678114483 -0.0015150010280358 0.0014989282138282 -0.0014588647316797 0.0014053146777527
