8.6512363475301e-06 4.494561437587e-05 4.3597464422007e-05 3.9301196252553e-05 3.4904370567079e-05 2.9115617964984e-05 2.5712355474995e-05 2.3164459902605e-05 2.1529185050263e-05 2.0336444560043e-05
4.494561437587e-05 0.00022955162628295 0.00021305374910102 0.00019583357092837 0.00016361469894642 0.0001386172885773 0.00012484571880946 0.0001142909511378 0.00010641118735633 0.00010099607605326
4.3597464422007e-05 0.00021305374910102 0.00021310132935352 0.00018862077458489 0.00016151036722951 0.00013464847548893 0.00011893845331708 0.00011004143928926 0.00010257797211535 9.7400574033719e-05
3.9301196252553e-05 0.00019583357092837 0.00018862077458489 0.00016891507567788 0.00014797883408188 0.00012007607770051 0.00010578394164654 9.7327264579597e-05 9.1586488474006e-05 8.7181959703973e-05
3.4904370567079e-05 0.00016361469894642 0.00016151036722951 0.00014797883408188 0.00013048474545699 0.00010714182095545 9.5304818694353e-05 8.6426197892337e-05 8.082799161647e-05 7.6558041150945e-05
2.9115617964984e-05 0.0001386172885773 0.00013464847548893 0.00012007607770051 0.00010714182095545 8.7133587336561e-05 7.8091037885958e-05 7.1140418385442e-05 6.688551856448e-05 6.3636704957949e-05
2.5712355474995e-05 0.00012484571880946 0.00011893845331708 0.00010578394164654 9.5304818694353e-05 7.8091037885958e-05 7.1207683986881e-05 6.4569484455425e-05 6.0523392839437e-05 5.7371435202381e-05
2.3164459902605e-05 0.0001142909511378 0.00011004143928926 9.7327264579597e-05 8.6426197892337e-05 7.1140418385442e-05 6.4569484455425e-05 5.8881425113723e-05 5.5374328493738e-05 5.2635091716277e-05
2.1529185050263e-05 0.00010641118735633 0.00010257797211535 9.1586488474006e-05 8.082799161647e-05 6.688551856448e-05 6.0523392839437e-05 5.5374328493738e-05 5.2107110503158e-05 4.9589512570876e-05
2.0336444560043e-05 0.00010099607605326 9.7400574033719e-05 8.7181959703973e-05 7.6558041150945e-05 6.3636704957949e-05 5.7371435202381e-05 5.2635091716277e-05 4.9589512570876e-05 4.7269138971489e-05
