3.1415926535898 0.077526901540649 -3.0758930616324 0.11546143902227 -2.9956410878779 -0.0048713837949455 3.0742919593133 -0.15068727986432 2.917357367076 -0.30709432978522
-0.077526901540649 3.1415926535898 0.076759688174523 -3.0720650545854 0.099015951302017 -3.016676465749 0.17185228017302 -2.9438067545482 0.21653149490319 -2.9091507249624
3.0758930616324 -0.076759688174523 3.1415926535898 0.022065053655834 -3.1368341378375 -0.01058808582813 3.1288464861418 -0.018442845899981 3.1167390389168 -0.02955027945884
-0.11546143902227 3.0720650545854 -0.022065053655834 3.1415926535898 -0.0055160922640558 3.1349355767559 -0.007817788543827 3.1319508937293 -0.013887924212274 3.1232153863407
2.9956410878779 -0.099015951302017 3.1368341378375 0.0055160922640558 3.1415926535898 -0.00029272726830578 3.1411435119088 0.00016534696012879 -3.1410784408238 0.0010059953366232
0.0048713837949455 3.016676465749 0.01058808582813 -3.1349355767559 0.00029272726830578 3.1415926535898 0.0014162504410305 -3.1385507267945 0.0048651359389471 -3.1345098363915
-3.0742919593133 -0.17185228017302 -3.1288464861418 0.007817788543827 -3.1411435119088 -0.0014162504410305 3.1415926535898 0.0017166069042288 -3.1379996282246 0.0059133954763879
0.15068727986432 2.9438067545482 0.018442845899981 -3.1319508937293 -0.00016534696012879 3.1385507267945 -0.0017166069042288 3.1415926535898 0.0016656983420325 -3.1377999356814
-2.917357367076 -0.21653149490319 -3.1167390389168 0.013887924212274 3.1410784408238 -0.0048651359389471 3.1379996282246 -0.0016656983420325 3.1415926535898 0.0021440066823401
0.30709432978522 2.9091507249624 0.02955027945884 -3.1232153863407 -0.0010059953366232 3.1345098363915 -0.0059133954763879 3.1377999356814 -0.0021440066823401 3.1415926535898
