0.11595684221772 0.044390710939614 0.030324386378182 0.022780770529225 0.017884770710032 0.014450939209206 0.011882247447331 0.0099090849893343 0.0083563187927702 0.0071248626651777 0.0061384900887042 0.005346373416553 0.0046620049907036 0.0041849509428235 0.003748772063485 0.003383319591904 0.0030797996167665 0.0028240636583992 0.0026029030257555 0.0024153784026172
0.044390710939614 0.033344343581304 0.02678452897011 0.021887332729831 0.018129453366558 0.015186105018938 0.012829384373834 0.010924007686952 0.0093739357231411 0.0080969950926589 0.0070480208526008 0.0061790582723957 0.0054430366323265 0.0048566453269816 0.0043344519161066 0.0039061803562131 0.0035326248255834 0.0032091336907298 0.0029287975843906 0.0026858504516517
0.030324386378182 0.02678452897011 0.025371808802311 0.022826453668312 0.020214207896453 0.017825308539147 0.015716978704902 0.013885635670584 0.012305289454031 0.010947105905461 0.0097796303255947 0.0087751651016422 0.0078944701107989 0.0071678039530233 0.0065092539851806 0.0059412762008799 0.0054390292404569 0.0049966899327961 0.0046037821446024 0.0042569819770372
0.022780770529225 0.021887332729831 0.022826453668312 0.02217763726046 0.020798744360955 0.019174862192468 0.017528647700825 0.01596126064263 0.01451429119911 0.013204361055044 0.012027695291526 0.010977141591544 0.010025840665708 0.0092180700497526 0.008471981451858 0.007803683123651 0.0072068839945595 0.0066728154826525 0.0061895679744119 0.0057557986209761
0.017884770710032 0.018129453366558 0.020214207896453 0.020798744360955 0.020439337985441 0.019570268856723 0.018459399654108 0.017258668342654 0.016054083638053 0.014894442158792 0.013802103229011 0.01278830804713 0.011839961859566 0.011011057877293 0.010229843927751 0.0095081589218631 0.0088572415637653 0.0082640053316345 0.0077190373903672 0.0072224588031362
0.014450939209206 0.015186105018938 0.017825308539147 0.019174862192468 0.019570268856723 0.019345981126788 0.01874883074608 0.017941189854973 0.017029255112093 0.016080629367145 0.015135786908583 0.014220044414631 0.013331868538175 0.012534288384614 0.011764354716657 0.011032990416025 0.010365390533588 0.0097453218368122 0.0091675070896592 0.0086335100276848
0.011882247447331 0.012829384373834 0.015716978704902 0.017528647700825 0.018459399654108 0.01874883074608 0.018602038220776 0.018168477427802 0.017557553896381 0.016844712555562 0.016080616665721 0.015299931728444 0.014509781607597 0.01378049778988 0.013056105535609 0.012348850579296 0.011693774421462 0.011073720919865 0.010487440717042 0.0099379618590671
0.0099090849893343 0.010924007686952 0.013885635670584 0.01596126064263 0.017258668342654 0.017941189854973 0.018168477427802 0.018068104502616 0.017742258230491 0.017266336454935 0.016694957933367 0.016067953332037 0.015397940808114 0.01476115976211 0.014106224123511 0.013447725145595 0.012827387705237 0.012228795379518 0.011654037240719 0.011107534669686
0.0083563187927702 0.0093739357231411 0.012305289454031 0.01451429119911 0.016054083638053 0.017029255112093 0.017557553896381 0.017742258230491 0.017678127460262 0.017421267486863 0.017040303530331 0.016572156489042 0.016032186529222 0.015501405815059 0.014930632082732 0.014337265448932 0.01376726340622 0.013205950913263 0.012657945910493 0.012128916773636
0.0071248626651777 0.0080969950926589 0.010947105905461 0.013204361055044 0.014894442158792 0.016080629367145 0.016844712555562 0.017266336454935 0.017421267486863 0.017372422274408 0.0171708905268 0.016857910476195 0.016449409251028 0.016030221523589 0.015551335454468 0.015032952048225 0.014523534150327 0.014010535381196 0.013500397349893 0.012999831848576
0.0061384900887042 0.0070480208526008 0.0097796303255947 0.012027695291526 0.013802103229011 0.015135786908583 0.016080616665721 0.016694957933367 0.017040303530331 0.0171708905268 0.017133136362426 0.016966167978079 0.016684937519694 0.016377316003694 0.015992869403326 0.01555437000762 0.015111544718171 0.014653968911084 0.01418935875713 0.013725215170716
0.005346373416553 0.0061790582723957 0.0087751651016422 0.010977141591544 0.01278830804713 0.014220044414631 0.015299931728444 0.016067953332037 0.016572156489042 0.016857910476195 0.016966167978079 0.016933547504997 0.016771452861146 0.016571580018312 0.016280453211392 0.015923050291198 0.015549520089233 0.015151321737488 0.014737030083231 0.014314684692318
0.0046620049907036 0.0054430366323265 0.0078944701107989 0.010025840665708 0.011839961859566 0.013331868538175 0.014509781607597 0.015397940808114 0.016032186529222 0.016449409251028 0.016684937519694 0.016771452861146 0.016736160257116 0.016619738607754 0.016417481069611 0.016138994188133 0.015834241104071 0.015496287698672 0.015134240976171 0.014756453983347
0.0041849509428235 0.0048566453269816 0.0071678039530233 0.0092180700497526 0.011011057877293 0.012534288384614 0.01378049778988 0.01476115976211 0.015501405815059 0.016030221523589 0.016377316003694 0.016571580018312 0.016619738607754 0.016616940040724 0.016500584380349 0.016298382685205 0.016062745573687 0.015786474037281 0.015478991545832 0.015148751432112
0.003748772063485 0.0043344519161066 0.0065092539851806 0.008471981451858 0.010229843927751 0.011764354716657 0.013056105535609 0.014106224123511 0.014930632082732 0.015551335454468 0.015992869403326 0.016280453211392 0.016417481069611 0.016500584380349 0.016467357476952 0.016332677299821 0.016162436040074 0.015945467020769 0.015691316984071 0.01540838062185
0.003383319591904 0.0039061803562131 0.0059412762008799 0.007803683123651 0.0095081589218631 0.011032990416025 0.012348850579296 0.013447725145595 0.014337265448932 0.015032952048225 0.01555437000762 0.015923050291198 0.016138994188133 0.016298382685205 0.016332677299821 0.016274844361722 0.016163862781018 0.016004040399162 0.015802006036404 0.015565968621546
0.0030797996167665 0.0035326248255834 0.0054390292404569 0.0072068839945595 0.0088572415637653 0.010365390533588 0.011693774421462 0.012827387705237 0.01376726340622 0.014523534150327 0.015111544718171 0.015549520089233 0.015834241104071 0.016062745573687 0.016162436040074 0.016163862781018 0.016119668972607 0.016007904933641 0.015855801334012 0.015665347992256
0.0028240636583992 0.0032091336907298 0.0049966899327961 0.0066728154826525 0.0082640053316345 0.0097453218368122 0.011073720919865 0.012228795379518 0.013205950913263 0.014010535381196 0.014653968911084 0.015151321737488 0.015496287698672 0.015786474037281 0.015945467020769 0.016004040399162 0.016007904933641 0.015953098673832 0.015848432851551 0.015701929996392
0.0026029030257555 0.0029287975843906 0.0046037821446024 0.0061895679744119 0.0077190373903672 0.0091675070896592 0.010487440717042 0.011654037240719 0.012657945910493 0.013500397349893 0.01418935875713 0.014737030083231 0.015134240976171 0.015478991545832 0.015691316984071 0.015802006036404 0.015855801334012 0.015848432851551 0.015788959427427 0.015684540431827
0.0024153784026172 0.0026858504516517 0.0042569819770372 0.0057557986209761 0.0072224588031362 0.0086335100276848 0.0099379618590671 0.011107534669686 0.012128916773636 0.012999831848576 0.013725215170716 0.014314684692318 0.014756453983347 0.015148751432112 0.01540838062185 0.015565968621546 0.015665347992256 0.015701929996392 0.015684540431827 0.015620264479652
