0.020868067460566 -0.0045016992052843 0.0031773859606798 -0.0025063687572175 0.0019987585936341 -0.0016800618196034 0.0014247435787272 -0.0012158975016993 0.0010390083147001 -0.00089182486713518
-0.0045016992052843 0.0096940142407424 -0.0047365011989232 0.0032040497930596 -0.0023888112539189 0.0019024002098499 -0.001556272640392 0.0013002979271205 -0.001103992475021 0.00094944212755929
0.0031773859606798 -0.0047365011989232 0.0060171571988629 -0.0044187842859895 0.0034632420544715 -0.0028517970110221 0.0023962641960293 -0.0020471270502231 0.0017720150085203 -0.0015506122155801
-0.0025063687572175 0.0032040497930596 -0.0044187842859895 0.0045013933243129 -0.0038301440658588 0.0033051805146135 -0.0028641157430089 0.0025039703341872 -0.0022072512934119 0.0019609320575
0.0019987585936341 -0.0023888112539189 0.0034632420544715 -0.0038301440658588 0.0036744224760459 -0.0033644577905146 0.0030344108155215 -0.0027351531617085 0.0024704014300194 -0.002239597524156
-0.0016800618196034 0.0019024002098499 -0.0028517970110221 0.0033051805146135 -0.0033644577905146 0.0032546690340757 -0.0030441252765645 0.0028203595913656 -0.0026030588847808 0.0024019715322201
0.0014247435787272 -0.001556272640392 0.0023962641960293 -0.0028641157430089 0.0030344108155215 -0.0030441252765645 0.0029418241863286 -0.002795172660883 0.0026323318911311 -0.0024695252458292
-0.0012158975016993 0.0013002979271205 -0.0020471270502231 0.0025039703341872 -0.0027351531617085 0.0028203595913656 -0.002795172660883 0.0027139261705444 -0.0026017583548108 0.0024773553991818
0.0010390083147001 -0.001103992475021 0.0017720150085203 -0.0022072512934119 0.0024704014300194 -0.0026030588847808 0.0026323318911311 -0.0026017583548108 0.0025328898156725 -0.0024436061015782
-0.00089182486713518 0.00094944212755929 -0.0015506122155801 0.0019609320575 -0.002239597524156 0.0024019715322201 -0.0024695252458292 0.0024773553991818 -0.0024436061015782 0.0023845932350734
