0.034489687116697 0.0091871620533905 0.0063790836369414 0.0051544777619171 0.0043260901376735 0.0037347696570373 0.0032710468400065 0.0029127692138288 0.0026201097261085 0.0023741287680305 0.0021656046844494 0.0019886333976693 0.0018351700347379 0.0016983843934999 0.0015831617548159 0.0014656826239121 0.0013243527028388 0.0012650453384268 0.0011949853405386 0.0011360204363179
0.0091871620533905 0.010858967776128 0.0072639213404042 0.005588860987257 0.0045615060611171 0.0038535354761612 0.003309819266086 0.0028896441511621 0.0025550850016198 0.0022842378123239 0.0020608796740216 0.001877501142609 0.0017208458411954 0.0015827715430911 0.0014704049396644 0.0013674808941669 0.001265548296076 0.0011939010943716 0.0011105122572465 0.0010413678984276
0.0063790836369414 0.0072639213404042 0.0074200094853182 0.006248134937458 0.0053108515890936 0.0045909313822815 0.0040005536808307 0.0035220527319345 0.0031292445637736 0.0028019601115645 0.0025293343897145 0.0023001095105547 0.0021039004706791 0.0019287675038686 0.0017840841639906 0.0016576581997903 0.0015383053396614 0.0014419830977374 0.0013362798494952 0.0012530748758951
0.0051544777619171 0.005588860987257 0.006248134937458 0.0061019266069835 0.0055530113723731 0.0050143860058693 0.0045081787306646 0.0040634296400273 0.0036774745012928 0.0033425735066857 0.0030547741123775 0.0028065202217533 0.002589514684853 0.0023934275256662 0.0022284723689535 0.0020838026486792 0.0019440555646822 0.0018397738952082 0.0017098734358833 0.0016152124036495
0.0043260901376735 0.0045615060611171 0.0053108515890936 0.0055530113723731 0.0054180875358356 0.0051162332236977 0.0047489185973223 0.0043860978070966 0.0040478146449801 0.0037390332199546 0.0034623942663476 0.0032161592697937 0.0029947964141891 0.0027918678571913 0.0026164172346573 0.002459989569118 0.0023085515046043 0.002198926249996 0.0020512746262284 0.0019472016821982
0.0037347696570373 0.0038535354761612 0.0045909313822815 0.0050143860058693 0.0051162332236977 0.0050256164491724 0.0048033822560356 0.004537556852617 0.0042641669338428 0.0039980514013087 0.0037482644851807 0.0035176480631683 0.0033042153406831 0.0031050852241797 0.0029280231693888 0.0027677386025275 0.0026114624949381 0.0024978488788303 0.0023420738157013 0.0022319641994994
0.0032710468400065 0.003309819266086 0.0040005536808307 0.0045081787306646 0.0047489185973223 0.0048033822560356 0.0047094791212058 0.00454189126831 0.0043415352164014 0.0041287965648714 0.0039170317662976 0.0037132288471398 0.0035180427575208 0.0033321239739328 0.003161811305942 0.0030050198389747 0.002850838428497 0.0027365191308927 0.0025800640179164 0.0024680755315591
0.0029127692138288 0.0028896441511621 0.0035220527319345 0.0040634296400273 0.0043860978070966 0.004537556852617 0.00454189126831 0.004461100523084 0.0043307188508545 0.0041734494217465 0.0040041766007077 0.0038327308327461 0.0036616894763461 0.0034946775784719 0.0033366692961434 0.0031884828079072 0.0030409833004828 0.002928783253737 0.002776837488313 0.0026660685951536
0.0026201097261085 0.0025550850016198 0.0031292445637736 0.0036774745012928 0.0040478146449801 0.0042641669338428 0.0043415352164014 0.0043307188508545 0.0042629866717059 0.0041582547564441 0.0040316544644262 0.0038945225505024 0.0037505143642302 0.0036055355305495 0.0034635208050319 0.0033275071888667 0.0031898437133804 0.0030822827932671 0.0029386609767715 0.0028313434582418
0.0023741287680305 0.0022842378123239 0.0028019601115645 0.0033425735066857 0.0037390332199546 0.0039980514013087 0.0041287965648714 0.0041734494217465 0.0041582547564441 0.0041010789478372 0.0040144249153741 0.0039111918915322 0.0037951045234433 0.0036736238358466 0.003549734464947 0.0034282328105071 0.0033026395757389 0.0032016951434016 0.0030690854268571 0.0029669769954463
0.0021656046844494 0.0020608796740216 0.0025293343897145 0.0030547741123775 0.0034623942663476 0.0037482644851807 0.0039170317662976 0.0040041766007077 0.0040316544644262 0.0040144249153741 0.0039654004384901 0.0038930006136403 0.0038041032215115 0.003706156096745 0.0036012535521002 0.0034955436926892 0.0033834267664379 0.003290571866949 0.0031706084400419 0.0030751028509923
0.0019886333976693 0.001877501142609 0.0023001095105547 0.0028065202217533 0.0032161592697937 0.0035176480631683 0.0037132288471398 0.0038327308327461 0.0038945225505024 0.0039111918915322 0.0038930006136403 0.0038509081820596 0.003786718838601 0.0037113028803374 0.0036251825948168 0.0035355950358901 0.0034375049583624 0.0033536479683498 0.0032470716541305 0.0031590396641999
0.0018351700347379 0.0017208458411954 0.0021039004706791 0.002589514684853 0.0029947964141891 0.0033042153406831 0.0035180427575208 0.0036616894763461 0.0037505143642302 0.0037951045234433 0.0038041032215115 0.003786718838601 0.0037464262909868 0.0036920793381171 0.0036240782310622 0.003550445463672 0.0034664637276288 0.0033922619815542 0.0032992986985787 0.0032193687343558
0.0016983843934999 0.0015827715430911 0.0019287675038686 0.0023934275256662 0.0027918678571913 0.0031050852241797 0.0033321239739328 0.0034946775784719 0.0036055355305495 0.0036736238358466 0.003706156096745 0.0037113028803374 0.0036920793381171 0.0036633915391237 0.0036063828330422 0.0035481582118419 0.0034779705639637 0.0034137258310167 0.0033341788352821 0.0032626449974944
0.0015831617548159 0.0014704049396644 0.0017840841639906 0.0022284723689535 0.0026164172346573 0.0029280231693888 0.003161811305942 0.0033366692961434 0.0034635208050319 0.003549734464947 0.0036012535521002 0.0036251825948168 0.0036240782310622 0.0036063828330422 0.0035720098097187 0.0035272738795998 0.0034701726345116 0.0034158211300514 0.0033492348360592 0.0032861765529068
0.0014656826239121 0.0013674808941669 0.0016576581997903 0.0020838026486792 0.002459989569118 0.0027677386025275 0.0030050198389747 0.0031884828079072 0.0033275071888667 0.0034282328105071 0.0034955436926892 0.0035355950358901 0.003550445463672 0.0035481582118419 0.0035272738795998 0.0034998941698316 0.0034520863095709 0.0034074736719374 0.0033532525092788 0.0032986226870436
0.0013243527028388 0.001265548296076 0.0015383053396614 0.0019440555646822 0.0023085515046043 0.0026114624949381 0.002850838428497 0.0030409833004828 0.0031898437133804 0.0033026395757389 0.0033834267664379 0.0034375049583624 0.0034664637276288 0.0034779705639637 0.0034701726345116 0.0034520863095709 0.0034572229901626 0.0033837636913896 0.0033412146406898 0.0032947962163465
0.0012650453384268 0.0011939010943716 0.0014419830977374 0.0018397738952082 0.002198926249996 0.0024978488788303 0.0027365191308927 0.002928783253737 0.0030822827932671 0.0032016951434016 0.003290571866949 0.0033536479683498 0.0033922619815542 0.0034137258310167 0.0034158211300514 0.0034074736719374 0.0033837636913896 0.0034033799109259 0.0033237966571338 0.0032844673230547
0.0011949853405386 0.0011105122572465 0.0013362798494952 0.0017098734358833 0.0020512746262284 0.0023420738157013 0.0025800640179164 0.002776837488313 0.0029386609767715 0.0030690854268571 0.0031706084400419 0.0032470716541305 0.0032992986985787 0.0033341788352821 0.0033492348360592 0.0033532525092788 0.0033412146406898 0.0033237966571338 0.0033107754065249 0.0032722143586436
0.0011360204363179 0.0010413678984276 0.0012530748758951 0.0016152124036495 0.0019472016821982 0.0022319641994994 0.0024680755315591 0.0026660685951536 0.0028313434582418 0.0029669769954463 0.0030751028509923 0.0031590396641999 0.0032193687343558 0.0032626449974944 0.0032861765529068 0.0032986226870436 0.0032947962163465 0.0032844673230547 0.0032722143586436 0.0032481234136098
