0.13697580141671 0.12112891129162 0.10399257773743 0.087873253830482 0.072806051140922 0.059501007063672 0.047654751081986 0.037222480817781 0.028324380370288 0.020672949282824
0.12112891129162 0.12210478809274 0.11535341486851 0.10556588689253 0.094239089661828 0.082583854529193 0.070996040927107 0.059837121574617 0.049448432737869 0.039883862724796
0.10399257773743 0.11535341486851 0.11656002034144 0.11261796100983 0.10553244427307 0.096659970945108 0.086747906706241 0.076381465117452 0.066039525931191 0.055998155026408
0.087873253830482 0.10556588689253 0.11261796100983 0.11358965117361 0.11052818481516 0.10473588585055 0.097098888783736 0.088298632717105 0.078879166283021 0.069249912335546
0.072806051140922 0.094239089661828 0.10553244427307 0.11052818481516 0.11109108315791 0.1083621327503 0.10323908528606 0.096415652563565 0.088446931700569 0.07981227762844
0.059501007063672 0.082583854529193 0.096659970945108 0.10473588585055 0.1083621327503 0.10845896058624 0.10584685980136 0.10117074000274 0.094955390393464 0.087697927375233
0.047654751081986 0.070996040927107 0.086747906706241 0.097098888783736 0.10323908528606 0.10584685980136 0.10561685956033 0.10310816909511 0.098787256290345 0.093132722460512
0.037222480817781 0.059837121574617 0.076381465117452 0.088298632717105 0.096415652563565 0.10117074000274 0.10310816909511 0.10268007337767 0.10027672797265 0.096332649325206
0.028324380370288 0.049448432737869 0.066039525931191 0.078879166283021 0.088446931700569 0.094955390393464 0.098787256290345 0.10027672797265 0.099727547191558 0.097511647609253
0.020672949282824 0.039883862724796 0.055998155026408 0.069249912335546 0.07981227762844 0.087697927375233 0.093132722460512 0.096332649325206 0.097511647609253 0.096969427554494
