3.1415926535898 0.38017284409352 3.0706043700375 0.19098937030087 -3.0341847153444 0.056683326189191 -3.1154671527699 0.035881493005495 -3.1011958255069 0.042124099464409
-0.38017284409352 3.1415926535898 -0.050540251058385 3.0668874370818 -0.12280174656433 2.9916213752404 -0.19496191065632 2.9218850278367 -0.25283269181132 2.852536053457
-3.0706043700375 0.050540251058385 3.1415926535898 -0.042403186318221 3.0605893404147 -0.076333122782508 3.0405634192827 -0.11709343954996 3.00130792758 -0.1615870718605
-0.19098937030087 -3.0668874370818 0.042403186318221 3.1415926535898 -0.024225354191752 3.1234347398684 -0.03097226029764 3.1026374308769 -0.050250200528482 3.0790495141339
3.0341847153444 0.12280174656433 -3.0605893404147 0.024225354191752 3.1415926535898 0.0017584294594218 3.132989321044 -0.014477762031173 3.117999811765 -0.034551965002066
-0.056683326189191 -2.9916213752404 0.076333122782508 -3.1234347398684 -0.0017584294594218 3.1415926535898 -0.0035696400362813 3.1369070729663 -0.0089286471942005 3.12532171423
3.1154671527699 0.19496191065632 -3.0405634192827 0.03097226029764 -3.132989321044 0.0035696400362813 3.1415926535898 -0.0011310179582326 3.1370165564403 -0.010726809946334
-0.035881493005495 -2.9218850278367 0.11709343954996 -3.1026374308769 0.014477762031173 -3.1369070729663 0.0011310179582326 3.1415926535898 -0.003056151870637 3.132555536186
3.1011958255069 0.25283269181132 -3.00130792758 0.050250200528482 -3.117999811765 0.0089286471942005 -3.1370165564403 0.003056151870637 3.1415926535898 -0.0061263492018858
-0.042124099464409 -2.852536053457 0.1615870718605 -3.0790495141339 0.034551965002066 -3.12532171423 0.010726809946334 -3.132555536186 0.0061263492018858 3.1415926535898
