0.00049547145607126 0.00035734636159521 0.00027406580613343 0.00024278637555181 0.00022177120860243 0.00020744234067715 0.00019646674502829 0.00018773622633717 0.00018122896675992 0.0001756746662443
0.00035734636159521 0.00025949470544025 0.00021308843646946 0.00018183402920411 0.00016251077109644 0.00015103260934847 0.00014322483703746 0.00013802454572282 0.00013415171782779 0.00013085848747638
0.00027406580613343 0.00021308843646946 0.00016735233802998 0.00014221981453018 0.00012684212170954 0.00011861623834005 0.00011286809669542 0.00010886869576813 0.00010585492484356 0.00010329528282519
0.00024278637555181 0.00018183402920411 0.00014221981453018 0.00011778644781664 0.00010707898575876 0.00010060034434079 9.6142219156669e-05 9.2989340111442e-05 9.0630548230078e-05 8.8543396315096e-05
0.00022177120860243 0.00016251077109644 0.00012684212170954 0.00010707898575876 0.00010040736581787 9.6290495434281e-05 9.2692271749706e-05 8.9887273802785e-05 8.7692739851809e-05 8.5771552656066e-05
0.00020744234067715 0.00015103260934847 0.00011861623834005 0.00010060034434079 9.6290495434281e-05 9.3003643808704e-05 8.9897496621009e-05 8.735694525804e-05 8.5340542366113e-05 8.3563240882596e-05
0.00019646674502829 0.00014322483703746 0.00011286809669542 9.6142219156669e-05 9.2692271749706e-05 8.9897496621009e-05 8.707139274534e-05 8.4750591428605e-05 8.2899458968104e-05 8.1264241835656e-05
0.00018773622633717 0.00013802454572282 0.00010886869576813 9.2989340111442e-05 8.9887273802785e-05 8.735694525804e-05 8.4750591428605e-05 8.2605935040275e-05 8.0912230288207e-05 7.9422901430958e-05
0.00018122896675992 0.00013415171782779 0.00010585492484356 9.0630548230078e-05 8.7692739851809e-05 8.5340542366113e-05 8.2899458968104e-05 8.0912230288207e-05 7.9390155059771e-05 7.8016968371486e-05
0.0001756746662443 0.00013085848747638 0.00010329528282519 8.8543396315096e-05 8.5771552656066e-05 8.3563240882596e-05 8.1264241835656e-05 7.9422901430958e-05 7.8016968371486e-05 7.6810523740106e-05
