0.10136682175827 0.00024058286846481 -0.00023965999001149 0.00022493411080213 -0.00013448102954523 0.00012038999127303 -0.00013241116587093 0.00012404061458055 -0.00010610024774205 8.7713373680926e-05
0.00024058286846481 0.0060227611797981 -0.00027869718232206 0.00021784132867963 0.0005241053743776 -0.0003880303563252 0.00055590165283842 -0.00048924986713763 0.00043898684024374 -0.00044050472652058
-0.00023965999001149 -0.00027869718232206 0.0076545236588265 -0.0021505661060348 0.00095519830813001 -0.00033231139331902 0.0002941668060623 -0.00035973755671447 0.00027161814797742 -0.0001958863349855
0.00022493411080213 0.00021784132867963 -0.0021505661060348 0.0062870874555003 -0.0029511546440783 0.0018335150994252 -0.0015198179848324 0.0011910205974465 -0.0009276264225217 0.00075967325912083
-0.00013448102954523 0.0005241053743776 0.00095519830813001 -0.0029511546440783 0.0035700539367159 -0.0019843644850839 0.0017072597603948 -0.0013967656657476 0.0011396391012613 -0.00093154064115476
0.00012038999127303 -0.0003880303563252 -0.00033231139331902 0.0018335150994252 -0.0019843644850839 0.0022161803225181 -0.0017933024588549 0.0015008116359129 -0.0012617856490697 0.0010594497233471
-0.00013241116587093 0.00055590165283842 0.0002941668060623 -0.0015198179848324 0.0017072597603948 -0.0017933024588549 0.0020330410450318 -0.0018067467981991 0.0015712338127632 -0.0013620806822004
0.00012404061458055 -0.00048924986713763 -0.00035973755671447 0.0011910205974465 -0.0013967656657476 0.0015008116359129 -0.0018067467981991 0.0018228767837759 -0.0016818516457519 0.0015147203744748
-0.00010610024774205 0.00043898684024374 0.00027161814797742 -0.0009276264225217 0.0011396391012613 -0.0012617856490697 0.0015712338127632 -0.0016818516457519 0.0016541461960626 -0.0015473248776161
8.7713373680926e-05 -0.00044050472652058 -0.0001958863349855 0.00075967325912083 -0.00093154064115476 0.0010594497233471 -0.0013620806822004 0.0015147203744748 -0.0015473248776161 0.0014982726411884
