0.014930182558006 -0.0028650385583441 0.0021802975633878 -0.001620776903416 0.0011925342640866 -0.0010495902194236 0.00092348929569844 -0.00078533414153908 0.00069453270402392 -0.00063687607237433
-0.0028650385583441 0.008887955460526 -0.0027644737427778 0.0021562832382222 -0.0017393883000788 0.0015124117576595 -0.001206571998847 0.00096374947863375 -0.00080935249290272 0.00070100586117956
0.0021802975633878 -0.0027644737427778 0.0067532939194231 -0.0030733955129614 0.0022595764512481 -0.0018109416748381 0.0014653804271301 -0.0012481994544096 0.0010758307981289 -0.0009549250105461
-0.001620776903416 0.0021562832382222 -0.0030733955129614 0.0050270465921752 -0.0032480432378503 0.0024997410395032 -0.0020615000214791 0.0017569109432912 -0.0015492107485735 0.0013890717612559
0.0011925342640866 -0.0017393883000788 0.0022595764512481 -0.0032480432378503 0.0039880101911018 -0.0030745489488447 0.0025080398710816 -0.0021218360872969 0.0018612081714528 -0.0016661751377779
-0.0010495902194236 0.0015124117576595 -0.0018109416748381 0.0024997410395032 -0.0030745489488447 0.003216387690068 -0.0027617063645387 0.0024080105639804 -0.0021405771773699 0.0019298108345221
0.00092348929569844 -0.001206571998847 0.0014653804271301 -0.0020615000214791 0.0025080398710816 -0.0027617063645387 0.0027104837417099 -0.0024860131734234 0.0022745456240816 -0.0020880879051519
-0.00078533414153908 0.00096374947863375 -0.0012481994544096 0.0017569109432912 -0.0021218360872969 0.0024080105639804 -0.0024860131734234 0.0024396644066984 -0.0023165191338769 0.0021769749360212
0.00069453270402392 -0.00080935249290272 0.0010758307981289 -0.0015492107485735 0.0018612081714528 -0.0021405771773699 0.0022745456240816 -0.0023165191338769 0.0022776827647123 -0.0021925660949604
-0.00063687607237433 0.00070100586117956 -0.0009549250105461 0.0013890717612559 -0.0016661751377779 0.0019298108345221 -0.0020880879051519 0.0021769749360212 -0.0021925660949604 0.0021553180057916
