0.041307835106363 -0.015385211554336 0.010632119576767 -0.008286917791367 0.0067195323620564 -0.0056073722726324 0.0047123239967292 -0.0040185560569168 0.0034959584404092 -0.00308049489183
-0.015385211554336 0.018319281046012 -0.008506435595949 0.0062473551214749 -0.0048908753570645 0.0039944442294182 -0.0033268966131815 0.0028315532311465 -0.0024532392028002 0.002148006744816
0.010632119576767 -0.008506435595949 0.011804935060302 -0.0078670415003455 0.0059495691954276 -0.0046949439053026 0.0038310669233595 -0.0031863620664369 0.0027006863344278 -0.0023186042646017
-0.008286917791367 0.0062473551214749 -0.0078670415003455 0.00834084435982 -0.0066408690221165 0.0053886595921429 -0.0044714147820311 0.0037628107729854 -0.0032127756161214 0.0027739407816399
0.0067195323620564 -0.0048908753570645 0.0059495691954276 -0.0066408690221165 0.0062681873326717 -0.0054271592690216 0.0046800069318469 -0.0040484007290188 0.0035281985654546 -0.0030994308858025
-0.0056073722726324 0.0039944442294182 -0.0046949439053026 0.0053886595921429 -0.0054271592690216 0.0050821683763224 -0.0045890910771309 0.0041060785287566 -0.0036731890632783 0.003296536616584
0.0047123239967292 -0.0033268966131815 0.0038310669233595 -0.0044714147820311 0.0046800069318469 -0.0045890910771309 0.0043211529583572 -0.003987242992982 0.0036532248502761 -0.0033423846987894
-0.0040185560569168 0.0028315532311465 -0.0031863620664369 0.0037628107729854 -0.0040484007290188 0.0041060785287566 -0.003987242992982 0.0037817880848316 -0.0035429895535746 0.0033013939426465
0.0034959584404092 -0.0024532392028002 0.0027006863344278 -0.0032127756161214 0.0035281985654546 -0.0036731890632783 0.0036532248502761 -0.0035429895535746 0.0033848016242898 -0.0032067825383534
-0.00308049489183 0.002148006744816 -0.0023186042646017 0.0027739407816399 -0.0030994308858025 0.003296536616584 -0.0033423846987894 0.0033013939426465 -0.0032067825383534 0.0030829263890676
