0.054193416358507 0.016195118649566 0.010954828794008 0.0081911808939543 0.0061252936068853 0.0045252771413489 0.0032706428121132 0.0024069915650583 0.0019202834533938 0.0017648096786369
0.016195118649566 0.015890610315329 0.012177150352543 0.0096730076916851 0.0076324473064919 0.0059973786719324 0.0047007550224383 0.0036770031647643 0.0028621908715197 0.0022092010487232
0.010954828794008 0.012177150352543 0.012078089803387 0.010678250872261 0.0092216819675665 0.0078506805577635 0.0066587597098838 0.0056488897075223 0.0047912064514102 0.0040620053748312
0.0081911808939543 0.0096730076916851 0.010678250872261 0.010292039387972 0.0094897253106449 0.0085512054918944 0.0076349870274011 0.0067960774658134 0.0060380327819822 0.0053600092259314
0.0061252936068853 0.0076324473064919 0.0092216819675665 0.0094897253106449 0.0092925340293808 0.0088043035441216 0.0082110337785477 0.007594903565666 0.0069858077867118 0.0064033378038857
0.0045252771413489 0.0059973786719324 0.0078506805577635 0.0085512054918944 0.0088043035441216 0.0087044987829756 0.0084192738210954 0.0080362320631938 0.0075988963546095 0.0071397236629921
0.0032706428121132 0.0047007550224383 0.0066587597098838 0.0076349870274011 0.0082110337785477 0.0084192738210954 0.00840197132881 0.0082376212664462 0.0079734321329269 0.0076476708584779
0.0024069915650583 0.0036770031647643 0.0056488897075223 0.0067960774658134 0.007594903565666 0.0080362320631938 0.0082376212664462 0.0082641233943109 0.008160363598335 0.0079653820268068
0.0019202834533938 0.0028621908715197 0.0047912064514102 0.0060380327819822 0.0069858077867118 0.0075988963546095 0.0079734321329269 0.008160363598335 0.0081989601994177 0.0081259010478726
0.0017648096786369 0.0022092010487232 0.0040620053748312 0.0053600092259314 0.0064033378038857 0.0071397236629921 0.0076476708584779 0.0079653820268068 0.0081259010478726 0.0081620527895108
