0.0083874234200242 1.9840175093528e-05 -1.0026319554952e-05 -6.8182147692147e-05 0.00010177350210466 -3.945762512204e-05 2.90231273971e-05 -1.583275449192e-05 8.9483232111535e-06 -1.0652481805259e-05
1.9840175093528e-05 0.0058526603064773 -0.0012237622936665 0.00064668140848932 -0.00044418564260533 0.00034861097246033 -0.00028887640523868 0.00023630892204063 -0.00020106912632904 0.00017012619846831
-1.0026319554952e-05 -0.0012237622936665 0.0041337832968938 -0.0015775011048326 0.0010423519703619 -0.00079234380044513 0.0006549450540029 -0.00056041628189497 0.00048199365075256 -0.00042094193911785
-6.8182147692147e-05 0.00064668140848932 -0.0015775011048326 0.0027217573978406 -0.0016184916637226 0.0012213864434723 -0.00098757056919065 0.00081184362610232 -0.0006919075629947 0.00060160342861256
0.00010177350210466 -0.00044418564260533 0.0010423519703619 -0.0016184916637226 0.0018493369927343 -0.0014297024563756 0.0011671042936728 -0.00098159100675523 0.00084575269113084 -0.00074616469332857
-3.945762512204e-05 0.00034861097246033 -0.00079234380044513 0.0012213864434723 -0.0014297024563756 0.0014468186897231 -0.0012337017819644 0.0010710863706981 -0.00094357665602857 0.00084545923647337
2.90231273971e-05 -0.00028887640523868 0.0006549450540029 -0.00098757056919065 0.0011671042936728 -0.0012337017819644 0.0011848207867608 -0.0010731349461628 0.00097150244545743 -0.00088569898156146
-1.583275449192e-05 0.00023630892204063 -0.00056041628189497 0.00081184362610232 -0.00098159100675523 0.0010710863706981 -0.0010731349461628 0.0010299190639816 -0.00096013105975864 0.00089337849623373
8.9483232111535e-06 -0.00020106912632904 0.00048199365075256 -0.0006919075629947 0.00084575269113084 -0.00094357665602857 0.00097150244545743 -0.00096013105975864 0.00092437526122514 -0.00087732981938533
-1.0652481805259e-05 0.00017012619846831 -0.00042094193911785 0.00060160342861256 -0.00074616469332857 0.00084545923647337 -0.00088569898156146 0.00089337849623373 -0.00087732981938533 0.00084855976841153
