0.025066053876487 0.012365500541964 0.010244883243393 0.0090936092107593 0.0082610979606605 0.0075819731435213 0.0069923709923475 0.0064678551624893 0.0059977305670407 0.0055748267682655
0.012365500541964 0.0070037988989677 0.0061626166013654 0.0056689913460622 0.0052728996822733 0.0049183795400146 0.0045879194749929 0.0042788290052695 0.003991847683556 0.0037269657904616
0.010244883243393 0.0061626166013654 0.0056548698144043 0.0053537091420362 0.0050842991463604 0.0048180572992333 0.0045509810832159 0.0042881004662575 0.004034904112233 0.0037945858477968
0.0090936092107593 0.0056689913460622 0.0053537091420362 0.0051824306418944 0.0050079239092643 0.0048132777858903 0.0046008674879303 0.0043797240501478 0.0041581122010427 0.0039413010409212
0.0082610979606605 0.0052728996822733 0.0050842991463604 0.0050079239092643 0.0049106006077026 0.0047793723717873 0.0046189471303989 0.0044400484268518 0.0042523149879133 0.0040622362551642
0.0075819731435213 0.0049183795400146 0.0048180572992333 0.0048132777858903 0.0047793723717873 0.0047041247339116 0.0045923582250273 0.0044550419192396 0.004302218216571 0.0041409439866444
0.0069923709923475 0.0045879194749929 0.0045509810832159 0.0046008674879303 0.0046189471303989 0.0045923582250273 0.0045250145468613 0.0044272914223125 0.0043089875185164 0.004177237552121
0.0064678551624893 0.0042788290052695 0.0042881004662575 0.0043797240501478 0.0044400484268518 0.0044550419192396 0.0044272914223125 0.0043661674773239 0.0042808260653517 0.0041781342784101
0.0059977305670407 0.003991847683556 0.004034904112233 0.0041581122010427 0.0042523149879133 0.004302218216571 0.0043089875185164 0.0042808260653517 0.0042260412758964 0.0041510102425232
0.0055748267682655 0.0037269657904616 0.0037945858477968 0.0039413010409212 0.0040622362551642 0.0041409439866444 0.004177237552121 0.0041781342784101 0.0041510102425232 0.004101630518174
