-0.007969788301985 0.00048088168066748 -5.5912560426547e-05 0.00017129847455022 -5.4715288068678e-05 4.6311096354575e-05 -2.9637178017622e-05 -1.4807152393664e-05 3.3946558117827e-05 -4.9876682200934e-05
0.00048088168066748 -0.0063727730362187 0.00095838693207079 -0.00058842688143534 0.00030375781168217 -0.0002036067594968 0.00010905587102097 -7.7367218306347e-05 4.9855514015507e-05 -3.0772026066832e-05
-5.5912560426547e-05 0.00095838693207079 -0.0047873153267793 0.0015150130605749 -0.0009490823177296 0.0006869869494177 -0.00050807559267572 0.00039906922960381 -0.00031153160177641 0.00025189698087832
0.00017129847455022 -0.00058842688143534 0.0015150130605749 -0.0031081168577659 0.0017548664393393 -0.0012131630147609 0.00092504672644103 -0.00073270284459057 0.00060671522183423 -0.00051617787893105
-5.4715288068678e-05 0.00030375781168217 -0.0009490823177296 0.0017548664393393 -0.0022762754483827 0.001612437394361 -0.0012474514096713 0.0010181894482418 -0.00085575021152875 0.00073788547472768
4.6311096354575e-05 -0.0002036067594968 0.0006869869494177 -0.0012131630147609 0.001612437394361 -0.0016166286474201 0.0013232202898517 -0.0011124821987926 0.00095794640695496 -0.00083924062539183
-2.9637178017622e-05 0.00010905587102097 -0.00050807559267572 0.00092504672644103 -0.0012474514096713 0.0013232202898517 -0.001264621188721 0.0011202500436396 -0.00099845901301236 0.00089624216202361
-1.4807152393664e-05 -7.7367218306347e-05 0.00039906922960381 -0.00073270284459057 0.0010181894482418 -0.0011124821987926 0.0011202500436396 -0.0010697430088166 0.00098846459962466 -0.00090995172507467
3.3946558117827e-05 4.9855514015507e-05 -0.00031153160177641 0.00060671522183423 -0.00085575021152875 0.00095794640695496 -0.00099845901301236 0.00098846459962466 -0.00094929830618742 0.00089518222985494
-4.9876682200934e-05 -3.0772026066832e-05 0.00025189698087832 -0.00051617787893105 0.00073788547472768 -0.00083924062539183 0.00089624216202361 -0.00090995172507467 0.00089518222985494 -0.0008648441122092
