0.00057034676349137 0.00045578259065924 0.0003734138526259 0.00032708203066825 0.00028246449286511 0.00026405585845717 0.00025091588373725 0.00023886126680684 0.00022855860205271 0.00022053661958071
0.00045578259065924 0.00057824221068933 0.00041154723270787 0.00034867260609452 0.00029560487673756 0.00028059851307055 0.00026575465530645 0.00025251782851356 0.00023931000727242 0.00022705968778326
0.0003734138526259 0.00041154723270787 0.00045749034699025 0.00034327210683126 0.00028752382314661 0.00026224638299204 0.0002446277698461 0.00023172810469641 0.00022104054642037 0.000211583987412
0.00032708203066825 0.00034867260609452 0.00034327210683126 0.00034503614366902 0.00028502155889778 0.00025630704198211 0.00023480805923898 0.0002200365725342 0.00020838812211152 0.00019836372139282
0.00028246449286511 0.00029560487673756 0.00028752382314661 0.00028502155889778 0.00027684999132718 0.00025489571661718 0.00023592298201626 0.00022029172804214 0.00020726929215192 0.00019619684392822
0.00026405585845717 0.00028059851307055 0.00026224638299204 0.00025630704198211 0.00025489571661718 0.0002481895825706 0.00023277855983818 0.00021841946168946 0.00020568966345485 0.00019468413195653
0.00025091588373725 0.00026575465530645 0.0002446277698461 0.00023480805923898 0.00023592298201626 0.00023277855983818 0.00022579840128015 0.00021600600607251 0.00020585897013319 0.00019647146553759
0.00023886126680684 0.00025251782851356 0.00023172810469641 0.0002200365725342 0.00022029172804214 0.00021841946168946 0.00021600600607251 0.00021092101495228 0.00020409564079985 0.00019707409396786
0.00022855860205271 0.00023931000727242 0.00022104054642037 0.00020838812211152 0.00020726929215192 0.00020568966345485 0.00020585897013319 0.00020409564079985 0.00020055238094014 0.00019623305151097
0.00022053661958071 0.00022705968778326 0.000211583987412 0.00019836372139282 0.00019619684392822 0.00019468413195653 0.00019647146553759 0.00019707409396786 0.00019623305151097 0.00019486072186847
