0.057292170397217 0.043364076136811 0.045752445515097 0.04856609297532 0.051099638891048 0.053250573331914 0.055017379961172 0.056421872208802 0.057490083080141 0.058247869771082
0.043364076136811 0.032843867867332 0.034670603868237 0.036819746742528 0.038757174767084 0.040405127423357 0.041762226877574 0.042844831041158 0.043672507809244 0.044264702242266
0.045752445515097 0.034670603868237 0.036614277626468 0.038898924869332 0.040960729310798 0.04271746193957 0.044167437766743 0.045327768756671 0.046218952215345 0.046861382360044
0.04856609297532 0.036819746742528 0.038898924869332 0.041341053527225 0.043547328646498 0.045430271200685 0.04698784392959 0.048238061691231 0.049202511139629 0.049902718940244
0.051099638891048 0.038757174767084 0.040960729310798 0.043547328646498 0.045886614807539 0.047886320689944 0.049544055356472 0.050878598195212 0.051912499574014 0.052668263644496
0.053250573331914 0.040405127423357 0.04271746193957 0.045430271200685 0.047886320689944 0.049989232896319 0.051736250421426 0.053146765743343 0.054244096352411 0.055051547161117
0.055017379961172 0.041762226877574 0.044167437766743 0.04698784392959 0.049544055356472 0.051736250421426 0.053561310909032 0.055039078119961 0.056193461028613 0.057048376187713
0.056421872208802 0.042844831041158 0.045327768756671 0.048238061691231 0.050878598195212 0.053146765743343 0.055039078119961 0.056575694593949 0.057780922864157 0.058679136949336
0.057490083080141 0.043672507809244 0.046218952215345 0.049202511139629 0.051912499574014 0.054244096352411 0.056193461028613 0.057780922864157 0.059031051382803 0.05996850522569
0.058247869771082 0.044264702242266 0.046861382360044 0.049902718940244 0.052668263644496 0.055051547161117 0.057048376187713 0.058679136949336 0.05996850522569 0.060941292098651
