0 -3.0630678169385 0.041715864437144 3.0846424171331 -0.081800135637196 3.0890581774331 -0.021600634249058 -3.1284825946549 0.056488634274263 -3.0498596086813
3.0630678169385 0 3.0863473041554 -0.075673662803732 3.0558531348179 -0.10322539964913 3.0350567008388 -0.10258142236854 3.0498341012797 -0.080443358689669
-0.041715864437144 -3.0863473041554 0 3.1366197903245 0.0016742899051123 3.1375786614823 -0.0020051987972036 -3.1406829429145 0.0054418018377127 -3.1327301598068
-3.0846424171331 0.075673662803732 -3.1366197903245 0 -3.1372122420641 0.0033870698229763 -3.1350996861018 0.0096998775365377 -3.128455856659 0.015815660286909
0.081800135637196 -3.0558531348179 -0.0016742899051123 3.1372122420641 0 -3.141211573454 0.0031443693585679 -3.1354659408828 0.0090745045988114 -3.1299540655786
-3.0890581774331 0.10322539964913 -3.1375786614823 -0.0033870698229763 3.141211573454 0 -3.1398134144646 0.0038348934839179 -3.1356823557705 0.0077721682895985
0.021600634249058 -3.0350567008388 0.0020051987972036 3.1350996861018 -0.0031443693585679 3.1398134144646 0 -3.1394553504615 0.0042458111703832 -3.1354618667906
3.1284825946549 0.10258142236854 3.1406829429145 -0.0096998775365377 3.1354659408828 -0.0038348934839179 3.1394553504615 0 -3.1394749730654 0.0039891088855749
-0.056488634274263 -3.0498341012797 -0.0054418018377127 3.128455856659 -0.0090745045988114 3.1356823557705 -0.0042458111703832 3.1394749730654 0 -3.1397624308899
3.0498596086813 0.080443358689669 3.1327301598068 -0.015815660286909 3.1299540655786 -0.0077721682895985 3.1354618667906 -0.0039891088855749 3.1397624308899 0
