0 3.0154781177984 -0.19608643391433 2.8913129587469 -0.237341172022 2.9464100825788 -0.13962934736641 3.0666428096003 0.012601722028989 -2.6840632543252
-3.0154781177984 0 3.1150816365213 -0.03515330125286 3.1179954639519 -0.0068827649124509 -3.1290070075987 0.033122091074271 -3.0834220410003 0.09288745507081
0.19608643391433 -3.1150816365213 0 -3.1392888351855 0.011985964538735 -3.1163027746592 0.040526131271217 -3.0839228775628 0.078716858502177 -3.0352270052614
-2.8913129587469 0.03515330125286 3.1392888351855 0 -3.1309774058146 0.024069084105021 -3.1029459718483 0.053914609988946 -3.0703725241262 0.092122371005829
0.237341172022 -3.1179954639519 -0.011985964538735 3.1309774058146 0 -3.1286760116546 0.026014804921348 -3.1029572786103 0.051793468553095 -3.0751017924227
-2.9464100825788 0.0068827649124509 3.1163027746592 -0.024069084105021 3.1286760116546 0 -3.129313156116 0.023230628171502 -3.1078176098173 0.044725762784161
0.13962934736641 3.1290070075987 -0.040526131271217 3.1029459718483 -0.026014804921348 3.129313156116 0 -3.1313223577117 0.019477906052649 -3.1131787817423
-3.0666428096003 -0.033122091074271 3.0839228775628 -0.053914609988946 3.1029572786103 -0.023230628171502 3.1313223577117 0 -3.1329372743585 0.016552542582391
-0.012601722028989 3.0834220410003 -0.078716858502177 3.0703725241262 -0.051793468553095 3.1078176098173 -0.019477906052649 3.1329372743585 0 -3.1341163544454
2.6840632543252 -0.09288745507081 3.0352270052614 -0.092122371005829 3.0751017924227 -0.044725762784161 3.1131787817423 -0.016552542582391 3.1341163544454 0
