0 -3.1206053190115 0.32255910226205 -2.9594716132452 0.737964816442 -2.6263512429791 0.32562632705531 -2.7915102244903 0.39684370988802 -2.7596757861046
3.1206053190115 0 -3.083945373206 0.14675933227891 -2.7876302761829 0.37050408720377 -2.7501897909763 0.39765921458663 -2.8517218579673 0.22701046487118
-0.32255910226205 3.083945373206 0 -3.1393100490444 0.19209305768853 -2.9396184082242 0.11605641281819 -3.1201447070178 -0.01535599304833 3.0848969555414
2.9594716132452 -0.14675933227891 3.1393100490444 0 -3.1228887044243 0.17135008220115 -2.9612246355866 0.072524453999337 -3.1041993107751 0.063095088191482
-0.737964816442 2.7876302761829 -0.19209305768853 3.1228887044243 0 -3.1330726508454 -0.059148763616437 3.0693562165152 -0.046867705526482 3.1065923316579
2.6263512429791 -0.37050408720377 2.9396184082242 -0.17135008220115 3.1330726508454 0 3.1130558561916 -0.016273523238422 -3.116947014167 0.038502227135825
-0.32562632705531 2.7501897909763 -0.11605641281819 2.9612246355866 0.059148763616437 -3.1130558561916 0 3.1321176661882 0.00072174127131156 -3.1376617694994
2.7915102244903 -0.39765921458663 3.1201447070178 -0.072524453999337 -3.0693562165152 0.016273523238422 -3.1321176661882 0 -3.1384007336164 3.7664627593966e-05
-0.39684370988802 2.8517218579673 0.01535599304833 3.1041993107751 0.046867705526482 3.116947014167 -0.00072174127131156 3.1384007336164 0 3.1382150036671
2.7596757861046 -0.22701046487118 -3.0848969555414 -0.063095088191482 -3.1065923316579 -0.038502227135825 3.1376617694994 -3.7664627593966e-05 -3.1382150036671 0
