0.058574974824456 0.052450098322971 0.058035245425295 0.062712497288903 0.066393678038976 0.069197915659548 0.071303885991228 0.072770963585065 0.073711074272724 0.07416308537977
0.052450098322971 0.047839372234875 0.0533300868361 0.057904765849415 0.061519369768805 0.064305594134021 0.066417155256701 0.06792715738958 0.06892923832196 0.069469516942066
0.058035245425295 0.0533300868361 0.059655339472969 0.064927187472244 0.069108858176767 0.072355199324283 0.074833282542299 0.076631672542066 0.077851167171708 0.078547205544652
0.062712497288903 0.057904765849415 0.064927187472244 0.070787646448739 0.075452754629026 0.079095044154119 0.081892733453467 0.083946192339741 0.085362370934742 0.086203866677649
0.066393678038976 0.061519369768805 0.069108858176767 0.075452754629026 0.080519330383401 0.084494499431626 0.087564952344664 0.089840107296041 0.091431616214715 0.09240756993565
0.069197915659548 0.064305594134021 0.072355199324283 0.079095044154119 0.084494499431626 0.088749716627619 0.092053400200064 0.094522067131408 0.096270657283721 0.097371556257308
0.071303885991228 0.066417155256701 0.074833282542299 0.081892733453467 0.087564952344664 0.092053400200064 0.09555495428285 0.098191331200919 0.10007974881695 0.10129573749158
0.072770963585065 0.06792715738958 0.076631672542066 0.083946192339741 0.089840107296041 0.094522067131408 0.098191331200919 0.10097350577971 0.10298703614794 0.1043097836241
0.073711074272724 0.06892923832196 0.077851167171708 0.085362370934742 0.091431616214715 0.096270657283721 0.10007974881695 0.10298703614794 0.10511141798255 0.10653226123559
0.07416308537977 0.069469516942066 0.078547205544652 0.086203866677649 0.09240756993565 0.097371556257308 0.10129573749158 0.1043097836241 0.10653226123559 0.10804355321846
