0.0068992322998856 0.0019158247032142 0.00067722204831618 0.00029417021307667 0.0010379692180997 0.0017468479756399 0.0024014570939868 0.0030129654589553 0.003595850807321 0.0041469763068057
0.0019158247032142 0.0013719054352375 0.0010935555825431 0.00078151845186404 0.00045679369054196 0.00019459363843892 0.00035869252635127 0.00070235722486182 0.0010651679917078 0.0014306605238075
0.00067722204831618 0.0010935555825431 0.0011083667389457 0.0010161421795121 0.00086834838197136 0.00069106068753217 0.00050060355105912 0.00032891055358438 0.0002725103024192 0.00040485961489694
0.00029417021307667 0.00078151845186404 0.0010161421795121 0.001114168869515 0.0011403585906073 0.0011255247583094 0.0010788678304716 0.0010092357239617 0.00092480227467813 0.00082957035621585
0.0010379692180997 0.00045679369054196 0.00086834838197136 0.0011403585906073 0.0013358770144865 0.001487000239467 0.0016003562925121 0.0016836819207089 0.0017442178065023 0.0017834939369245
0.0017468479756399 0.00019459363843892 0.00069106068753217 0.0011255247583094 0.001487000239467 0.0018046813091262 0.0020820446477473 0.0023256513030459 0.0025422512575062 0.0027323467578548
0.0024014570939868 0.00035869252635127 0.00050060355105912 0.0010788678304716 0.0016003562925121 0.0020820446477473 0.0025231918117486 0.0029286542033835 0.0033043190378761 0.0036495891032809
0.0030129654589553 0.00070235722486182 0.00032891055358438 0.0010092357239617 0.0016836819207089 0.0023256513030459 0.0029286542033835 0.0034953480428433 0.0040304412634873 0.0045321381967433
0.003595850807321 0.0010651679917078 0.0002725103024192 0.00092480227467813 0.0017442178065023 0.0025422512575062 0.0033043190378761 0.0040304412634873 0.0047239266524523 0.0053817003432583
0.0041469763068057 0.0014306605238075 0.00040485961489694 0.00082957035621585 0.0017834939369245 0.0027323467578548 0.0036495891032809 0.0045321381967433 0.0053817003432583 0.00619386092691
