0.0024809222072893 0.001508991429665 0.0013673559510727 0.0012119985532842 0.0011488513348156 0.0011001334046369 0.0010379200487704 0.00098510907396186 0.00094414768319557 0.00090926557669372
0.001508991429665 0.00079167147665335 0.00075372927078563 0.00068061501198506 0.00066517166814689 0.00063650849258241 0.00059673797408219 0.00056029869762377 0.00053273931813394 0.00050908195533645
0.0013673559510727 0.00075372927078563 0.00069691506680922 0.00061604635672701 0.00059510887105538 0.00057607663395324 0.00054591211556228 0.00051848016762768 0.00049805856995846 0.00048039192465392
0.0012119985532842 0.00068061501198506 0.00061604635672701 0.00056013262241616 0.00054629054129276 0.00052638071198959 0.00049395468069861 0.00046588288429195 0.00044471250946247 0.00042645397670487
0.0011488513348156 0.00066517166814689 0.00059510887105538 0.00054629054129276 0.0005373845884251 0.00051298342023892 0.00047673970197311 0.0004451005394075 0.00042041363851123 0.0003990538096143
0.0011001334046369 0.00063650849258241 0.00057607663395324 0.00052638071198959 0.00051298342023892 0.00048645885731326 0.00044999608718356 0.00041843720647554 0.00039350070676765 0.00037217613176447
0.0010379200487704 0.00059673797408219 0.00054591211556228 0.00049395468069861 0.00047673970197311 0.00044999608718356 0.00041529381824688 0.00038567067108957 0.00036233379045977 0.00034266894585857
0.00098510907396186 0.00056029869762377 0.00051848016762768 0.00046588288429195 0.0004451005394075 0.00041843720647554 0.00038567067108957 0.00035791311019814 0.00033620531811865 0.00031817977616124
0.00094414768319557 0.00053273931813394 0.00049805856995846 0.00044471250946247 0.00042041363851123 0.00039350070676765 0.00036233379045977 0.00033620531811865 0.00031601336097983 0.0002995678689283
0.00090926557669372 0.00050908195533645 0.00048039192465392 0.00042645397670487 0.0003990538096143 0.00037217613176447 0.00034266894585857 0.00031817977616124 0.0002995678689283 0.00028476430815027
