0.00035137887695235 0.00044443287878892 0.00047299504524093 0.00043722401838006 0.00037399180095232 0.00027371219536117 0.00025228723391332 0.00023962153834105 0.00023063223491545 0.00022160136837676
0.00044443287878892 0.00055912132373915 0.00056782759916928 0.00047275985429237 0.00040665239983854 0.00031519254529563 0.00027585299092935 0.00025863736149921 0.00025533346869433 0.00024604479833236
0.00047299504524093 0.00056782759916928 0.00056450208148326 0.00049516215906822 0.00046989984687124 0.00036695480955181 0.00033074509054703 0.0003237352300408 0.00031586084127296 0.00029943937347065
0.00043722401838006 0.00047275985429237 0.00049516215906822 0.00043150155403866 0.0003765398040964 0.00029001504997193 0.00025668430752318 0.0002462044101156 0.0002421335360475 0.00023549409891632
0.00037399180095232 0.00040665239983854 0.00046989984687124 0.0003765398040964 0.00034474778425815 0.0002565236669075 0.00023021992532595 0.0002239163099874 0.00022102977072383 0.00021242678057219
0.00027371219536117 0.00031519254529563 0.00036695480955181 0.00029001504997193 0.0002565236669075 0.00020935086080057 0.00019005323203303 0.00017981295513317 0.00017566130085769 0.00017053495933846
0.00025228723391332 0.00027585299092935 0.00033074509054703 0.00025668430752318 0.00023021992532595 0.00019005323203303 0.0001735705969797 0.00016899734231151 0.00016271270080506 0.00015659055252565
0.00023962153834105 0.00025863736149921 0.0003237352300408 0.0002462044101156 0.0002239163099874 0.00017981295513317 0.00016899734231151 0.00016556683230852 0.00015851075939895 0.00015114568459206
0.00023063223491545 0.00025533346869433 0.00031586084127296 0.0002421335360475 0.00022102977072383 0.00017566130085769 0.00016271270080506 0.00015851075939895 0.00015018719049292 0.00014240861606306
0.00022160136837676 0.00024604479833236 0.00029943937347065 0.00023549409891632 0.00021242678057219 0.00017053495933846 0.00015659055252565 0.00015114568459206 0.00014240861606306 0.00013419211557844
