0 3.0970877035263 -0.19826024436697 -3.1178865984719 0.0072798945369163 3.0974518119494 -0.026283243151249 -3.0755064705495 0.17535598492528 -2.7898610644616
-3.0970877035263 0 3.0595682813401 -0.049433411736336 3.0561127409419 -0.14382212340022 2.9407545130579 -0.21310577586241 2.9290081303974 -0.20716673516546
0.19826024436697 -3.0595682813401 0 -3.1048828117371 0.029973664613824 -3.1297316008764 0.0010796850595402 -3.1358802879116 0.0087879034597652 -3.1249575022407
3.1178865984719 0.049433411736336 3.1048828117371 0 -3.1414233659521 -0.0032164623509098 3.1401291000758 0.0073793884762608 -3.1260513692969 0.024915036473357
-0.0072798945369163 -3.0561127409419 -0.029973664613824 3.1414233659521 0 3.1352088891916 -0.0053616348615735 3.1400458288641 -0.0014919194531877 3.1414027379022
-3.0974518119494 0.14382212340022 3.1297316008764 0.0032164623509098 -3.1352088891916 0 3.1412972123716 0.0018505150261751 -3.1410824219226 -0.00021860313797488
0.026283243151249 -2.9407545130579 -0.0010796850595402 -3.1401291000758 0.0053616348615735 -3.1412972123716 0 -3.1396471248173 0.00034894907256924 3.1410094209831
3.0755064705495 0.21310577586241 3.1358802879116 -0.0073793884762608 -3.1400458288641 -0.0018505150261751 3.1396471248173 0 3.1398426574625 -0.0029121049834573
-0.17535598492528 -2.9290081303974 -0.0087879034597652 3.1260513692969 0.0014919194531877 3.1410824219226 -0.00034894907256924 -3.1398426574625 0 3.1402570278617
2.7898610644616 0.20716673516546 3.1249575022407 -0.024915036473357 -3.1414027379022 0.00021860313797488 -3.1410094209831 0.0029121049834573 -3.1402570278617 0
