3.1415926535898 0.074593196784471 0.68024590203025 -3.0363393617721 0.062176389893971 -3.0742950984134 0.075270604838245 -3.0810807144148 0.038591836965015 -3.1276100497725
-0.074593196784471 3.1415926535898 -0.01918177118555 3.060471427041 -0.16211314448439 2.8299328337075 -0.4707578727544 2.510535715015 -0.76403482206817 2.2780235071367
-0.68024590203025 0.01918177118555 3.1415926535898 -0.049703341990837 3.0585736438755 -0.11206913030452 3.0151998189298 -0.13763064896418 2.9957042804194 -0.15178942443741
3.0363393617721 -3.060471427041 0.049703341990837 3.1415926535898 -0.02010638695969 3.1098982871337 -0.03392337448399 3.105935037219 -0.039712816142372 3.0958334779507
-0.062176389893971 0.16211314448439 -3.0585736438755 0.02010638695969 3.1415926535898 -0.010089938045073 3.1266813982961 -0.018461671886217 3.1176844813096 -0.030880300406053
3.0742950984134 -2.8299328337075 0.11206913030452 -3.1098982871337 0.010089938045073 3.1415926535898 -0.0058783909125695 3.1312586734039 -0.016293788980736 3.1180733016323
-0.075270604838245 0.4707578727544 -3.0151998189298 0.03392337448399 -3.1266813982961 0.0058783909125695 3.1415926535898 -0.0046710009374985 3.1308744818929 -0.017805726883765
3.0810807144148 -2.510535715015 0.13763064896418 -3.105935037219 0.018461671886217 -3.1312586734039 0.0046710009374985 3.1415926535898 -0.0059735285931111 3.1287611155002
-0.038591836965015 0.76403482206817 -2.9957042804194 0.039712816142372 -3.1176844813096 0.016293788980736 -3.1308744818929 0.0059735285931111 3.1415926535898 -0.0067080843463995
3.1276100497725 -2.2780235071367 0.15178942443741 -3.0958334779507 0.030880300406053 -3.1180733016323 0.017805726883765 -3.1287611155002 0.0067080843463995 3.1415926535898
