0.024076390972338 0.0074453301524306 0.005642011538802 0.0047365120369291 0.0042767014551009 0.0039027231429751 0.0035801064305274 0.0032974724298493 0.0030496978801207 0.0028559763760341
0.0074453301524306 0.0052937748364849 0.0040015349867378 0.0033435568508912 0.002950344338731 0.002674206423133 0.0024554035916218 0.0022793742294787 0.0021358784405678 0.0020231644501011
0.005642011538802 0.0040015349867378 0.0039179873957338 0.0035632509350102 0.0032606256187537 0.0030037804604019 0.0027821266036484 0.0025983056624428 0.0024454313983324 0.0023227274652122
0.0047365120369291 0.0033435568508912 0.0035632509350102 0.0035267030252773 0.0033650563659375 0.0031680635660912 0.0029718488328506 0.0027950263159346 0.0026414278281889 0.0025150755868212
0.0042767014551009 0.002950344338731 0.0032606256187537 0.0033650563659375 0.0033303093550704 0.0032122093791136 0.0030638654379108 0.0029149839351503 0.0027764101484323 0.0026570932407037
0.0039027231429751 0.002674206423133 0.0030037804604019 0.0031680635660912 0.0032122093791136 0.0031697714846453 0.00307746106089 0.0029682195678818 0.0028562999757005 0.0027538962342142
0.0035801064305274 0.0024554035916218 0.0027821266036484 0.0029718488328506 0.0030638654379108 0.00307746106089 0.0030350794190091 0.0029657080861991 0.0028837529988176 0.0028028386264913
0.0032974724298493 0.0022793742294787 0.0025983056624428 0.0027950263159346 0.0029149839351503 0.0029682195678818 0.0029657080861991 0.0029319787962979 0.0028791918046961 0.002820825931474
0.0030496978801207 0.0021358784405678 0.0024454313983324 0.0026414278281889 0.0027764101484323 0.0028562999757005 0.0028837529988176 0.0028791918046961 0.0028522633747142 0.0028152728049009
0.0028559763760341 0.0020231644501011 0.0023227274652122 0.0025150755868212 0.0026570932407037 0.0027538962342142 0.0028028386264913 0.002820825931474 0.0028152728049009 0.002797096612321
