0 3.0873375019008 -0.019248199435941 3.1168921095933 -0.054889084824162 3.1309822325072 0.068369466705153 -3.0071435037814 0.18352396277181 -2.9299097802211
-3.0873375019008 0 3.0981385499764 -0.077206478797452 3.0096731197945 -0.16686432848204 2.9484058083233 -0.2035967362845 2.946088668752 -0.16751642341239
0.019248199435941 -3.0981385499764 0 3.1144465344148 -0.066854775485511 3.0500334866084 -0.11120742846571 3.0149876158757 -0.13605406468154 3.0046140420282
-3.1168921095933 0.077206478797452 -3.1144465344148 0 3.1123966006263 -0.042499175428414 3.0866646632424 -0.067569588435312 3.0628418987198 -0.087251040154146
0.054889084824162 -3.0096731197945 0.066854775485511 -3.1123966006263 0 3.1307955422893 -0.021456335191571 3.1093730056417 -0.041964302424457 3.0916097570406
-3.1309822325072 0.16686432848204 -3.0500334866084 0.042499175428414 -3.1307955422893 0 3.1311194692404 -0.020253345554011 3.1128974441903 -0.035573442918497
-0.068369466705153 -2.9484058083233 0.11120742846571 -3.0866646632424 0.021456335191571 -3.1311194692404 0 3.1327771125551 -0.015746758046643 3.120598903054
3.0071435037814 0.2035967362845 -3.0149876158757 0.067569588435312 -3.1093730056417 0.020253345554011 -3.1327771125551 0 3.1352862920043 -0.010704123453089
-0.18352396277181 -2.946088668752 0.13605406468154 -3.0628418987198 0.041964302424457 -3.1128974441903 0.015746758046643 -3.1352862920043 0 3.1374582854604
2.9299097802211 0.16751642341239 -3.0046140420282 0.087251040154146 -3.0916097570406 0.035573442918497 -3.120598903054 0.010704123453089 -3.1374582854604 0
