0.00051706060119169 0.00039930110606832 0.00033789740053633 0.00029708786009945 0.00026603122975599 0.0002460372555383 0.00023239737647771 0.00022252796372917 0.00021455872622133 0.00020782158919599
0.00039930110606832 0.00031656161736247 0.000262216461898 0.00021990029450574 0.0001978699787291 0.00018337066029515 0.00017242077792246 0.00016483847156553 0.00015954135977016 0.00015548761608893
0.00033789740053633 0.000262216461898 0.00021646476447166 0.00018972642085689 0.00016993281409319 0.00015802077237393 0.00015131527222635 0.00014673107629209 0.00014295674710386 0.00013963010832396
0.00029708786009945 0.00021990029450574 0.00018972642085689 0.00016402123669603 0.00014912579702136 0.00013893326378355 0.0001326853946903 0.00012835696697365 0.00012478764586228 0.00012174237645916
0.00026603122975599 0.0001978699787291 0.00016993281409319 0.00014912579702136 0.00013616582269932 0.00012785862089131 0.0001227090647753 0.0001190979408052 0.00011611855802872 0.00011355742203299
0.0002460372555383 0.00018337066029515 0.00015802077237393 0.00013893326378355 0.00012785862089131 0.00012080694588466 0.00011660272454422 0.00011368876851622 0.00011115289960882 0.00010894593971793
0.00023239737647771 0.00017242077792246 0.00015131527222635 0.0001326853946903 0.0001227090647753 0.00011660272454422 0.00011323518058077 0.00011088961705839 0.00010873050514513 0.00010680872694038
0.00022252796372917 0.00016483847156553 0.00014673107629209 0.00012835696697365 0.0001190979408052 0.00011368876851622 0.00011088961705839 0.00010894697392135 0.00010708510620004 0.00010540404688938
0.00021455872622133 0.00015954135977016 0.00014295674710386 0.00012478764586228 0.00011611855802872 0.00011115289960882 0.00010873050514513 0.00010708510620004 0.00010546865880716 0.00010400678413878
0.00020782158919599 0.00015548761608893 0.00013963010832396 0.00012174237645916 0.00011355742203299 0.00010894593971793 0.00010680872694038 0.00010540404688938 0.00010400678413878 0.00010274878137655
