0.03062442151688 0.010977015781236 0.0054204049593389 0.0030248437697267 0.003931942056067 0.0055818972289666 0.0068999577253496 0.0078431276666726 0.0084895795947115 0.0089189690236247
0.010977015781236 0.019462378648344 0.019480845423724 0.016915825476902 0.013917780794643 0.011263136625183 0.0091154278473362 0.0074238974090082 0.0060926616285257 0.005040044310975
0.0054204049593389 0.019480845423724 0.023897599780631 0.024099747326563 0.022583990049766 0.020571620837382 0.018547448592539 0.016664261833172 0.014954673079214 0.013419118853341
0.0030248437697267 0.016915825476902 0.024099747326563 0.026904297679187 0.027337389028538 0.026609660854951 0.025331125769777 0.02379291233115 0.022144025746076 0.020474595220587
0.003931942056067 0.013917780794643 0.022583990049766 0.027337389028538 0.029555003803702 0.030220976614439 0.029925752640248 0.029017561893008 0.027718767561089 0.026187444231213
0.0055818972289666 0.011263136625183 0.020571620837382 0.026609660854951 0.030220976614439 0.032115006781097 0.032790556014376 0.032594091707832 0.031779894552265 0.030546589023164
0.0068999577253496 0.0091154278473362 0.018547448592539 0.025331125769777 0.029925752640248 0.032790556014376 0.034309467480512 0.034793548344666 0.034498679338901 0.033640276862068
0.0078431276666726 0.0074238974090082 0.016664261833172 0.02379291233115 0.029017561893008 0.032594091707832 0.034793548344666 0.035876223367065 0.036080526107043 0.035621149038521
0.0084895795947115 0.0060926616285257 0.014954673079214 0.022144025746076 0.027718767561089 0.031779894552265 0.034498679338901 0.036080526107043 0.036736008292558 0.036667534897274
0.0089189690236247 0.005040044310975 0.013419118853341 0.020474595220587 0.026187444231213 0.030546589023164 0.033640276862068 0.035621149038521 0.036667534897274 0.036962795723682
