0.00031998381565093 0.00027753749185766 0.00025482198237758 0.00023173090760465 0.00019730929568223 0.00017205958685515 0.00015432831364921 0.00013319616198087 0.00012191244892623 0.00011457263482945
0.00027753749185766 0.00044171594962062 0.00028816506160491 0.0002614911793751 0.00019733556068849 0.00018816532646668 0.00017710265713781 0.00016173012981102 0.00015018472246957 0.00014400158521984
0.00025482198237758 0.00028816506160491 0.00042844106352372 0.00026925098544897 0.0002112080386568 0.00018109725706585 0.00017152843047819 0.00015868512205397 0.00014722692628221 0.00013907272145391
0.00023173090760465 0.0002614911793751 0.00026925098544897 0.00030839263728334 0.00022236988605277 0.00018316184685563 0.00016512882955093 0.0001441516740698 0.00013667700069763 0.00013086980385367
0.00019730929568223 0.00019733556068849 0.0002112080386568 0.00022236988605277 0.00021291868656758 0.00016373844351338 0.00014058169256497 0.00012265993284033 0.00011099483645557 0.00010341249455878
0.00017205958685515 0.00018816532646668 0.00018109725706585 0.00018316184685563 0.00016373844351338 0.00017397028561938 0.0001391619253664 0.00011747948557451 0.00010510980887859 9.7464985705181e-05
0.00015432831364921 0.00017710265713781 0.00017152843047819 0.00016512882955093 0.00014058169256497 0.0001391619253664 0.00013577853085045 0.00011664894059522 0.00010343712577093 9.3876526785305e-05
0.00013319616198087 0.00016173012981102 0.00015868512205397 0.0001441516740698 0.00012265993284033 0.00011747948557451 0.00011664894059522 0.00011168413110848 0.00010012286207264 9.1161343253291e-05
0.00012191244892623 0.00015018472246957 0.00014722692628221 0.00013667700069763 0.00011099483645557 0.00010510980887859 0.00010343712577093 0.00010012286207264 9.49860600072e-05 8.8236867715705e-05
0.00011457263482945 0.00014400158521984 0.00013907272145391 0.00013086980385367 0.00010341249455878 9.7464985705181e-05 9.3876526785305e-05 9.1161343253291e-05 8.8236867715705e-05 8.5021473071928e-05
