0.075047095562858 0.047210071186606 0.044293631523937 0.042583400554028 0.040911906121159 0.039121748654076 0.037234137675439 0.035304362514148 0.033383415974363 0.03151929307773 0.029735445903615 0.028052295548479 0.02647979499246 0.025022736061232 0.023673563865468 0.022432258087635 0.021287947586615 0.02023796408272 0.019269479687442 0.018371007533736
0.047210071186606 0.029972489315031 0.028348845848466 0.027468126388265 0.026592074155299 0.025618091889937 0.024557768523517 0.023445785647232 0.022315602344968 0.021198448129171 0.020112181497707 0.019071981669498 0.018086557140046 0.017161292790714 0.016294296413913 0.015486789263005 0.014734190448927 0.014036445420723 0.013386446011837 0.012778222159928
0.044293631523937 0.028348845848466 0.0270102609483 0.026360418977748 0.025701925853554 0.024934225519383 0.024065597681359 0.023127565316517 0.022151900515372 0.0211682822988 0.020195603165654 0.019249849798434 0.018341092539934 0.017476455607238 0.016656300267464 0.015883154917061 0.015154661620037 0.014472203365392 0.013830203072123 0.013224306203454
0.042583400554028 0.027468126388265 0.026360418977748 0.025911051998734 0.025444148856506 0.024858082565276 0.024157524605732 0.02337107514221 0.022528987555183 0.021659703648554 0.020782974617521 0.019915555811958 0.019068736114976 0.018251272593892 0.017465395700531 0.016714951549836 0.015999525961685 0.015321864572326 0.014677779094659 0.014064364186714
0.040911906121159 0.026592074155299 0.025701925853554 0.025444148856506 0.025163632001358 0.024757335559544 0.024225927763462 0.023594611978435 0.022891591848716 0.022143662774177 0.021370896016436 0.020590426696527 0.019814419980782 0.019053003114641 0.018309980703719 0.017590429902556 0.016895718950798 0.016229858399833 0.015590039955047 0.014974763808584
0.039121748654076 0.025618091889937 0.024934225519383 0.024858082565276 0.024757335559544 0.024527813006383 0.024165961864663 0.023693161097867 0.023135032956897 0.022516271639026 0.021856703161391 0.021173400873164 0.020479017840467 0.01978472588543 0.019095594001572 0.018417771641077 0.017754221899246 0.017110075538128 0.016483864581494 0.015875429229717
0.037234137675439 0.024557768523517 0.024065597681359 0.024157524605732 0.024225927763462 0.024165961864663 0.023969837548236 0.023654847748158 0.023243634920426 0.022758420371499 0.022218279171837 0.021639808624985 0.021035767493725 0.02041802686562 0.01979259621099 0.0191664951839 0.018544059814397 0.017931361216323 0.017328184852117 0.016735605376456
0.035304362514148 0.023445785647232 0.023127565316517 0.02337107514221 0.023594611978435 0.023693161097867 0.023654847748158 0.023492801421083 0.0232264331986 0.02287523852959 0.022457125716576 0.021987860109214 0.021479956117036 0.020945648865409 0.020391564228831 0.019825371957305 0.019252536047624 0.018679868437248 0.018108287148111 0.017539961409451
0.033383415974363 0.022315602344968 0.022151900515372 0.022528987555183 0.022891591848716 0.023135032956897 0.023243634920426 0.0232264331986 0.02309962893682 0.022879494184482 0.022582808788377 0.022224099743539 0.021815342326766 0.021368823194873 0.020891489014742 0.020391428245573 0.019874987416303 0.019349513871331 0.018816908772789 0.018280277710095
0.03151929307773 0.021198448129171 0.0211682822988 0.021659703648554 0.022143662774177 0.022516271639026 0.022758420371499 0.02287523852959 0.022879494184482 0.022784915663685 0.022606180137834 0.022356619318354 0.022047406564209 0.02169058911777 0.021293189419335 0.020863477927796 0.020408446994666 0.019935772216643 0.019448158390446 0.018949484325928
0.029735445903615 0.020112181497707 0.020195603165654 0.020782974617521 0.021370896016436 0.021856703161391 0.022218279171837 0.022457125716576 0.022582808788377 0.022606180137834 0.022540114039759 0.022396391050263 0.022185218473122 0.0219181765359 0.021602137143802 0.021245347197466 0.020855210805692 0.020439549138237 0.020001706897394 0.019546162189412
0.028052295548479 0.019071981669498 0.019249849798434 0.019915555811958 0.020590426696527 0.021173400873164 0.021639808624985 0.021987860109214 0.022224099743539 0.022356619318354 0.022396391050263 0.022353604882971 0.022237329617409 0.022058505549666 0.021823649808763 0.021540802787776 0.021217578539975 0.020861771586254 0.020477210948073 0.020068812518835
0.02647979499246 0.018086557140046 0.018341092539934 0.019068736114976 0.019814419980782 0.020479017840467 0.021035767493725 0.021479956117036 0.021815342326766 0.022047406564209 0.022185218473122 0.022237329617409 0.022211617621837 0.022118183237764 0.021963066702648 0.021753923590308 0.021498405857219 0.02120413338856 0.020875267307692 0.020517010426921
0.025022736061232 0.017161292790714 0.017476455607238 0.018251272593892 0.019053003114641 0.01978472588543 0.02041802686562 0.020945648865409 0.021368823194873 0.02169058911777 0.0219181765359 0.022058505549666 0.022118183237764 0.022106544951965 0.022028601655142 0.021891883028822 0.0217037887882 0.021471643684076 0.021199834602216 0.020893707430346
0.023673563865468 0.016294296413913 0.016656300267464 0.017465395700531 0.018309980703719 0.019095594001572 0.01979259621099 0.020391564228831 0.020891489014742 0.021293189419335 0.021602137143802 0.021823649808763 0.021963066702648 0.022028601655142 0.022024968205276 0.021958652590863 0.021836979710449 0.021666864580013 0.021452751931454 0.021200017701136
0.022432258087635 0.015486789263005 0.015883154917061 0.016714951549836 0.017590429902556 0.018417771641077 0.0191664951839 0.019825371957305 0.020391428245573 0.020863477927796 0.021245347197466 0.021540802787776 0.021753923590308 0.021891883028822 0.021958652590863 0.021960155104359 0.021903047641629 0.021794031955143 0.021637424079597 0.021438519266576
0.021287947586615 0.014734190448927 0.015154661620037 0.015999525961685 0.016895718950798 0.017754221899246 0.018544059814397 0.019252536047624 0.019874987416303 0.020408446994666 0.020855210805692 0.021217578539975 0.021498405857219 0.0217037887882 0.021836979710449 0.021903047641629 0.02190863320981 0.021859176849569 0.02175934591776 0.021614150024643
0.02023796408272 0.014036445420723 0.014472203365392 0.015321864572326 0.016229858399833 0.017110075538128 0.017931361216323 0.018679868437248 0.019349513871331 0.019935772216643 0.020439549138237 0.020861771586254 0.02120413338856 0.021471643684076 0.021666864580013 0.021794031955143 0.021859176849569 0.021867538586626 0.021823122787141 0.021730862002617
0.019269479687442 0.013386446011837 0.013830203072123 0.014677779094659 0.015590039955047 0.016483864581494 0.017328184852117 0.018108287148111 0.018816908772789 0.019448158390446 0.020001706897394 0.020477210948073 0.020875267307692 0.021199834602216 0.021452751931454 0.021637424079597 0.02175934591776 0.021823122787141 0.021832513759364 0.021792106857594
0.018371007533736 0.012778222159928 0.013224306203454 0.014064364186714 0.014974763808584 0.015875429229717 0.016735605376456 0.017539961409451 0.018280277710095 0.018949484325928 0.019546162189412 0.020068812518835 0.020517010426921 0.020893707430346 0.021200017701136 0.021438519266576 0.021614150024643 0.021730862002617 0.021792106857594 0.021802377795735
