0.019581064275353 0.0030447736231875 0.0019084997107478 0.00092944533736138 0.00070789568358193 0.00060495559626476 0.00051612639012216 0.00044178648362965 0.00037909650623031 0.00031756067509363 0.000260719439862 0.00021254942103488 0.00017298783095765 0.0001418992449292 0.00011869709663091 0.00010123776589144 8.8367238634973e-05 8.2897903016519e-05 7.4573822614504e-05 6.9528083226972e-05
0.0030447736231875 0.012913127148686 0.0050803459155651 0.0031062596034531 0.002120737383984 0.0016243835768697 0.0012592938978945 0.00099314460917858 0.00080648283690554 0.0006775350126394 0.00058411110855751 0.00051661778192862 0.00046440266742786 0.00042576161444361 0.00039331392471485 0.00036550241152323 0.00034096274786044 0.00031288896444726 0.00028654190484328 0.000277365505965
0.0019084997107478 0.0050803459155651 0.0092985460237224 0.0057778905052698 0.0041391634874576 0.0032258528381913 0.0025928122039003 0.0021744853728364 0.0018807434311969 0.0016633926415492 0.0015016056959089 0.0013740247834641 0.0012733310234783 0.0011834947813275 0.0011097280982755 0.001045251718027 0.00098634690268091 0.00093154800855464 0.00088384797112785 0.00083864995609505
0.00092944533736138 0.0031062596034531 0.0057778905052698 0.0069342741287729 0.0055060781890667 0.0045371906102406 0.0037992434072244 0.0032358346941992 0.0028063329603048 0.0024760004968646 0.0022170003796462 0.0020081191165872 0.0018368188331695 0.0016895194413926 0.0015656144570506 0.0014593947747548 0.001363767717523 0.0012745487019719 0.0012013301918513 0.0011340304096119
0.00070789568358193 0.002120737383984 0.0041391634874576 0.0055060781890667 0.0057195588526038 0.0051240814639937 0.0045070794703676 0.0039602398445699 0.0035003725303392 0.0031223184474669 0.00281134044353 0.0025519504068938 0.0023341733124582 0.0021459825340802 0.001985311217007 0.0018465311940053 0.0017229056747358 0.0016079975379581 0.0015135684324142 0.0014277149294415
0.00060495559626476 0.0016243835768697 0.0032258528381913 0.0045371906102406 0.0051240814639937 0.0051351545517974 0.0047937650191048 0.0043846872396109 0.0039871650579033 0.0036301110556838 0.0033195429970203 0.0030496722967282 0.0028160472162965 0.0026084237069423 0.0024275870971256 0.0022682298663149 0.002125477753132 0.0019936589428957 0.001880036658064 0.001778924680457
0.00051612639012216 0.0012592938978945 0.0025928122039003 0.0037992434072244 0.0045070794703676 0.0047937650191048 0.00475713364475 0.0045313019001105 0.0042416053211152 0.0039474431439282 0.0036708620227019 0.0034171836203418 0.0031888625966509 0.0029795209873237 0.0027926749240173 0.0026243533581075 0.0024715225963508 0.0023298096960092 0.0022057561285832 0.002092107378225
0.00044178648362965 0.00099314460917858 0.0021744853728364 0.0032358346941992 0.0039602398445699 0.0043846872396109 0.0045313019001105 0.0044785413401265 0.0043076506267142 0.0040937483847095 0.0038707155511865 0.0036515975035208 0.0034448676965147 0.003249191090622 0.0030693168291448 0.0029036672424576 0.0027504345324155 0.0026064816896962 0.002479690825763 0.0023598454152501
0.00037909650623031 0.00080648283690554 0.0018807434311969 0.0028063329603048 0.0035003725303392 0.0039871650579033 0.0042416053211152 0.0043076506267142 0.0042428151581703 0.004109330830956 0.0039455116190941 0.0037692011054205 0.0035928719343246 0.0034197696796249 0.0032553325789675 0.0031004171788548 0.0029538840242355 0.002814232185009 0.0026900973325913 0.002570133063207
0.00031756067509363 0.0006775350126394 0.0016633926415492 0.0024760004968646 0.0031223184474669 0.0036301110556838 0.0039474431439282 0.0040937483847095 0.004109330830956 0.0040466124011264 0.0039396023555304 0.0038075934723115 0.0036651242160543 0.0035186072082496 0.0033740348058182 0.0032341645765309 0.0030987648752587 0.0029675637290922 0.0028497058384252 0.0027332941020033
0.000260719439862 0.00058411110855751 0.0015016056959089 0.0022170003796462 0.00281134044353 0.0033195429970203 0.0036708620227019 0.0038707155511865 0.0039455116190941 0.0039396023555304 0.0038826021199993 0.0037921400607611 0.0036832642116423 0.0035641579069378 0.0034412176348428 0.0033185698976627 0.0031967338938827 0.0030763290463308 0.002967225147358 0.0028567953498765
0.00021254942103488 0.00051661778192862 0.0013740247834641 0.0020081191165872 0.0025519504068938 0.0030496722967282 0.0034171836203418 0.0036515975035208 0.0037692011054205 0.0038075934723115 0.0037921400607611 0.0037386144794823 0.0036611288765911 0.0035685900500667 0.0034675725520964 0.0033630439626092 0.0032560683441879 0.0031478946884328 0.0030490966222175 0.0029463824957194
0.00017298783095765 0.00046440266742786 0.0012733310234783 0.0018368188331695 0.0023341733124582 0.0028160472162965 0.0031888625966509 0.0034448676965147 0.0035928719343246 0.0036651242160543 0.0036832642116423 0.0036611288765911 0.003615849786043 0.0035440055334431 0.0034641025417858 0.0033775584989523 0.003285776057747 0.0031904294534083 0.0031026857477303 0.003008692134066
0.0001418992449292 0.00042576161444361 0.0011834947813275 0.0016895194413926 0.0021459825340802 0.0026084237069423 0.0029795209873237 0.003249191090622 0.0034197696796249 0.0035186072082496 0.0035641579069378 0.0035685900500667 0.0035440055334431 0.0034985417878701 0.0034384099823362 0.0033691929330634 0.0032924663326741 0.0032101413785709 0.003133824452627 0.0030492009025406
0.00011869709663091 0.00039331392471485 0.0011097280982755 0.0015656144570506 0.001985311217007 0.0024275870971256 0.0027926749240173 0.0030693168291448 0.0032553325789675 0.0033740348058182 0.0034412176348428 0.0034675725520964 0.0034641025417858 0.0034384099823362 0.0033962527739832 0.0033431735291577 0.0032807860611848 0.0032111132877328 0.0031460486348416 0.0030709251465839
0.00010123776589144 0.00036550241152323 0.001045251718027 0.0014593947747548 0.0018465311940053 0.0022682298663149 0.0026243533581075 0.0029036672424576 0.0031004171788548 0.0032341645765309 0.0033185698976627 0.0033630439626092 0.0033775584989523 0.0033691929330634 0.0033431735291577 0.0033056574011616 0.003255941595549 0.0031975803928377 0.0031441290043875 0.0030783887829066
8.8367238634973e-05 0.00034096274786044 0.00098634690268091 0.001363767717523 0.0017229056747358 0.002125477753132 0.0024715225963508 0.0027504345324155 0.0029538840242355 0.0030987648752587 0.0031967338938827 0.0032560683441879 0.003285776057747 0.0032924663326741 0.0032807860611848 0.003255941595549 0.0032201425908562 0.0031732064698966 0.0031293628557968 0.0030727734275886
8.2897903016519e-05 0.00031288896444726 0.00093154800855464 0.0012745487019719 0.0016079975379581 0.0019936589428957 0.0023298096960092 0.0026064816896962 0.002814232185009 0.0029675637290922 0.0030763290463308 0.0031478946884328 0.0031904294534083 0.0032101413785709 0.0032111132877328 0.0031975803928377 0.0031732064698966 0.0031399726428113 0.0031035247060505 0.0030557259431742
7.4573822614504e-05 0.00028654190484328 0.00088384797112785 0.0012013301918513 0.0015135684324142 0.001880036658064 0.0022057561285832 0.002479690825763 0.0026900973325913 0.0028497058384252 0.002967225147358 0.0030490966222175 0.0031026857477303 0.003133824452627 0.0031460486348416 0.0031441290043875 0.0031293628557968 0.0031035247060505 0.0030847488785402 0.0030388714481837
6.9528083226972e-05 0.000277365505965 0.00083864995609505 0.0011340304096119 0.0014277149294415 0.001778924680457 0.002092107378225 0.0023598454152501 0.002570133063207 0.0027332941020033 0.0028567953498765 0.0029463824957194 0.003008692134066 0.0030492009025406 0.0030709251465839 0.0030783887829066 0.0030727734275886 0.0030557259431742 0.0030388714481837 0.0030070075146309
