0.085063478519714 0.035106335940789 0.01971332825589 0.010717323422816 0.0053571896258027 0.0021601896291497 0.00040185470001244 0.00032955427518443 0.00067645091593607 0.00064776579359872
0.035106335940789 0.056646552498804 0.041476156089473 0.029388271128828 0.020816187106902 0.014521574418054 0.0099934404953241 0.0065614498228376 0.0040816990345297 0.0021456075952051
0.01971332825589 0.041476156089473 0.041614689434414 0.035646022671221 0.02883547206177 0.022530713835006 0.017178010611028 0.01270364632711 0.0090830799771637 0.0061385137933948
0.010717323422816 0.029388271128828 0.035646022671221 0.034981545220938 0.031106798934075 0.02620994124971 0.021327928477849 0.016852561730265 0.012974089762287 0.0096751743767371
0.0053571896258027 0.020816187106902 0.02883547206177 0.031106798934075 0.029762596953943 0.026660382028514 0.022926250242602 0.019148568919933 0.015646496542043 0.012516212972533
0.0021601896291497 0.014521574418054 0.022530713835006 0.02620994124971 0.026660382028514 0.025203587010112 0.022780354368495 0.019984651946916 0.017174652952288 0.014511319768534
0.00040185470001244 0.0099934404953241 0.017178010611028 0.021327928477849 0.022926250242602 0.022780354368495 0.021563329285648 0.019776474014174 0.017756371716508 0.015688285442166
0.00032955427518443 0.0065614498228376 0.01270364632711 0.016852561730265 0.019148568919933 0.019984651946916 0.019776474014174 0.018904197097799 0.017649860732396 0.016198823770833
0.00067645091593607 0.0040816990345297 0.0090830799771637 0.012974089762287 0.015646496542043 0.017174652952288 0.017756371716508 0.017649860732396 0.017074425333833 0.016197886989802
0.00064776579359872 0.0021456075952051 0.0061385137933948 0.0096751743767371 0.012516212972533 0.014511319768534 0.015688285442166 0.016198823770833 0.016197886989802 0.015830051909771
