3.1415926535898 -3.069840188044 -0.38653466647502 3.0354648707764 -0.41120097034549 2.6405621670692 -0.3916325030604 2.8421574644539 -0.31817609418334 2.8339754939598
3.069840188044 3.1415926535898 -0.44119400351801 2.8236796954564 -0.99799547014676 2.2789262756638 -0.8753532911976 2.3825122368824 -0.86563219142348 2.3037613401684
0.38653466647502 0.44119400351801 3.1415926535898 0.28034039372343 2.8626215795437 -0.22413547947856 2.7747471003235 -0.45093336182798 2.5808333165332 -0.6342897212448
-3.0354648707764 -2.8236796954564 -0.28034039372343 3.1415926535898 -0.14614453281817 2.9874136937573 -0.059047520298835 3.1303309917285 -0.011681535743225 3.1394083013725
0.41120097034549 0.99799547014676 -2.8626215795437 0.14614453281817 3.1415926535898 -0.01804210221024 -3.0820304278026 0.13166472161916 -2.991283876501 0.1656253782691
-2.6405621670692 -2.2789262756638 0.22413547947856 -2.9874136937573 0.01804210221024 3.1415926535898 0.066807026328652 -3.0330507048597 0.12915234807855 -2.988390039462
0.3916325030604 0.8753532911976 -2.7747471003235 0.059047520298835 3.0820304278026 -0.066807026328652 3.1415926535898 0.028928666819268 -3.101174078981 0.053247557972535
-2.8421574644539 -2.3825122368824 0.45093336182798 -3.1303309917285 -0.13166472161916 3.0330507048597 -0.028928666819268 3.1415926535898 0.0082296395130809 -3.1271695803116
0.31817609418334 0.86563219142348 -2.5808333165332 0.011681535743225 2.991283876501 -0.12915234807855 3.101174078981 -0.0082296395130809 3.1415926535898 0.0040237944244574
-2.8339754939598 -2.3037613401684 0.6342897212448 -3.1394083013725 -0.1656253782691 2.988390039462 -0.053247557972535 3.1271695803116 -0.0040237944244574 3.1415926535898
