0.00057113140567891 0.0004142725318512 0.0003474622621078 0.00029569699844411 0.00026662105699525 0.00024899224604158 0.00023677304881725 0.00022869666044232 0.0002208662466745 0.00021465858556801
0.0004142725318512 0.00031455722201192 0.00026364088285452 0.00022259447849009 0.00019815967953698 0.00017995811624271 0.00017221705762564 0.00016826509251687 0.0001640200956742 0.00016006787300659
0.0003474622621078 0.00026364088285452 0.00023166942483345 0.00019460206795764 0.00017093400172689 0.0001600411289667 0.00015450255054446 0.00015083743694305 0.0001472990913196 0.00014433114243536
0.00029569699844411 0.00022259447849009 0.00019460206795764 0.00016106763658163 0.0001441297260096 0.0001363545525081 0.00013132359228904 0.00012787304760139 0.00012500643549069 0.00012256457002422
0.00026662105699525 0.00019815967953698 0.00017093400172689 0.0001441297260096 0.00013022110927603 0.00012406938853034 0.00012010385696736 0.00011788417782031 0.00011524315761111 0.00011291498259487
0.00024899224604158 0.00017995811624271 0.0001600411289667 0.0001363545525081 0.00012406938853034 0.00011798520252969 0.00011493842164116 0.00011333323577811 0.00011118655890771 0.00010914140756397
0.00023677304881725 0.00017221705762564 0.00015450255054446 0.00013132359228904 0.00012010385696736 0.00011493842164116 0.00011222827804964 0.00011090958050734 0.00010903355464501 0.00010722489990691
0.00022869666044232 0.00016826509251687 0.00015083743694305 0.00012787304760139 0.00011788417782031 0.00011333323577811 0.00011090958050734 0.00010960394662219 0.00010769517138557 0.00010587493553524
0.0002208662466745 0.0001640200956742 0.0001472990913196 0.00012500643549069 0.00011524315761111 0.00011118655890771 0.00010903355464501 0.00010769517138557 0.00010569991298438 0.00010390503443181
0.00021465858556801 0.00016006787300659 0.00014433114243536 0.00012256457002422 0.00011291498259487 0.00010914140756397 0.00010722489990691 0.00010587493553524 0.00010390503443181 0.00010218542998603
