0.00029968445783739 0.0006560631959169 0.00050741738140299 0.00036905977524878 0.00036522055036322 0.00030842556357503 0.00028727068667296 0.00027546481927132 0.00025074377458484 0.00023799776865695
0.0006560631959169 0.0056132836460909 0.00097457845312448 0.00092980356907291 0.00092071073586845 0.00054480400560543 0.00045899138081178 0.00044071421523886 0.0003558121842924 0.00032146403014193
0.00050741738140299 0.00097457845312448 0.006840624083682 0.0020969766515714 0.0016345520244668 0.0012251496413741 0.0010494316729567 0.0009045179419094 0.00078619547425204 0.00073023035270768
0.00036905977524878 0.00092980356907291 0.0020969766515714 0.006382260709385 0.0028723169848418 0.0022932037587407 0.0019239328693298 0.0016574585066057 0.0014471167713975 0.0012973928224926
0.00036522055036322 0.00092071073586845 0.0016345520244668 0.0028723169848418 0.0051035182504557 0.0032190700532213 0.0025991235932772 0.0021585351085776 0.0018520156834116 0.0016358042475851
0.00030842556357503 0.00054480400560543 0.0012251496413741 0.0022932037587407 0.0032190700532213 0.0039921888209239 0.0031204178339105 0.0025495130243974 0.0021943840398747 0.0019573258855807
0.00028727068667296 0.00045899138081178 0.0010494316729567 0.0019239328693298 0.0025991235932772 0.0031204178339105 0.0033297863048311 0.0028005720382134 0.002459656672815 0.0022181048353034
0.00027546481927132 0.00044071421523886 0.0009045179419094 0.0016574585066057 0.0021585351085776 0.0025495130243974 0.0028005720382134 0.002754233457986 0.002509492647185 0.0023176837689283
0.00025074377458484 0.0003558121842924 0.00078619547425204 0.0014471167713975 0.0018520156834116 0.0021943840398747 0.002459656672815 0.002509492647185 0.0024492477536876 0.0023266581828377
0.00023799776865695 0.00032146403014193 0.00073023035270768 0.0012973928224926 0.0016358042475851 0.0019573258855807 0.0022181048353034 0.0023176837689283 0.0023266581828377 0.0022964156941931
