0.1360373169288 0.03943693443831 0.024255865016585 0.016222563145072 0.011538279114538 0.0085229323257871 0.0064122880208964 0.0048827299534415 0.0037370467934436 0.0028851391734491 0.0022426340878411 0.0017644029317972 0.0014138456212535 0.0011335005781999 0.00094748322622552 0.0007719871229506 0.00085874639715979 0.00056801922945851 0.00055116676997481 0.00045092322412073
0.03943693443831 0.046334404850517 0.027962691756679 0.01903462203125 0.013266055096774 0.0095217248654463 0.0070855739215154 0.0054352631270575 0.0042893912930714 0.0034753719323605 0.0029013393893362 0.002492897914423 0.0021966289326207 0.0019947344161556 0.001833561973477 0.0017425687228472 0.0016951684604108 0.001586291469276 0.0015739424045453 0.0014874198071965
0.024255865016585 0.027962691756679 0.029883817745705 0.023957854308472 0.018787800522151 0.014703961804666 0.011608500407129 0.009298488148188 0.0075597598115929 0.00623699189958 0.0052180269608877 0.0044267403704815 0.0038084083617158 0.0033133924480386 0.0029240995803372 0.0026018565136847 0.0024142601979064 0.0021215928668155 0.001988266478669 0.0017875689269507
0.016222563145072 0.01903462203125 0.023957854308472 0.023236608406078 0.020342918082906 0.017264162541853 0.014520810579418 0.0122399113971 0.010380584651349 0.0088702524173978 0.0076387561065514 0.0066312231749236 0.0058035437471759 0.0051144801930788 0.0045476646681496 0.0040661840123615 0.0037295789699589 0.0033185147188818 0.0030687174910567 0.0027708438411959
0.011538279114538 0.013266055096774 0.018787800522151 0.020342918082906 0.019606673938187 0.017885071758452 0.015941089745567 0.014094088561285 0.012442056484601 0.011002947744835 0.0097607142814895 0.0086937588778164 0.0077793697479531 0.006989580754675 0.0063174014455146 0.0057309769363895 0.0052874384438867 0.0047830180326317 0.0044441772161282 0.0040577878810248
0.0085229323257871 0.0095217248654463 0.014703961804666 0.017264162541853 0.017885071758452 0.017368358943454 0.016296132384925 0.015028755051306 0.01374102916333 0.012517091771499 0.011389181046643 0.010369016437902 0.0094566815063075 0.008640859460634 0.0079236307087581 0.0072828050497548 0.0067767029014989 0.0062105172471718 0.0058096011945488 0.0053587964683324
0.0064122880208964 0.0070855739215154 0.011608500407129 0.014520810579418 0.015941089745567 0.016296132384925 0.015971243472166 0.015271404545307 0.014390507844486 0.013446457324495 0.012503571273696 0.011599197308886 0.01075276053939 0.0099681822214133 0.0092566468299665 0.008605547333412 0.008075678598404 0.0074809993518872 0.0070465488138122 0.0065568508252998
0.0048827299534415 0.0054352631270575 0.009298488148188 0.0122399113971 0.014094088561285 0.015028755051306 0.015271404545307 0.015055287634237 0.014558080689956 0.013905664920216 0.01317785312787 0.012427680838923 0.011688180798987 0.010975071300595 0.01030745663119 0.0096808900764487 0.0091585597464495 0.0085639272216061 0.0081206533767926 0.0076147827668688
0.0037370467934436 0.0042893912930714 0.0075597598115929 0.010380584651349 0.012442056484601 0.01374102916333 0.014390507844486 0.014558080689956 0.014393438863851 0.014014819339749 0.013505207837725 0.012924673979331 0.012314174535916 0.011697398136537 0.011099548449921 0.010522365741258 0.010031095473201 0.0094588776027887 0.0090264286273588 0.0085233297181226
0.0028851391734491 0.0034753719323605 0.00623699189958 0.0088702524173978 0.011002947744835 0.012517091771499 0.013446457324495 0.013905664920216 0.014014819339749 0.013877757979236 0.013573082278505 0.013161659479318 0.012687765913179 0.012179604466179 0.011666669965103 0.011154916705691 0.010710862649391 0.010177172720428 0.0097703181119582 0.0092847610084213
0.0022426340878411 0.0029013393893362 0.0052180269608877 0.0076387561065514 0.0097607142814895 0.011389181046643 0.012503571273696 0.01317785312787 0.013505207837725 0.013573082278505 0.013451963347063 0.013199611285618 0.012860328193911 0.012464144488746 0.012043131510058 0.011605865383708 0.011219100140818 0.010734803413147 0.010363946163467 0.0099069560791721
0.0017644029317972 0.002492897914423 0.0044267403704815 0.0066312231749236 0.0086937588778164 0.010369016437902 0.011599197308886 0.012427680838923 0.012924673979331 0.013161659479318 0.013199611285618 0.013091123901857 0.01287841403816 0.012591411195736 0.012263377478117 0.011904210402445 0.011579969245454 0.011151543375319 0.010823416964024 0.010402602756452
0.0014138456212535 0.0021966289326207 0.0038084083617158 0.0058035437471759 0.0077793697479531 0.0094566815063075 0.01075276053939 0.011688180798987 0.012314174535916 0.012687765913179 0.012860328193911 0.01287841403816 0.01278097871658 0.012596554129874 0.01235858105818 0.012077240518167 0.011817148674869 0.011447708636924 0.011166137238534 0.010786278289384
0.0011335005781999 0.0019947344161556 0.0033133924480386 0.0051144801930788 0.006989580754675 0.008640859460634 0.0099681822214133 0.010975071300595 0.011697398136537 0.012179604466179 0.012464144488746 0.012591411195736 0.012596554129874 0.012506831835619 0.012352630872325 0.012146261834044 0.011949200371127 0.011639483402213 0.011405976438788 0.011069661198877
0.00094748322622552 0.001833561973477 0.0029240995803372 0.0045476646681496 0.0063174014455146 0.0079236307087581 0.0092566468299665 0.01030745663119 0.011099548449921 0.011666669965103 0.012043131510058 0.012263377478117 0.01235858105818 0.012352630872325 0.012277308558053 0.012141571436821 0.012005068171023 0.011754059039438 0.011568634487887 0.011276828821783
0.0007719871229506 0.0017425687228472 0.0026018565136847 0.0040661840123615 0.0057309769363895 0.0072828050497548 0.008605547333412 0.0096808900764487 0.010522365741258 0.011154916705691 0.011605865383708 0.011904210402445 0.012077240518167 0.012146261834044 0.012141571436821 0.012074913299467 0.011991193966593 0.011796835490977 0.01165812579509 0.011410565477049
0.00085874639715979 0.0016951684604108 0.0024142601979064 0.0037295789699589 0.0052874384438867 0.0067767029014989 0.008075678598404 0.0091585597464495 0.010031095473201 0.010710862649391 0.011219100140818 0.011579969245454 0.011817148674869 0.011949200371127 0.012005068171023 0.011991193966593 0.012047174620343 0.011816521527744 0.011719324294145 0.01151159965085
0.00056801922945851 0.001586291469276 0.0021215928668155 0.0033185147188818 0.0047830180326317 0.0062105172471718 0.0074809993518872 0.0085639272216061 0.0094588776027887 0.010177172720428 0.010734803413147 0.011151543375319 0.011447708636924 0.011639483402213 0.011754059039438 0.011796835490977 0.011816521527744 0.011725918480311 0.011673768792787 0.011510534536425
0.00055116676997481 0.0015739424045453 0.001988266478669 0.0030687174910567 0.0044441772161282 0.0058096011945488 0.0070465488138122 0.0081206533767926 0.0090264286273588 0.0097703181119582 0.010363946163467 0.010823416964024 0.011166137238534 0.011405976438788 0.011568634487887 0.01165812579509 0.011719324294145 0.011673768792787 0.011699760857987 0.011533527772069
0.00045092322412073 0.0014874198071965 0.0017875689269507 0.0027708438411959 0.0040577878810248 0.0053587964683324 0.0065568508252998 0.0076147827668688 0.0085233297181226 0.0092847610084213 0.0099069560791721 0.010402602756452 0.010786278289384 0.011069661198877 0.011276828821783 0.011410565477049 0.01151159965085 0.011510534536425 0.011533527772069 0.011446425839014
