0.040786622399519 0.021404683140168 0.016966377788969 0.014010288799137 0.011844027838579 0.01020107378159 0.0089230094203967 0.0079026999320915 0.0070695123015624 0.0063769073132789
0.021404683140168 0.015866144319409 0.015158745221575 0.014283058256005 0.013341180561084 0.012416573875033 0.011539482455289 0.01071312910379 0.009935338034862 0.009203748757077
0.016966377788969 0.015158745221575 0.016116152832998 0.016400271610959 0.016238183190625 0.015804453792281 0.015204638361746 0.01450008832823 0.013733349882796 0.012936316892634
0.014010288799137 0.014283058256005 0.016400271610959 0.017648844299044 0.018229757629255 0.018328779963575 0.018083940943834 0.01759204501287 0.016928371517467 0.016152952454406
0.011844027838579 0.013341180561084 0.016238183190625 0.018229757629255 0.019448133034997 0.020052140432463 0.020183141464499 0.01995348333092 0.019457793188597 0.018775349642982
0.01020107378159 0.012416573875033 0.015804453792281 0.018328779963575 0.020052140432463 0.021093354337327 0.021580295106138 0.021626243970846 0.021333587921481 0.02079210290264
0.0089230094203967 0.011539482455289 0.015204638361746 0.018083940943834 0.020183141464499 0.021580295106138 0.022381935108161 0.022693091006937 0.022615376699172 0.022241893176459
0.0079026999320915 0.01071312910379 0.01450008832823 0.01759204501287 0.01995348333092 0.021626243970846 0.022693091006937 0.02324580435693 0.023379592151009 0.023185587807586
0.0070695123015624 0.009935338034862 0.013733349882796 0.016928371517467 0.019457793188597 0.021333587921481 0.022615376699172 0.023379592151009 0.023711767119006 0.023697514934096
0.0063769073132789 0.009203748757077 0.012936316892634 0.016152952454406 0.018775349642982 0.02079210290264 0.022241893176459 0.023185587807586 0.023697514934096 0.023855656253078
