0 3.0802231769727 -0.079508959498672 3.1250587407574 0.039973327543338 3.0621733966022 -0.10374895746543 3.0236593911809 -0.14902747726198 2.9881516469868
-3.0802231769727 0 3.1194345467868 0.16194965153757 -2.8588354251921 0.2438362415377 -2.9419124333081 0.15651782485371 -3.0491894380428 0.059708470212242
0.079508959498672 -3.1194345467868 0 -3.0338482902508 0.11322091525786 -3.0978072393155 0.011455334539007 -3.1201060710246 0.011107458723556 -3.1346459592457
-3.1250587407574 -0.16194965153757 3.0338482902508 0 -3.1265144454882 -0.053063781573506 3.063832768494 -0.082587779517921 3.0393246516837 -0.12047563749851
-0.039973327543338 2.8588354251921 -0.11322091525786 3.1265144454882 0 3.0989924658525 -0.076995310758903 3.0518400541912 -0.10276880323013 3.0329438364364
-3.0621733966022 -0.2438362415377 3.0978072393155 0.053063781573506 -3.0989924658525 0 3.1189635961104 -0.033189928042716 3.0986874199896 -0.046638339550907
0.10374895746543 2.9419124333081 -0.011455334539007 -3.063832768494 0.076995310758903 -3.1189635961104 0 3.1322055336575 -0.017504069298093 3.123065535884
-3.0236593911809 -0.15651782485371 3.1201060710246 0.082587779517921 -3.0518400541912 0.033189928042716 -3.1322055336575 0 3.1351062454618 -0.0055273229639258
0.14902747726198 3.0491894380428 -0.011107458723556 -3.0393246516837 0.10276880323013 -3.0986874199896 0.017504069298093 -3.1351062454618 0 -3.1411780066145
-2.9881516469868 -0.059708470212242 3.1346459592457 0.12047563749851 -3.0329438364364 0.046638339550907 -3.123065535884 0.0055273229639258 3.1411780066145 0
