0.00049558098448461 0.00044322264180729 0.00037929575978103 0.00031464570692281 0.00027932599061272 0.00024570935775102 0.00022203605341496 0.00020710691418806 0.00019527034224597 0.00018607919821374
0.00044322264180729 0.00034291548533858 0.0003065152989167 0.0002560242186197 0.00022129695049314 0.00019094404388 0.0001719565300748 0.00016101073020848 0.00015212596150529 0.00014528982948331
0.00037929575978103 0.0003065152989167 0.00026832033554318 0.00021989508381456 0.0001926852327612 0.00016883758881401 0.00015283350602843 0.00014293012132628 0.00013551736719048 0.00012943802896519
0.00031464570692281 0.0002560242186197 0.00021989508381456 0.00019045091305389 0.00016497764309486 0.00014584466669227 0.00013154832370808 0.00012331124994603 0.00011655184342573 0.00011117540894349
0.00027932599061272 0.00022129695049314 0.0001926852327612 0.00016497764309486 0.00013895109095968 0.00012405876951512 0.00011255153849428 0.00010558588248765 0.0001002093761714 9.5896825864851e-05
0.00024570935775102 0.00019094404388 0.00016883758881401 0.00014584466669227 0.00012405876951512 0.0001110539031667 0.00010076702973167 9.4602122273943e-05 8.9729209039557e-05 8.5770884451246e-05
0.00022203605341496 0.0001719565300748 0.00015283350602843 0.00013154832370808 0.00011255153849428 0.00010076702973167 9.1349672201899e-05 8.5869173059507e-05 8.151940276884e-05 7.8037869495437e-05
0.00020710691418806 0.00016101073020848 0.00014293012132628 0.00012331124994603 0.00010558588248765 9.4602122273943e-05 8.5869173059507e-05 8.0752571475282e-05 7.6756178275334e-05 7.3572093768157e-05
0.00019527034224597 0.00015212596150529 0.00013551736719048 0.00011655184342573 0.0001002093761714 8.9729209039557e-05 8.151940276884e-05 7.6756178275334e-05 7.3063966718472e-05 7.0126145001774e-05
0.00018607919821374 0.00014528982948331 0.00012943802896519 0.00011117540894349 9.5896825864851e-05 8.5770884451246e-05 7.8037869495437e-05 7.3572093768157e-05 7.0126145001774e-05 6.7401482726742e-05
