0.00015893705086845 0.0008034079027053 0.00082571167869381 0.00078393716776328 0.00068451465187766 0.00054352852110979 0.00047848479365364 0.00042866412004482 0.00039973191264877 0.00037970709572422
0.0008034079027053 0.00031670582023955 0.00020013413511753 0.00021339460954803 0.0001737543947951 0.0001457126323764 0.0001200065625321 0.00010565367967682 9.9897866664355e-05 9.5433969129733e-05
0.00082571167869381 0.00020013413511753 0.00029149148788914 0.00020190086995805 0.00017512432720226 0.00013698257514971 0.00012219186597855 0.0001085528058051 0.00010163664832043 9.6554453693797e-05
0.00078393716776328 0.00021339460954803 0.00020190086995805 0.00028364880908268 0.00019442123594018 0.00015115082060157 0.000129864486618 0.00011199435771101 0.00010032831759545 9.3270534736047e-05
0.00068451465187766 0.0001737543947951 0.00017512432720226 0.00019442123594018 0.00020392084042614 0.00014577480971992 0.00012161484615176 0.00010523920986427 9.2870604092051e-05 8.5799902305804e-05
0.00054352852110979 0.0001457126323764 0.00013698257514971 0.00015115082060157 0.00014577480971992 0.00013707995533304 0.00011019990472859 9.2416326192651e-05 8.1594687807826e-05 7.4939192845698e-05
0.00047848479365364 0.0001200065625321 0.00012219186597855 0.000129864486618 0.00012161484615176 0.00011019990472859 0.00010113424677501 8.726987375173e-05 7.7698131785744e-05 7.1176672412519e-05
0.00042866412004482 0.00010565367967682 0.0001085528058051 0.00011199435771101 0.00010523920986427 9.2416326192651e-05 8.726987375173e-05 8.0266939250003e-05 7.3289436530617e-05 6.8003706480591e-05
0.00039973191264877 9.9897866664355e-05 0.00010163664832043 0.00010032831759545 9.2870604092051e-05 8.1594687807826e-05 7.7698131785744e-05 7.3289436530617e-05 6.9858314104146e-05 6.5927713300919e-05
0.00037970709572422 9.5433969129733e-05 9.6554453693797e-05 9.3270534736047e-05 8.5799902305804e-05 7.4939192845698e-05 7.1176672412519e-05 6.8003706480591e-05 6.5927713300919e-05 6.334031294121e-05
