0.229832475702 0.090830032381426 0.052922327180059 0.034068679651548 0.023601922892537 0.016885292990938 0.012106972330745 0.0085751243650304 0.0060468461339094 0.0040854072034462
0.090830032381426 0.070867255493921 0.057493830279655 0.04514110958796 0.034898310265687 0.026508050058289 0.019634187626899 0.014035082892081 0.0095069371890476 0.0059313856944698
0.052922327180059 0.057493830279655 0.056169002022221 0.049628851575112 0.041676186964584 0.033863467227111 0.02675382537935 0.02053535120663 0.015224377249766 0.010836696795124
0.034068679651548 0.04514110958796 0.049628851575112 0.047872057166316 0.043117070784917 0.037248668376318 0.031221536852909 0.025513283434621 0.020342927979749 0.015849420492894
0.023601922892537 0.034898310265687 0.041676186964584 0.043117070784917 0.041200931264077 0.037501156809115 0.033013534048429 0.028337547832153 0.023816420245007 0.019676299079009
0.016885292990938 0.026508050058289 0.033863467227111 0.037248668376318 0.037501156809115 0.03572720907788 0.032798482641007 0.029320279989999 0.025685368941997 0.022164323152185
0.012106972330745 0.019634187626899 0.02675382537935 0.031221536852909 0.033013534048429 0.032798482641007 0.031269508190406 0.028974064141061 0.026301608003338 0.023531404443346
0.0085751243650304 0.014035082892081 0.02053535120663 0.025513283434621 0.028337547832153 0.029320279989999 0.028974064141061 0.027760284574187 0.026033179198756 0.024055580874153
0.0060468461339094 0.0095069371890476 0.015224377249766 0.020342927979749 0.023816420245007 0.025685368941997 0.026301608003338 0.026033179198756 0.025182972130078 0.023981619500723
0.0040854072034462 0.0059313856944698 0.010836696795124 0.015849420492894 0.019676299079009 0.022164323152185 0.023531404443346 0.024055580874153 0.023981619500723 0.023500351495808
