3.1415926535898 -0.066924349491313 -2.5099784516174 -0.16879821731706 -1.6418674130298 1.1800325970776 -1.9088011336975 0.94807065681503 -2.1956487187795 0.97321822213557
0.066924349491313 3.1415926535898 -0.0094134704853866 3.0694123268289 -0.16270325584748 2.9674781176265 -0.17194149704848 2.9754301643701 -0.19915325417697 2.911263210159
2.5099784516174 0.0094134704853866 3.1415926535898 0.051800014709802 -3.0550194741631 0.067384778379754 -3.0619216580759 0.068455502760706 -3.0727583162535 0.081539594292262
0.16879821731706 -3.0694123268289 -0.051800014709802 3.1415926535898 -0.017115304670677 3.0918161700699 -0.038789578909391 3.0997257874606 -0.04030658845206 3.1054474021807
1.6418674130298 0.16270325584748 3.0550194741631 0.017115304670677 3.1415926535898 -0.015384906201003 -3.1407791209935 -0.0035968099715813 3.1385265538998 6.3558475632369e-05
-1.1800325970776 -2.9674781176265 -0.067384778379754 -3.0918161700699 0.015384906201003 3.1415926535898 0.011567290548412 -3.1316225829384 0.010513381617707 -3.128855436267
1.9088011336975 0.17194149704848 3.0619216580759 0.038789578909391 3.1407791209935 -0.011567290548412 3.1415926535898 7.7520902787016e-05 -3.140225670661 0.0033093771899467
-0.94807065681503 -2.9754301643701 -0.068455502760706 -3.0997257874606 0.0035968099715813 3.1316225829384 -7.7520902787016e-05 3.1415926535898 0.0011075991231023 -3.1393551034168
2.1956487187795 0.19915325417697 3.0727583162535 0.04030658845206 -3.1385265538998 -0.010513381617707 3.140225670661 -0.0011075991231023 3.1415926535898 0.00049395539884173
-0.97321822213557 -2.911263210159 -0.081539594292262 -3.1054474021807 -6.3558475632369e-05 3.128855436267 -0.0033093771899467 3.1393551034168 -0.00049395539884173 3.1415926535898
