-0.015342658692672 0.0017582370053907 -0.0010076289238805 0.00078782608305685 -0.00067055305376113 0.0005385304561011 -0.00044463763046403 0.00035517531659717 -0.00029647745470369 0.00025540877385625
0.0017582370053907 -0.010346449885165 0.003727798078698 -0.0023197551834 0.0017029878534827 -0.0013376201128291 0.001082010692282 -0.00088213294214629 0.00073040330861239 -0.00061768129589218
-0.0010076289238805 0.003727798078698 -0.0067120956182181 0.0041665894230721 -0.0030982691640288 0.0024999837514558 -0.0020679790036366 0.001745862679916 -0.0015013874715965 0.0013112564825529
0.00078782608305685 -0.0023197551834 0.0041665894230721 -0.0046611643253833 0.0037158401191213 -0.0030931945564468 0.0026304038155429 -0.0022702022737111 0.0019842420269291 -0.0017545493908658
-0.00067055305376113 0.0017029878534827 -0.0030982691640288 0.0037158401191213 -0.0036870277465969 0.0033117613521076 -0.0029495121109142 0.0026313804045432 -0.0023564983408562 0.0021236971159014
0.0005385304561011 -0.0013376201128291 0.0024999837514558 -0.0030931945564468 0.0033117613521076 -0.003251366981618 0.0030412248853593 -0.0028080437856899 0.0025809829049371 -0.0023739867299121
-0.00044463763046403 0.001082010692282 -0.0020679790036366 0.0026304038155429 -0.0029495121109142 0.0030412248853593 -0.0029754059118138 0.002832257882489 -0.0026632311101652 0.0024940937848243
0.00035517531659717 -0.00088213294214629 0.001745862679916 -0.0022702022737111 0.0026313804045432 -0.0028080437856899 0.002832257882489 -0.0027667250098669 0.0026537627333698 -0.0025248150516205
-0.00029647745470369 0.00073040330861239 -0.0015013874715965 0.0019842420269291 -0.0023564983408562 0.0025809829049371 -0.0026632311101652 0.0026537627333698 -0.0025890490406145 0.0024980103815613
0.00025540877385625 -0.00061768129589218 0.0013112564825529 -0.0017545493908658 0.0021236971159014 -0.0023739867299121 0.0024940937848243 -0.0025248150516205 0.0024980103815613 -0.0024398002941216
