0 3.1187638149094 -0.03893652210164 3.1368359333782 0.016588080299148 -3.1325305196105 0.027564329260201 -3.109429787511 0.031376013968797 -3.1128766426544
-3.1187638149094 0 3.0735745088317 0.0014310795414613 -3.121956340446 0.027487092733147 -3.1003516428411 0.046655562543197 -3.0910237963104 0.050552156207194
0.03893652210164 -3.0735745088317 0 -3.1042175222662 0.073657169557702 -3.0425455655983 0.12717664885854 -3.0031306088517 0.14533862052463 -2.9957997939613
-3.1368359333782 -0.0014310795414613 3.1042175222662 0 -3.1342842899314 0.03270063303988 -3.0836218026423 0.077377284126664 -3.0486349916964 0.10471151860832
-0.016588080299148 3.121956340446 -0.073657169557702 3.1342842899314 0 -3.1291721984531 0.024049471721574 -3.110133727205 0.036360614284955 -3.1001868095389
3.1325305196105 -0.027487092733147 3.0425455655983 -0.03270063303988 3.1291721984531 0 -3.1298565750827 0.018053480066022 -3.1194381393668 0.025967561011696
-0.027564329260201 3.1003516428411 -0.12717664885854 3.0836218026423 -0.024049471721574 3.1298565750827 0 -3.1366043976314 0.0081328618276054 -3.130657102913
3.109429787511 -0.046655562543197 3.0031306088517 -0.077377284126664 3.110133727205 -0.018053480066022 3.1366043976314 0 -3.1384471703116 0.00558295835402
-0.031376013968797 3.0910237963104 -0.14533862052463 3.0486349916964 -0.036360614284955 3.1194381393668 -0.0081328618276054 3.1384471703116 0 -3.1393956232086
3.1128766426544 -0.050552156207194 2.9957997939613 -0.10471151860832 3.1001868095389 -0.025967561011696 3.130657102913 -0.00558295835402 3.1393956232086 0
