0.0016273387139663 0.0012248452164356 0.0011138035752741 0.00088773840403029 0.0007862109973746 0.00075063699898805 0.00075343486298671 0.00075935808420919 0.00076444123136994 0.00076051583317681
0.0012248452164356 0.00071831721394375 0.00063478427488317 0.00059910707204779 0.00045572101899604 0.00043074161522535 0.00044058058150084 0.00044944816915882 0.00045860925163924 0.00047074729788662
0.0011138035752741 0.00063478427488317 0.00062560084985984 0.00048548901967288 0.00039146128659599 0.00037000757708066 0.00037567374373245 0.00037406714007276 0.00036895707468442 0.00036197820167605
0.00088773840403029 0.00059910707204779 0.00048548901967288 0.00038478041028832 0.00037054209082595 0.00038378445144383 0.00039670743474853 0.00039089119119547 0.00038442894342497 0.00038197338588567
0.0007862109973746 0.00045572101899604 0.00039146128659599 0.00037054209082595 0.00032574263866899 0.00032339400712931 0.00033602249384288 0.00033706394243645 0.00034402638492114 0.00034785446240203
0.00075063699898805 0.00043074161522535 0.00037000757708066 0.00038378445144383 0.00032339400712931 0.00031678976839736 0.00032527314094115 0.00032891078862466 0.00033701246880402 0.00034005539696191
0.00075343486298671 0.00044058058150084 0.00037567374373245 0.00039670743474853 0.00033602249384288 0.00032527314094115 0.00033343108334638 0.00033211770925314 0.00033726444728278 0.00033816296590277
0.00075935808420919 0.00044944816915882 0.00037406714007276 0.00039089119119547 0.00033706394243645 0.00032891078862466 0.00033211770925314 0.00033000424199501 0.00033591432605675 0.00033726391316707
0.00076444123136994 0.00045860925163924 0.00036895707468442 0.00038442894342497 0.00034402638492114 0.00033701246880402 0.00033726444728278 0.00033591432605675 0.00034231256118091 0.0003441606649346
0.00076051583317681 0.00047074729788662 0.00036197820167605 0.00038197338588567 0.00034785446240203 0.00034005539696191 0.00033816296590277 0.00033726391316707 0.0003441606649346 0.00034643227952579
