0.019421296920175 0.0039988396576602 0.0030990707149059 0.0025513650734966 0.0021939656064469 0.001725426157463 0.0012410137209508 0.00097546443376729 0.00074764751134874 0.00058755148125774
0.0039988396576602 0.0094522482987758 0.0043895779934167 0.0028640315068325 0.0020791240098108 0.0015312501476934 0.0011694701604959 0.00093475386644904 0.00075503984695959 0.00062374163836303
0.0030990707149059 0.0043895779934167 0.0066140042430369 0.0041487951654735 0.0030648441083948 0.0026231368380276 0.0021406424440592 0.0018484355415497 0.0016165687920508 0.0014194044342957
0.0025513650734966 0.0028640315068325 0.0041487951654735 0.0046892894449799 0.003656949498701 0.0031279063048595 0.0026258957253032 0.0022453440643526 0.0019525980606001 0.001715742356387
0.0021939656064469 0.0020791240098108 0.0030648441083948 0.003656949498701 0.0037518670912574 0.0033407518588264 0.0029118791546421 0.0025790236198881 0.0023156724960859 0.0020972243442815
0.001725426157463 0.0015312501476934 0.0026231368380276 0.0031279063048595 0.0033407518588264 0.0032785301768298 0.0029906834414022 0.0027327505516772 0.0025204571455262 0.0023299380401901
0.0012410137209508 0.0011694701604959 0.0021406424440592 0.0026258957253032 0.0029118791546421 0.0029906834414022 0.0028842192378067 0.0027237834483603 0.0025726421408167 0.0024205475516497
0.00097546443376729 0.00093475386644904 0.0018484355415497 0.0022453440643526 0.0025790236198881 0.0027327505516772 0.0027237834483603 0.0026551054793804 0.0025639031767128 0.0024525558115395
0.00074764751134874 0.00075503984695959 0.0016165687920508 0.0019525980606001 0.0023156724960859 0.0025204571455262 0.0025726421408167 0.0025639031767128 0.0025293121551118 0.002457773490433
0.00058755148125774 0.00062374163836303 0.0014194044342957 0.001715742356387 0.0020972243442815 0.0023299380401901 0.0024205475516497 0.0024525558115395 0.002457773490433 0.0024218001304195
