0.00048802346739502 0.00040185567466873 0.00031964520102659 0.00027248821393841 0.00024325680365165 0.00022327082960191 0.00020964534181022 0.0001994126703178 0.00019176029348737 0.00018585420754665
0.00040185567466873 0.00033219554163439 0.00025655116571424 0.0002191623576817 0.00019834951349283 0.00018332676941345 0.00017387278941547 0.00016729763634315 0.00016240478675859 0.00015854411219935
0.00031964520102659 0.00025655116571424 0.00021860664806718 0.00018028254139401 0.00016372570489356 0.00015499692484893 0.00014854716140318 0.00014291093267054 0.00013846237142614 0.00013500601209913
0.00027248821393841 0.0002191623576817 0.00018028254139401 0.00015612932684001 0.00014470400861755 0.00013765478451247 0.00013203103933614 0.00012715044263809 0.00012323832803316 0.00011999180105332
0.00024325680365165 0.00019834951349283 0.00016372570489356 0.00014470400861755 0.00013621658581696 0.00013063122064943 0.00012586712208036 0.00012127503011578 0.00011753971493865 0.00011441840412914
0.00022327082960191 0.00018332676941345 0.00015499692484893 0.00013765478451247 0.00013063122064943 0.00012567825637961 0.00012148780827428 0.00011726077140839 0.00011372515830568 0.00011070615901261
0.00020964534181022 0.00017387278941547 0.00014854716140318 0.00013203103933614 0.00012586712208036 0.00012148780827428 0.00011804920358739 0.00011441943949299 0.00011126692517482 0.00010849610217522
0.0001994126703178 0.00016729763634315 0.00014291093267054 0.00012715044263809 0.00012127503011578 0.00011726077140839 0.00011441943949299 0.00011134041290842 0.00010860279762194 0.00010613440700384
0.00019176029348737 0.00016240478675859 0.00013846237142614 0.00012323832803316 0.00011753971493865 0.00011372515830568 0.00011126692517482 0.00010860279762194 0.00010619866265059 0.00010399173718417
0.00018585420754665 0.00015854411219935 0.00013500601209913 0.00011999180105332 0.00011441840412914 0.00011070615901261 0.00010849610217522 0.00010613440700384 0.00010399173718417 0.00010198730072379
