0.0323362573122 0.016320393225566 0.013711805118509 0.012331326937106 0.01137202619941 0.010618295521425 0.009990026533071 0.0094471835004958 0.0089705858998206 0.0085436279968845 0.0081569664210563 0.0078081356515043 0.0074878352491394 0.0071923878630461 0.0069205417991805 0.0066678819260253 0.0064295556398674 0.0062091264224316 0.0059981959116266 0.0058035008275448
0.016320393225566 0.0092932381591855 0.0081961345948464 0.0075908099497614 0.0071426093292588 0.0067683352156491 0.0064392691045407 0.006142167612039 0.0058717709213575 0.0056224954990052 0.0053926737946243 0.0051792023809382 0.0049809994993487 0.0047969212836162 0.0046233352271522 0.0044594273188181 0.0043082161522223 0.0041639287726373 0.0040280012067315 0.0038997705076259
0.013711805118509 0.0081961345948464 0.007486728413004 0.007109847632059 0.0068175662250971 0.0065559462726606 0.0063104845778432 0.0060762323455858 0.0058534131538161 0.0056404085883407 0.0054385419660399 0.0052459721929424 0.005063846401566 0.004891815064175 0.0047274482946883 0.0045702364209996 0.0044241602234352 0.0042830753717516 0.0041498389227708 0.0040228948018477
0.012331326937106 0.0075908099497614 0.007109847632059 0.006893237895852 0.0067215925401151 0.0065526786169052 0.0063788467622641 0.0061999896449563 0.0060198399966843 0.0058395627949274 0.0056625853237581 0.0054886644351546 0.0053202635862829 0.0051578570473916 0.0050004032930697 0.0048477469414917 0.0047037842015213 0.0045634598599066 0.0044298413439661 0.0043014671215921
0.01137202619941 0.0071426093292588 0.0068175662250971 0.0067215925401151 0.0066491881444461 0.0065616533183364 0.0064540480044349 0.0063287388513685 0.0061915284488534 0.0060454698296825 0.0058954197398419 0.0057426625731177 0.005590484206691 0.0054401366690514 0.0052918536506555 0.0051459176920577 0.005005812569039 0.0048679706453046 0.0047353276099077 0.0046068480777452
0.010618295521425 0.0067683352156491 0.0065559462726606 0.0065526786169052 0.0065616533183364 0.0065449179380922 0.0064978204681317 0.0064236291993075 0.0063290851044121 0.0062183718154402 0.0060972294427974 0.0059681493506946 0.0058349540814384 0.0056995505682671 0.0055632307133066 0.0054267409216383 0.0052930927217202 0.0051602019271292 0.005030769219406 0.0049042908177988
0.009990026533071 0.0064392691045407 0.0063104845778432 0.0063788467622641 0.0064540480044349 0.0064978204681317 0.0065048622409371 0.0064782306498638 0.0064248454407222 0.0063494197355065 0.0062581432186138 0.0061543262449995 0.0060421460187204 0.0059239913420378 0.0058020110865804 0.005677345977224 0.0055526250660139 0.0054270498260495 0.005303057347912 0.0051807128600924
0.0094471835004958 0.006142167612039 0.0060762323455858 0.0061999896449563 0.0063287388513685 0.0064236291993075 0.0064782306498638 0.0064949273835452 0.0064802803915376 0.0064390981424664 0.0063776828537877 0.0062998158941497 0.0062098817762001 0.0061105758161881 0.0060047308626777 0.0058937675503194 0.0057800550814652 0.0056638234202792 0.0055472707179744 0.0054309953184144
0.0089705858998206 0.0058717709213575 0.0058534131538161 0.0060198399966843 0.0061915284488534 0.0063290851044121 0.0064248454407222 0.0064802803915376 0.0065013889534237 0.0064925507303173 0.006460157047364 0.0064081014375044 0.0063408560371687 0.0062612670603052 0.0061726952990607 0.0060767306542712 0.0059755719794901 0.0058702368825884 0.0057627369402623 0.0056541203710001
0.0085436279968845 0.0056224954990052 0.0056404085883407 0.0058395627949274 0.0060454698296825 0.0062183718154402 0.0063494197355065 0.0064390981424664 0.0064925507303173 0.0065140105584751 0.0065092767825439 0.0064823610049055 0.00643770639802 0.0063781716181277 0.0063075186623188 0.0062273996514504 0.0061399093336061 0.0060466421984614 0.0059494731533827 0.0058498077141423
0.0081569664210563 0.0053926737946243 0.0054385419660399 0.0056625853237581 0.0058954197398419 0.0060972294427974 0.0062581432186138 0.0063776828537877 0.006460157047364 0.0065092767825439 0.0065312027929536 0.006527651643519 0.0065050263891183 0.006465422232321 0.0064128915764203 0.0063490585249961 0.0062759477615776 0.006195562191878 0.006109671067491 0.0060199545191517
0.0078081356515043 0.0051792023809382 0.0052459721929424 0.0054886644351546 0.0057426625731177 0.0059681493506946 0.0061543262449995 0.0062998158941497 0.0064081014375044 0.0064823610049055 0.006527651643519 0.0065474127415893 0.0065458224985893 0.0065255841831025 0.0064909061223742 0.006443331941498 0.0063848417299185 0.0063177023610556 0.0062436064507924 0.0061644364760256
0.0074878352491394 0.0049809994993487 0.005063846401566 0.0053202635862829 0.005590484206691 0.0058349540814384 0.0060421460187204 0.0062098817762001 0.0063408560371687 0.00643770639802 0.0065050263891183 0.0065458224985893 0.0065642735587197 0.0065626427168943 0.006545429973437 0.0065139351037535 0.0064701504699412 0.0064164869849939 0.0063545721714228 0.0062864276629747
0.0071923878630461 0.0047969212836162 0.004891815064175 0.0051578570473916 0.0054401366690514 0.0056995505682671 0.0059239913420378 0.0061105758161881 0.0062612670603052 0.0063781716181277 0.006465422232321 0.0065255841831025 0.0065626427168943 0.0065790109174095 0.0065781938695378 0.0065623151580916 0.0065329904954675 0.0064927158361238 0.0064430596989678 0.0063861266989461
0.0069205417991805 0.0046233352271522 0.0047274482946883 0.0050004032930697 0.0052918536506555 0.0055632307133066 0.0058020110865804 0.0060047308626777 0.0061726952990607 0.0063075186623188 0.0064128915764203 0.0064909061223742 0.006545429973437 0.0065781938695378 0.0065937990488258 0.0065930282784072 0.0065779122978505 0.0065509185931438 0.0065135592675301 0.0064679798737923
0.0066678819260253 0.0044594273188181 0.0045702364209996 0.0048477469414917 0.0051459176920577 0.0054267409216383 0.005677345977224 0.0058937675503194 0.0060767306542712 0.0062273996514504 0.0063490585249961 0.006443331941498 0.0065139351037535 0.0065623151580916 0.0065930282784072 0.0066084279844253 0.0066052660785843 0.0065911596207125 0.0065658501784197 0.0065314893275897
0.0064295556398674 0.0043082161522223 0.0044241602234352 0.0047037842015213 0.005005812569039 0.0052930927217202 0.0055526250660139 0.0057800550814652 0.0059755719794901 0.0061399093336061 0.0062759477615776 0.0063848417299185 0.0064701504699412 0.0065329904954675 0.0065779122978505 0.0066052660785843 0.0066169229560343 0.0066152732584087 0.006601719852063 0.0065783900786294
0.0062091264224316 0.0041639287726373 0.0042830753717516 0.0045634598599066 0.0048679706453046 0.0051602019271292 0.0054270498260495 0.0056638234202792 0.0058702368825884 0.0060466421984614 0.006195562191878 0.0063177023610556 0.0064164869849939 0.0064927158361238 0.0065509185931438 0.0065911596207125 0.0066152732584087 0.0066273086024618 0.0066233752241506 0.0066107852559329
0.0059981959116266 0.0040280012067315 0.0041498389227708 0.0044298413439661 0.0047353276099077 0.005030769219406 0.005303057347912 0.0055472707179744 0.0057627369402623 0.0059494731533827 0.006109671067491 0.0062436064507924 0.0063545721714228 0.0064430596989678 0.0065135592675301 0.0065658501784197 0.006601719852063 0.0066233752241506 0.0066320966612782 0.0066298870673331
0.0058035008275448 0.0038997705076259 0.0040228948018477 0.0043014671215921 0.0046068480777452 0.0049042908177988 0.0051807128600924 0.0054309953184144 0.0056541203710001 0.0058498077141423 0.0060199545191517 0.0061644364760256 0.0062864276629747 0.0063861266989461 0.0064679798737923 0.0065314893275897 0.0065783900786294 0.0066107852559329 0.0066298870673331 0.0066384707134207
