-0.0066156199553633 0.0010427119321108 -0.0004961855033584 0.00041524569181886 -0.00015095248945111 0.00022597632369976 -0.00015536755763821 0.00014017668433109 -0.00017556020390428 0.00019698070527876
0.0010427119321108 -0.0062032465711897 0.0014095003645167 -0.00070375933807384 0.00071987810901502 -0.00079470546996972 0.00059035065305704 -0.00054358858167663 0.00048974370121938 -0.0004581795352148
-0.0004961855033584 0.0014095003645167 -0.0057738859878583 0.0016460508187477 -0.0010260863129557 0.00072931165186244 -0.00063060779562077 0.00052156275660062 -0.00047734888112846 0.00043237016419363
0.00041524569181886 -0.00070375933807384 0.0016460508187477 -0.0048236786995756 0.0018844446184044 -0.0014476258690223 0.0011724111911566 -0.0009700564470353 0.0008382343646742 -0.00072296410377726
-0.00015095248945111 0.00071987810901502 -0.0010260863129557 0.0018844446184044 -0.003456163260978 0.0020184576576941 -0.0015551534213569 0.001262534817527 -0.0010634094217534 0.0009168276039572
0.00022597632369976 -0.00079470546996972 0.00072931165186244 -0.0014476258690223 0.0020184576576941 -0.002760811791482 0.0019522566015533 -0.0015526784599577 0.0012949693289935 -0.0011242364643452
-0.00015536755763821 0.00059035065305704 -0.00063060779562077 0.0011724111911566 -0.0015551534213569 0.0019522566015533 -0.0021675645227375 0.0017891152622081 -0.0015125395945571 0.0013100736742421
0.00014017668433109 -0.00054358858167663 0.00052156275660062 -0.0009700564470353 0.001262534817527 -0.0015526784599577 0.0017891152622081 -0.0018405732969891 0.001631987965865 -0.0014545305013919
-0.00017556020390428 0.00048974370121938 -0.00047734888112846 0.0008382343646742 -0.0010634094217534 0.0012949693289935 -0.0015125395945571 0.001631987965865 -0.0016146042583568 0.0014970646491802
0.00019698070527876 -0.0004581795352148 0.00043237016419363 -0.00072296410377726 0.0009168276039572 -0.0011242364643452 0.0013100736742421 -0.0014545305013919 0.0014970646491802 -0.0014661826822507
