0.014436612238219 0.0028410819233087 0.0019198677246333 0.0016403366104008 0.0014556128681082 0.0012766156808454 0.0011051951113288 0.00099043109154645 0.00090368235663415 0.00082536960174187 0.00076178398683924 0.00070325491624833 0.0006549088046214 0.0006111649182849 0.00057909954228355 0.00054637994446546 0.00052046018030747 0.0004956038353125 0.00047127563977764 0.00040928990808239
0.0028410819233087 0.0052407670865956 0.0025340805501896 0.0018582994657489 0.0014829964080386 0.0012264945505124 0.0010258662866677 0.00087454612884687 0.00076071768843979 0.00067233569245201 0.00060496803259696 0.0005471472458163 0.00049868571274899 0.00045800554826325 0.00041661422688355 0.00039106274921509 0.00036105385634882 0.00034898257101939 0.00031939554154758 0.00030346951193678
0.0019198677246333 0.0025340805501896 0.0036049038658273 0.0024889555140772 0.0019655128816726 0.0016335912931119 0.0013812235360431 0.0011941323820501 0.0010429314937859 0.00093045224765872 0.0008341351108203 0.00075827576504912 0.0006959924377392 0.00064482678329475 0.00059926697823381 0.00056422698805111 0.00052401692308032 0.00050651249806851 0.0004767964401182 0.00045735779860554
0.0016403366104008 0.0018582994657489 0.0024889555140772 0.0026308267315494 0.0021309955144273 0.0018148589496787 0.0015758589543293 0.001399234716545 0.0012535173457986 0.0011411414858417 0.0010417931175509 0.00096164793163892 0.00089371577678664 0.00083473475746487 0.00078706914042841 0.00074218663795365 0.00069631722346882 0.00067310505264936 0.00063580748016262 0.0006073889573704
0.0014556128681082 0.0014829964080386 0.0019655128816726 0.0021309955144273 0.0020787431790325 0.0018362824575534 0.001630329648142 0.0014678653841961 0.0013316145830138 0.0012215450684693 0.0011222273332809 0.0010393835316502 0.00096844988002357 0.00090673420718277 0.00085590156145001 0.00080843593936294 0.00075973054898186 0.00073392847343973 0.00069539594043158 0.00066442975190292
0.0012766156808454 0.0012264945505124 0.0016335912931119 0.0018148589496787 0.0018362824575534 0.0017720980653041 0.0016277846880285 0.0015006363095384 0.0013858721949198 0.0012873510797762 0.0011968605077435 0.0011181508246067 0.0010493542704831 0.00098819019481338 0.00093571013051985 0.00088870905408889 0.00084005516964495 0.00081259892445423 0.00077157284471553 0.00073782577862983
0.0011051951113288 0.0010258662866677 0.0013812235360431 0.0015758589543293 0.001630329648142 0.0016277846880285 0.001567581974541 0.0014804055118852 0.0013911872039 0.0013089771789517 0.0012317189552924 0.0011612639952829 0.0010983791516874 0.0010414469835793 0.00099093826360526 0.00094627139584599 0.00089980648009093 0.00087213526731804 0.00083124921629609 0.00079678766305269
0.00099043109154645 0.00087454612884687 0.0011941323820501 0.001399234716545 0.0014678653841961 0.0015006363095384 0.0014804055118852 0.0014359084573598 0.0013727155564051 0.0013082046566247 0.0012446880713509 0.00118418962395 0.0011287377703329 0.0010773816145129 0.001031018171626 0.0009890552097131 0.00094575099444752 0.00091809922539242 0.0008790125687618 0.00084500662207443
0.00090368235663415 0.00076071768843979 0.0010429314937859 0.0012535173457986 0.0013316145830138 0.0013858721949198 0.0013911872039 0.0013727155564051 0.0013358529985657 0.0012889234175076 0.0012391643247698 0.0011889321908376 0.0011414595005156 0.0010962681603452 0.0010548561308249 0.0010160810937695 0.00097657798990859 0.00094968976744395 0.00091266547175684 0.00087969014393121
0.00082536960174187 0.00067233569245201 0.00093045224765872 0.0011411414858417 0.0012215450684693 0.0012873510797762 0.0013089771789517 0.0013082046566247 0.0012889234175076 0.0012610897529411 0.0012214097893561 0.0011811096492222 0.0011414664009888 0.0011025307506576 0.001066218205059 0.0010309438519328 0.00099528039353887 0.00096943371165523 0.00093481621009149 0.00090303895823341
0.00076178398683924 0.00060496803259696 0.0008341351108203 0.0010417931175509 0.0011222273332809 0.0011968605077435 0.0012317189552924 0.0012446880713509 0.0012391643247698 0.0012214097893561 0.0011959583594085 0.001164917482952 0.0011328122733494 0.001100026889369 0.0010689179722598 0.0010374257114745 0.0010059232767191 0.00098154282069322 0.00094962869691799 0.00091968456471557
0.00070325491624833 0.0005471472458163 0.00075827576504912 0.00096164793163892 0.0010393835316502 0.0011181508246067 0.0011612639952829 0.00118418962395 0.0011889321908376 0.0011811096492222 0.001164917482952 0.0011421298102522 0.0011169361553064 0.0010899303098553 0.0010638093555245 0.0010360977589129 0.0010086089493504 0.0009859467721806 0.00095674663381278 0.0009288731653342
0.0006549088046214 0.00049868571274899 0.0006959924377392 0.00089371577678664 0.00096844988002357 0.0010493542704831 0.0010983791516874 0.0011287377703329 0.0011414595005156 0.0011414664009888 0.0011328122733494 0.0011169361553064 0.0010978687324676 0.0010761284600547 0.0010545824186764 0.0010305272870266 0.0010068242821083 0.00098596058988277 0.00095947805852287 0.00093375162393463
0.0006111649182849 0.00045800554826325 0.00064482678329475 0.00083473475746487 0.00090673420718277 0.00098819019481338 0.0010414469835793 0.0010773816145129 0.0010962681603452 0.0011025307506576 0.001100026889369 0.0010899303098553 0.0010761284600547 0.0010597569852325 0.0010417261026603 0.0010211282591924 0.0010009478660876 0.00098196279879547 0.00095812584995916 0.00093460388092006
0.00057909954228355 0.00041661422688355 0.00059926697823381 0.00078706914042841 0.00085590156145001 0.00093571013051985 0.00099093826360526 0.001031018171626 0.0010548561308249 0.001066218205059 0.0010689179722598 0.0010638093555245 0.0010545824186764 0.0010417261026603 0.0010317160974297 0.0010106631496831 0.0009937109115922 0.00097650365489987 0.00095514612871135 0.00093373985981045
0.00054637994446546 0.00039106274921509 0.00056422698805111 0.00074218663795365 0.00080843593936294 0.00088870905408889 0.00094627139584599 0.0009890552097131 0.0010160810937695 0.0010309438519328 0.0010374257114745 0.0010360977589129 0.0010305272870266 0.0010211282591924 0.0010106631496831 0.00099615635642654 0.00098215487821927 0.00096672475231267 0.00094776623902433 0.00092849817559375
0.00052046018030747 0.00036105385634882 0.00052401692308032 0.00069631722346882 0.00075973054898186 0.00084005516964495 0.00089980648009093 0.00094575099444752 0.00097657798990859 0.00099528039353887 0.0010059232767191 0.0010086089493504 0.0010068242821083 0.0010009478660876 0.0009937109115922 0.00098215487821927 0.00098096800204064 0.00095752569588477 0.00094096906371871 0.00092385451439598
0.0004956038353125 0.00034898257101939 0.00050651249806851 0.00067310505264936 0.00073392847343973 0.00081259892445423 0.00087213526731804 0.00091809922539242 0.00094968976744395 0.00096943371165523 0.00098154282069322 0.0009859467721806 0.00098596058988277 0.00098196279879547 0.00097650365489987 0.00096672475231267 0.00095752569588477 0.00094730120147074 0.00093029103218852 0.00091482262839248
0.00047127563977764 0.00031939554154758 0.0004767964401182 0.00063580748016262 0.00069539594043158 0.00077157284471553 0.00083124921629609 0.0008790125687618 0.00091266547175684 0.00093481621009149 0.00094962869691799 0.00095674663381278 0.00095947805852287 0.00095812584995916 0.00095514612871135 0.00094776623902433 0.00094096906371871 0.00093029103218852 0.00091749225891763 0.00090404587728581
0.00040928990808239 0.00030346951193678 0.00045735779860554 0.0006073889573704 0.00066442975190292 0.00073782577862983 0.00079678766305269 0.00084500662207443 0.00087969014393121 0.00090303895823341 0.00091968456471557 0.0009288731653342 0.00093375162393463 0.00093460388092006 0.00093373985981045 0.00092849817559375 0.00092385451439598 0.00091482262839248 0.00090404587728581 0.00092353146449914
