0.045242510072285 0.018024436583465 0.013008014245756 0.01037625262578 0.0086724726913817 0.0074239347751724 0.0064494241339068 0.0056621227591151 0.0050141316449767 0.0044747285448615 0.0040218250150759 0.0036389589200832 0.0033121618485633 0.0030306817901898 0.002787577232357 0.0025721062873808 0.0023859432379513 0.0022123302130266 0.0020735863131269 0.0019373935739067
0.018024436583465 0.011562414699854 0.0095862321799477 0.0082749634877664 0.0072767988704355 0.0064722274690065 0.0058076656958044 0.0052486841026356 0.0047729980180375 0.0043618514328005 0.004006547890349 0.0036971844462667 0.0034260821498929 0.003186930349831 0.0029755550154189 0.002786973431845 0.0026200132509451 0.0024652716155374 0.0023418200682331 0.0022043427747109
0.013008014245756 0.0095862321799477 0.008983944634528 0.0082823806365594 0.0076048382005172 0.0069808043470275 0.0064218595020434 0.005924186501783 0.0054818133067595 0.0050871945667467 0.0047362826376098 0.004423628022847 0.0041443124655105 0.0038938384887941 0.0036691777527707 0.0034656762801969 0.0032845725306628 0.0031162296826585 0.0029784482652137 0.0028244570391408
0.01037625262578 0.0082749634877664 0.0082823806365594 0.0080673159177546 0.0077081641418319 0.0072910012550382 0.0068661540500438 0.0064541565588131 0.0060643502478609 0.0057009812505468 0.0053656411958048 0.0050581538179198 0.0047770388664962 0.0045201121302764 0.0042860489190907 0.0040711641972146 0.0038771492641577 0.0036966022085377 0.0035450073704166 0.003377783074417
0.0086724726913817 0.0072767988704355 0.0076048382005172 0.0077081641418319 0.0076123655852137 0.0073924950453576 0.0071107371411317 0.0068001822141896 0.0064804631646913 0.0061651092975517 0.0058607928781361 0.0055722031389979 0.0053012640720258 0.0050482187036015 0.0048135917700279 0.0045948580480617 0.004394100036404 0.0042069680714148 0.0040456653054671 0.0038701258398977
0.0074239347751724 0.0064722274690065 0.0069808043470275 0.0072910012550382 0.0073924950453576 0.0073403393778215 0.007192285690398 0.0069847679196259 0.0067424436144364 0.0064846941977643 0.0062219434877773 0.0059627056969577 0.0057118252424879 0.0054717521727148 0.0052447733401264 0.0050295232165294 0.0048287314410863 0.0046408516307501 0.0044748317142503 0.0042959075267131
0.0064494241339068 0.0058076656958044 0.0064218595020434 0.0068661540500438 0.0071107371411317 0.007192285690398 0.0071602431515531 0.0070488502943411 0.006883841869636 0.0066873575188442 0.0064720735616133 0.0062491034949863 0.0060255047241499 0.0058055417481181 0.0055930015677699 0.0053876270040241 0.0051928588223353 0.0050094412925124 0.0048437503261698 0.0046657661814984
0.0056621227591151 0.0052486841026356 0.005924186501783 0.0064541565588131 0.0068001822141896 0.0069847679196259 0.0070488502943411 0.0070225231076022 0.00693014778309 0.006794368516308 0.0066287666015537 0.0064459188509821 0.0062543504254078 0.00605966799624 0.0058668244528981 0.0056765325751589 0.0054929304392679 0.0053184585792132 0.0051577210405261 0.0049845680507133
0.0050141316449767 0.0047729980180375 0.0054818133067595 0.0060643502478609 0.0064804631646913 0.0067424436144364 0.006883841869636 0.00693014778309 0.0069039173721848 0.0068248228294862 0.0067083624168755 0.0065669659869768 0.0064099544038949 0.0062438098805862 0.0060743063525525 0.0059029442265414 0.0057344606276946 0.0055725095079412 0.0054205197956619 0.0052555123415681
0.0044747285448615 0.0043618514328005 0.0050871945667467 0.0057009812505468 0.0061651092975517 0.0064846941977643 0.0066873575188442 0.006794368516308 0.0068248228294862 0.0067987648151227 0.006728941700417 0.0066283366240995 0.0065065374589254 0.0063704997909335 0.0062264988557739 0.0060766280110995 0.0059260801567254 0.0057793277139493 0.0056390210203745 0.0054848620660574
0.0040218250150759 0.004006547890349 0.0047362826376098 0.0053656411958048 0.0058607928781361 0.0062219434877773 0.0064720735616133 0.0066287666015537 0.0067083624168755 0.006728941700417 0.0067021475862259 0.0066403929516703 0.0065531319533494 0.0064474622737331 0.0063298903254402 0.0062029145799919 0.0060720550207552 0.0059422665908695 0.0058157116773637 0.0056743947263181
0.0036389589200832 0.0036971844462667 0.004423628022847 0.0050581538179198 0.0055722031389979 0.0059627056969577 0.0062491034949863 0.0064459188509821 0.0065669659869768 0.0066283366240995 0.0066403929516703 0.0066147284810658 0.0065603913633479 0.0064843787038526 0.0063932114445477 0.0062896298466235 0.0061793589508283 0.0060675565523987 0.0059561043929918 0.0058290320367247
0.0033121618485633 0.0034260821498929 0.0041443124655105 0.0047770388664962 0.0053012640720258 0.0057118252424879 0.0060255047241499 0.0062543504254078 0.0064099544038949 0.0065065374589254 0.0065531319533494 0.0065603913633479 0.0065368002922209 0.0064890777369538 0.0064236022226681 0.0063432200275952 0.0062537579110667 0.0061603537911257 0.006064755514198 0.0059527983847634
0.0030306817901898 0.003186930349831 0.0038938384887941 0.0045201121302764 0.0050482187036015 0.0054717521727148 0.0058055417481181 0.00605966799624 0.0062438098805862 0.0063704997909335 0.0064474622737331 0.0064843787038526 0.0064890777369538 0.0064679078738608 0.0064269513017 0.006369098438911 0.0063001724973244 0.0062251270912614 0.0061456738354703 0.0060492782204733
0.002787577232357 0.0029755550154189 0.0036691777527707 0.0042860489190907 0.0048135917700279 0.0052447733401264 0.0055930015677699 0.0058668244528981 0.0060743063525525 0.0062264988557739 0.0063298903254402 0.0063932114445477 0.0064236022226681 0.0064269513017 0.0064090657935993 0.0063726831491284 0.0063236225895118 0.0062665088680339 0.0062030893312031 0.0061223208290906
0.0025721062873808 0.002786973431845 0.0034656762801969 0.0040711641972146 0.0045948580480617 0.0050295232165294 0.0053876270040241 0.0056765325751589 0.0059029442265414 0.0060766280110995 0.0062029145799919 0.0062896298466235 0.0063432200275952 0.006369098438911 0.0063726831491284 0.006357332233729 0.0063266132617755 0.0062868495421653 0.0062391754424196 0.0061739251179646
0.0023859432379513 0.0026200132509451 0.0032845725306628 0.0038771492641577 0.004394100036404 0.0048287314410863 0.0051928588223353 0.0054929304392679 0.0057344606276946 0.0059260801567254 0.0060720550207552 0.0061793589508283 0.0062537579110667 0.0063001724973244 0.0063236225895118 0.0063266132617755 0.0063175388060873 0.0062914768448511 0.0062590489917548 0.006208978831679
0.0022123302130266 0.0024652716155374 0.0031162296826585 0.0036966022085377 0.0042069680714148 0.0046408516307501 0.0050094412925124 0.0053184585792132 0.0055725095079412 0.0057793277139493 0.0059422665908695 0.0060675565523987 0.0061603537911257 0.0062251270912614 0.0062665088680339 0.0062868495421653 0.0062914768448511 0.0062872244968463 0.0062654339988721 0.0062296828946839
0.0020735863131269 0.0023418200682331 0.0029784482652137 0.0035450073704166 0.0040456653054671 0.0044748317142503 0.0048437503261698 0.0051577210405261 0.0054205197956619 0.0056390210203745 0.0058157116773637 0.0059561043929918 0.006064755514198 0.0061456738354703 0.0062030893312031 0.0062391754424196 0.0062590489917548 0.0062654339988721 0.0062741248742925 0.0062383570812309
0.0019373935739067 0.0022043427747109 0.0028244570391408 0.003377783074417 0.0038701258398977 0.0042959075267131 0.0046657661814984 0.0049845680507133 0.0052555123415681 0.0054848620660574 0.0056743947263181 0.0058290320367247 0.0059527983847634 0.0060492782204733 0.0061223208290906 0.0061739251179646 0.006208978831679 0.0062296828946839 0.0062383570812309 0.0062300817540423
