0.069856947623276 0.024955432726736 0.017025945796704 0.012611060217966 0.0094667067438668 0.0073146268408972 0.005900549848098 0.0049492840028532 0.0042451191204583 0.0036951452070989
0.024955432726736 0.027644694058441 0.014686500799189 0.010267560478476 0.0077591769143612 0.0059744567738186 0.0047623290168109 0.00393910120387 0.0033248625278739 0.0028342390473383
0.017025945796704 0.014686500799189 0.018823266015626 0.01273669824841 0.0094486571708502 0.0072770890941791 0.0057618501767724 0.0047060970106159 0.0039368940590691 0.0033434905268631
0.012611060217966 0.010267560478476 0.01273669824841 0.013276124548462 0.010626473921613 0.0086133725877655 0.0070841560618608 0.0058993395016707 0.0049815443166677 0.0042569117730126
0.0094667067438668 0.0077591769143612 0.0094486571708502 0.010626473921613 0.010208186704809 0.0089871820813606 0.0077863245084934 0.0067392923832875 0.0058632829344954 0.0051353610905632
0.0073146268408972 0.0059744567738186 0.0072770890941791 0.0086133725877655 0.0089871820813606 0.0086671233452088 0.0079470754602654 0.0071600119215497 0.0064265049340069 0.0057699284035707
0.005900549848098 0.0047623290168109 0.0057618501767724 0.0070841560618608 0.0077863245084934 0.0079470754602654 0.0076788829243806 0.0071863709564601 0.0066420023027651 0.0061050759629844
0.0049492840028532 0.00393910120387 0.0047060970106159 0.0058993395016707 0.0067392923832875 0.0071600119215497 0.0071863709564601 0.0069554230949762 0.0066040433248064 0.0062044041772433
0.0042451191204583 0.0033248625278739 0.0039368940590691 0.0049815443166677 0.0058632829344954 0.0064265049340069 0.0066420023027651 0.0066040433248064 0.0064214477549779 0.0061549396038149
0.0036951452070989 0.0028342390473383 0.0033434905268631 0.0042569117730126 0.0051353610905632 0.0057699284035707 0.0061050759629844 0.0062044041772433 0.0061549396038149 0.0060053145142236
