0.0058467987974545 0.00037751478485147 0.00012663087989028 0.00021326283294798 0.00014110654081519 4.1042895123637e-05 4.7256093609416e-05 2.859780318119e-05 1.9699195549709e-05 2.8754976850639e-05 2.8268837839035e-05 3.3520996873877e-05 3.2802442588673e-05 3.2219518762955e-05 3.6475023555548e-05 3.2793999314355e-05 3.4920575376273e-05 3.5313115590898e-05 4.5625933902867e-05 4.0559910553656e-05
0.00037751478485147 0.0052269941891412 0.00078502864236477 0.00058391669894386 0.00042563342687422 0.000331927932869 0.00026414549591528 0.00027453107558092 0.0002368345213684 0.00020101988071732 0.00016735666762118 0.00015141170845882 0.00014718383802719 0.00013676577802799 0.00012801921448579 0.00012208666383915 0.00011599142495221 0.00011151107103504 9.9667596318315e-05 0.00010644062810205
0.00012663087989028 0.00078502864236477 0.0049921795564353 0.0012507311418993 0.0007246745023813 0.00050831301938139 0.00049221563081444 0.00041686209271469 0.00034742332977913 0.00030290404569085 0.00028520380472412 0.00026593385283891 0.00025196886235567 0.00023873988655983 0.00022295111606118 0.00021131120739635 0.00019902489504348 0.00019043000927421 0.00017441246061524 0.00016971925794987
0.00021326283294798 0.00058391669894386 0.0012507311418993 0.0039748174464011 0.0015302141528952 0.0010597123436778 0.0008128991696801 0.00065110789998141 0.00056713275514155 0.00049509008003857 0.00044375965288167 0.00039217066645236 0.00035645265428011 0.00032772818286694 0.00030163588723659 0.00027764609821737 0.00025600093298581 0.00023941098786721 0.00022605362511384 0.00020586116371622
0.00014110654081519 0.00042563342687422 0.0007246745023813 0.0015302141528952 0.0030255206028851 0.0016829003113063 0.0012236226933919 0.00095216916287075 0.00079061006983598 0.00066646035491668 0.00057926132722165 0.00050973633617022 0.00045706970881049 0.00041597828502999 0.00038143066566702 0.00034925526409326 0.00032142708913165 0.00029800022715897 0.00027893526765833 0.00025219036504714
4.1042895123637e-05 0.000331927932869 0.00050831301938139 0.0010597123436778 0.0016829003113063 0.0021540867391163 0.0015056710507379 0.0012163513118777 0.0010366090965153 0.00088092065876325 0.00077417830483946 0.00068955025709556 0.0006270805015228 0.00057650634041471 0.00053700092695767 0.0004945613561892 0.00046104341441458 0.00043210180005435 0.00040512482619303 0.00037808335627298
4.7256093609416e-05 0.00026414549591528 0.00049221563081444 0.0008128991696801 0.0012236226933919 0.0015056710507379 0.0016640331198695 0.0013654449161809 0.001174818817267 0.0010112851400042 0.00089688610081317 0.0008073650606665 0.00073568713275804 0.00067669785265208 0.00062711619734159 0.00058158172674388 0.00054300370607088 0.00051010594504523 0.00047608529451725 0.00044965003265537
2.859780318119e-05 0.00027453107558092 0.00041686209271469 0.00065110789998141 0.00095216916287075 0.0012163513118777 0.0013654449161809 0.0014037878002174 0.0012455903453821 0.0010975301420029 0.0009876295348911 0.00090174691229108 0.0008320863578131 0.00077254506231668 0.00072212690784282 0.00067595055370454 0.0006358081467207 0.00060059451814896 0.00056557061468891 0.00053860706329796
1.9699195549709e-05 0.0002368345213684 0.00034742332977913 0.00056713275514155 0.00079061006983598 0.0010366090965153 0.001174818817267 0.0012455903453821 0.0012287932234078 0.0011172876871718 0.0010252756132679 0.00094810625209009 0.00088425749917612 0.00082680772392077 0.00077811709957119 0.00073291764119167 0.00069273709258985 0.00065705797197184 0.00062148376106552 0.00059367267565924
2.8754976850639e-05 0.00020101988071732 0.00030290404569085 0.00049509008003857 0.00066646035491668 0.00088092065876325 0.0010112851400042 0.0010975301420029 0.0011172876871718 0.0010770423142447 0.0010117279343369 0.00095070107922551 0.00089683250888973 0.00084519971331986 0.00080119051297305 0.00075913747800774 0.0007212959844646 0.0006872569312485 0.00065294374084084 0.00062601832602474
2.8268837839035e-05 0.00016735666762118 0.00028520380472412 0.00044375965288167 0.00057926132722165 0.00077417830483946 0.00089688610081317 0.0009876295348911 0.0010252756132679 0.0010117279343369 0.00098230039303225 0.00093862742615647 0.0008960573888935 0.00085241593197179 0.00081423824106413 0.00077618661993087 0.00074157468511211 0.00070990160212948 0.00067795253721511 0.00065193392713814
3.3520996873877e-05 0.00015141170845882 0.00026593385283891 0.00039217066645236 0.00050973633617022 0.00068955025709556 0.0008073650606665 0.00090174691229108 0.00094810625209009 0.00095070107922551 0.00093862742615647 0.00091526257828216 0.00088438171159455 0.00084918681455441 0.00081762342765613 0.00078397186510308 0.00075303016048431 0.00072435930061676 0.0006948433020753 0.00067039506695602
3.2802442588673e-05 0.00014718383802719 0.00025196886235567 0.00035645265428011 0.00045706970881049 0.0006270805015228 0.00073568713275804 0.0008320863578131 0.00088425749917612 0.00089683250888973 0.0008960573888935 0.00088438171159455 0.00086594536863448 0.00083914556616777 0.000814021380189 0.00078515453358909 0.00075809922465549 0.00073260068896077 0.00070571264922632 0.00068324120560696
3.2219518762955e-05 0.00013676577802799 0.00023873988655983 0.00032772818286694 0.00041597828502999 0.00057650634041471 0.00067669785265208 0.00077254506231668 0.00082680772392077 0.00084519971331986 0.00085241593197179 0.00084918681455441 0.00083914556616777 0.0008216107464616 0.00080199615520689 0.00077787502765755 0.00075483673102956 0.00073260806570074 0.00070868681966945 0.00068823220819098
3.6475023555548e-05 0.00012801921448579 0.00022295111606118 0.00030163588723659 0.00038143066566702 0.00053700092695767 0.00062711619734159 0.00072212690784282 0.00077811709957119 0.00080119051297305 0.00081423824106413 0.00081762342765613 0.000814021380189 0.00080199615520689 0.00079317564320082 0.00076984424922297 0.00075073307836099 0.00073169753266067 0.00071076300077938 0.00069225992076046
3.2793999314355e-05 0.00012208666383915 0.00021131120739635 0.00027764609821737 0.00034925526409326 0.0004945613561892 0.00058158172674388 0.00067595055370454 0.00073291764119167 0.00075913747800774 0.00077618661993087 0.00078397186510308 0.00078515453358909 0.00077787502765755 0.00076984424922297 0.00075428145776161 0.00073861547936475 0.00072246079621701 0.00070430693456977 0.0006877125419353
3.4920575376273e-05 0.00011599142495221 0.00019902489504348 0.00025600093298581 0.00032142708913165 0.00046104341441458 0.00054300370607088 0.0006358081467207 0.00069273709258985 0.0007212959844646 0.00074157468511211 0.00075303016048431 0.00075809922465549 0.00075483673102956 0.00075073307836099 0.00073861547936475 0.00072621702551407 0.00071284121282256 0.00069735884015525 0.00068269849380129
3.5313115590898e-05 0.00011151107103504 0.00019043000927421 0.00023941098786721 0.00029800022715897 0.00043210180005435 0.00051010594504523 0.00060059451814896 0.00065705797197184 0.0006872569312485 0.00070990160212948 0.00072435930061676 0.00073260068896077 0.00073260806570074 0.00073169753266067 0.00072246079621701 0.00071284121282256 0.00070323950744664 0.00068890142146457 0.00067604722161672
4.5625933902867e-05 9.9667596318315e-05 0.00017441246061524 0.00022605362511384 0.00027893526765833 0.00040512482619303 0.00047608529451725 0.00056557061468891 0.00062148376106552 0.00065294374084084 0.00067795253721511 0.0006948433020753 0.00070571264922632 0.00070868681966945 0.00071076300077938 0.00070430693456977 0.00069735884015525 0.00068890142146457 0.00068512597594687 0.00066732465700871
4.0559910553656e-05 0.00010644062810205 0.00016971925794987 0.00020586116371622 0.00025219036504714 0.00037808335627298 0.00044965003265537 0.00053860706329796 0.00059367267565924 0.00062601832602474 0.00065193392713814 0.00067039506695602 0.00068324120560696 0.00068823220819098 0.00069225992076046 0.0006877125419353 0.00068269849380129 0.00067604722161672 0.00066732465700871 0.00066001798970003
