0.015532400808402 0.0037758152308706 0.0024303208742683 0.0019007512654749 0.0015361646928334 0.0013259645540126 0.0011569455539187 0.0010341928642056 0.00093937178480116 0.00086209536330938 0.00080227318093715 0.00075161040701824 0.00070395660911545 0.00065962674817642 0.00062431642914503 0.00059281612573096 0.00056512298576172 0.00054115425058585 0.00051776224888419 0.00049941021681511
0.0037758152308706 0.0049536920244932 0.0028391826873241 0.0021438863065807 0.0017334396190859 0.0014749964300622 0.0012752258809919 0.0011266546613631 0.0010118299844253 0.00091811993574121 0.00084314425964895 0.00077683380464587 0.00072328504853033 0.00067691243906875 0.00063520724888593 0.00059873044052887 0.00056619347739341 0.00053722346407836 0.00050998701706062 0.00048367727020703
0.0024303208742683 0.0028391826873241 0.0030347343892887 0.0023524844816108 0.0019560971653063 0.0016843917605972 0.0014838012309582 0.0013326676265577 0.0012114368988877 0.001110257209316 0.001027770010374 0.00095886190961031 0.00089704026878487 0.00084380919733389 0.00079631963183155 0.00075458261037928 0.00071706488498891 0.00068316929144586 0.000652198114838 0.00062040577015994
0.0019007512654749 0.0021438863065807 0.0023524844816108 0.0022775235980306 0.0020022867668709 0.0017790766468301 0.0015987599549447 0.001454219772079 0.001334524915674 0.0012326704862549 0.0011485731158017 0.0010744584652195 0.0010100142319786 0.00095253679130418 0.000900726330992 0.00085464977397547 0.00081292826634532 0.00077512926833703 0.00074038637967667 0.00070646887264168
0.0015361646928334 0.0017334396190859 0.0019560971653063 0.0020022867668709 0.0019395868261712 0.0017945750997474 0.001656433116508 0.001534586716848 0.0014275439699619 0.0013334401697284 0.0012518165832344 0.0011795009210009 0.001114104187557 0.001055755023399 0.001002295953931 0.00095409505265379 0.00091004936503837 0.00086978047045292 0.00083276464823823 0.00079719202406757
0.0013259645540126 0.0014749964300622 0.0016843917605972 0.0017790766468301 0.0017945750997474 0.0017418020476453 0.0016536520487796 0.0015622446212951 0.0014750098014507 0.0013946417178741 0.0013217234199483 0.0012554597194849 0.0011939942163476 0.0011378133433148 0.0010857885058732 0.001038102216291 0.00099401411331406 0.00095327857118117 0.00091561053761584 0.00087954571134991
0.0011569455539187 0.0012752258809919 0.0014838012309582 0.0015987599549447 0.001656433116508 0.0016536520487796 0.0016165162873833 0.0015580244819072 0.0014935896668688 0.001429842342524 0.0013686956363924 0.0013106589800938 0.0012552009028023 0.0012035370702521 0.001154467058183 0.0011087679953104 0.001065921404338 0.0010258558150029 0.00098851708042329 0.00095233265047689
0.0010341928642056 0.0011266546613631 0.0013326676265577 0.001454219772079 0.001534586716848 0.0015622446212951 0.0015580244819072 0.0015290083189909 0.00148648131729 0.0014392972143741 0.001390855919643 0.0013421020486679 0.001293830031821 0.0012477634904002 0.0012027910625122 0.0011601671623736 0.0011195879256297 0.0010811533955088 0.0010450126487791 0.0010095789362996
0.00093937178480116 0.0010118299844253 0.0012114368988877 0.001334524915674 0.0014275439699619 0.0014750098014507 0.0014935896668688 0.00148648131729 0.0014637334224447 0.0014320474926005 0.0013960537138039 0.0013570365076284 0.0013165184878714 0.0012765786297206 0.0012364291070248 0.0011975864085227 0.001159966096613 0.0011238365733616 0.0010894921923433 0.0010555449243544
0.00086209536330938 0.00091811993574121 0.001110257209316 0.0012326704862549 0.0013334401697284 0.0013946417178741 0.001429842342524 0.0014392972143741 0.0014320474926005 0.0014156039885019 0.0013903265329106 0.0013609867777003 0.0013283445655462 0.0012947887000582 0.0012598880385507 0.0012252818687747 0.001191093497326 0.0011577415709735 0.0011256428124829 0.0010935633027481
0.00080227318093715 0.00084314425964895 0.001027770010374 0.0011485731158017 0.0012518165832344 0.0013217234199483 0.0013686956363924 0.001390855919643 0.0013960537138039 0.0013903265329106 0.0013771716534344 0.0013557179263313 0.0013304497087724 0.0013030373102569 0.0012733221734552 0.0012429973311797 0.0012123601825761 0.0011819559802084 0.001152298825339 0.0011222833052552
0.00075161040701824 0.00077683380464587 0.00095886190961031 0.0010744584652195 0.0011795009210009 0.0012554597194849 0.0013106589800938 0.0013421020486679 0.0013570365076284 0.0013609867777003 0.0013557179263313 0.0013454824762737 0.0013249663885648 0.001303515668205 0.0012789493614536 0.0012529709260659 0.0012260105457541 0.0011987184943082 0.0011716810206332 0.0011439102379655
0.00070395660911545 0.00072328504853033 0.00089704026878487 0.0010100142319786 0.001114104187557 0.0011939942163476 0.0012552009028023 0.001293830031821 0.0013165184878714 0.0013283445655462 0.0013304497087724 0.0013249663885648 0.0013140639088102 0.0012967836474769 0.0012770209973747 0.0012551961414877 0.0012318342718583 0.0012076556446288 0.0011832964199014 0.0011578742301577
0.00065962674817642 0.00067691243906875 0.00084380919733389 0.00095253679130418 0.001055755023399 0.0011378133433148 0.0012035370702521 0.0012477634904002 0.0012765786297206 0.0012947887000582 0.0013030373102569 0.001303515668205 0.0012967836474769 0.0012859819973852 0.0012704574463889 0.0012525728159881 0.0012326808887217 0.0012115495970864 0.0011898467512714 0.0011667920484673
0.00062431642914503 0.00063520724888593 0.00079631963183155 0.000900726330992 0.001002295953931 0.0010857885058732 0.001154467058183 0.0012027910625122 0.0012364291070248 0.0012598880385507 0.0012733221734552 0.0012789493614536 0.0012770209973747 0.0012704574463889 0.0012592838863576 0.0012450917513842 0.0012285075729088 0.0012103246050908 0.0011912309690282 0.0011705556176045
0.00059281612573096 0.00059873044052887 0.00075458261037928 0.00085464977397547 0.00095409505265379 0.001038102216291 0.0011087679953104 0.0011601671623736 0.0011975864085227 0.0012252818687747 0.0012429973311797 0.0012529709260659 0.0012551961414877 0.0012525728159881 0.0012450917513842 0.0012342746401341 0.0012207630473899 0.0012053593197957 0.0011887598479206 0.0011704041802793
0.00056512298576172 0.00056619347739341 0.00071706488498891 0.00081292826634532 0.00091004936503837 0.00099401411331406 0.001065921404338 0.0011195879256297 0.001159966096613 0.001191093497326 0.0012123601825761 0.0012260105457541 0.0012318342718583 0.0012326808887217 0.0012285075729088 0.0012207630473899 0.0012100931664331 0.0011972954090207 0.0011830650562214 0.0011669490191021
0.00054115425058585 0.00053722346407836 0.00068316929144586 0.00077512926833703 0.00086978047045292 0.00095327857118117 0.0010258558150029 0.0010811533955088 0.0011238365733616 0.0011577415709735 0.0011819559802084 0.0011987184943082 0.0012076556446288 0.0012115495970864 0.0012103246050908 0.0012053593197957 0.0011972954090207 0.0011869406141796 0.0011749130488106 0.0011609302418297
0.00051776224888419 0.00050998701706062 0.000652198114838 0.00074038637967667 0.00083276464823823 0.00091561053761584 0.00098851708042329 0.0010450126487791 0.0010894921923433 0.0011256428124829 0.001152298825339 0.0011716810206332 0.0011832964199014 0.0011898467512714 0.0011912309690282 0.0011887598479206 0.0011830650562214 0.0011749130488106 0.0011650476680456 0.0011530059695399
0.00049941021681511 0.00048367727020703 0.00062040577015994 0.00070646887264168 0.00079719202406757 0.00087954571134991 0.00095233265047689 0.0010095789362996 0.0010555449243544 0.0010935633027481 0.0011222833052552 0.0011439102379655 0.0011578742301577 0.0011667920484673 0.0011705556176045 0.0011704041802793 0.0011669490191021 0.0011609302418297 0.0011530059695399 0.0011460297733974
