-0.00046516328434758 -0.001253369366986 0.00081063936642504 -0.00063515986772028 0.00056683061881243 -0.00049877593563055 0.00043730360900691 -0.0003952603501025 0.00035966297509093 -0.00033058971736032
-0.001253369366986 -0.0093083184457412 0.00193074382104 -0.0012538210988475 0.0012700019779174 -0.0010744278304808 0.00090458096207668 -0.00078941342377111 0.00069582755574369 -0.00062408888518094
0.00081063936642504 0.00193074382104 -0.0081676531753585 0.003274934722274 -0.0022063578732113 0.0017297671050202 -0.0013483816802013 0.0011426067385423 -0.00098593172999287 0.00086234880949277
-0.00063515986772028 -0.0012538210988475 0.003274934722274 -0.005961586540664 0.0034826323716177 -0.0026061406985805 0.0020975133997105 -0.0017274482047793 0.0014793459343064 -0.0012841875698067
0.00056683061881243 0.0012700019779174 -0.0022063578732113 0.0034826323716177 -0.0042036807665852 0.0032734453961915 -0.0027310512616684 0.0023248258080355 -0.0020132320850473 0.0017759891698513
-0.00049877593563055 -0.0010744278304808 0.0017297671050202 -0.0026061406985805 0.0032734453961915 -0.0033282039951553 0.0029271017425442 -0.0025650910720587 0.0022689775084306 -0.0020282501749775
0.00043730360900691 0.00090458096207668 -0.0013483816802013 0.0020975133997105 -0.0027310512616684 0.0029271017425442 -0.0028485541726684 0.0026069799460015 -0.0023708926436735 0.0021656529322534
-0.0003952603501025 -0.00078941342377111 0.0011426067385423 -0.0017274482047793 0.0023248258080355 -0.0025650910720587 0.0026069799460015 -0.0025091488406464 0.0023501911826374 -0.002192044557827
0.00035966297509093 0.00069582755574369 -0.00098593172999287 0.0014793459343064 -0.0020132320850473 0.0022689775084306 -0.0023708926436735 0.0023501911826374 -0.0022647142973926 0.0021551699168905
-0.00033058971736032 -0.00062408888518094 0.00086234880949277 -0.0012841875698067 0.0017759891698513 -0.0020282501749775 0.0021656529322534 -0.002192044557827 0.0021551699168905 -0.0020877475940438
