0.031343069890557 0.011720428549823 0.0089625056945033 0.0073280522249076 0.0062908478303794 0.0055732773300072 0.0050411253825348 0.0046184265855564 0.0042566125622515 0.003980396606376
0.011720428549823 0.0068566814144911 0.0055235037509824 0.0046355747604013 0.0040212862072051 0.0035594920648372 0.0031970843536191 0.0029008801967782 0.0026341878336601 0.0024463188732112
0.0089625056945033 0.0055235037509824 0.0049287063032608 0.0043502730722776 0.0038867300287107 0.0035063930690043 0.003189128878305 0.0029203199169436 0.0026754710232889 0.0024905196350236
0.0073280522249076 0.0046355747604013 0.0043502730722776 0.0040507586459367 0.003747197541397 0.0034646091845901 0.0032105566825825 0.0029838779893138 0.0027731235244297 0.002601767573157
0.0062908478303794 0.0040212862072051 0.0038867300287107 0.003747197541397 0.0035672248431122 0.0033720698362478 0.0031806569624397 0.0029989415213781 0.0028247046349633 0.0026727972240746
0.0055732773300072 0.0035594920648372 0.0035063930690043 0.0034646091845901 0.0033720698362478 0.0032498441142106 0.0031156139988228 0.0029778448017992 0.0028399008617436 0.0027108719213905
0.0050411253825348 0.0031970843536191 0.003189128878305 0.0032105566825825 0.0031806569624397 0.0031156139988228 0.0030307197176242 0.0029335640210863 0.0028301693780744 0.0027258526124811
0.0046184265855564 0.0029008801967782 0.0029203199169436 0.0029838779893138 0.0029989415213781 0.0029778448017992 0.0029335640210863 0.0028721561621388 0.002800260843902 0.0027205836073247
0.0042566125622515 0.0026341878336601 0.0026754710232889 0.0027731235244297 0.0028247046349633 0.0028399008617436 0.0028301693780744 0.002800260843902 0.0027622791082795 0.0027007757400795
0.003980396606376 0.0024463188732112 0.0024905196350236 0.002601767573157 0.0026727972240746 0.0027108719213905 0.0027258526124811 0.0027205836073247 0.0027007757400795 0.0026655347858767
