0.0077470620839549 -0.0029902135184145 0.0025332420080017 -0.0022610992281605 0.0018179813667421 -0.0016011888456393 0.0014568942185951 -0.0013280461891828 0.001270824825625 -0.0012130195018283
-0.0029902135184145 0.0088096120420383 -0.0030897105048278 0.0027623724208595 -0.0019858504177669 0.0016939557552261 -0.001418430083895 0.0012777001908946 -0.0011998440692823 0.0011360922300459
0.0025332420080017 -0.0030897105048278 0.0087537680753371 -0.0037853559307121 0.0028080703764799 -0.0023548242292694 0.0020539179367428 -0.001951200292012 0.0017555221377802 -0.0016267253383096
-0.0022610992281605 0.0027623724208595 -0.0037853559307121 0.0075789184628573 -0.0042689647506299 0.0034144896947224 -0.0029385841220433 0.0025909223691524 -0.0022836420933194 0.0020413890205438
0.0018179813667421 -0.0019858504177669 0.0028080703764799 -0.0042689647506299 0.0058517629699753 -0.0041931134881676 0.0034096628102374 -0.0029346141373838 0.0025462118084803 -0.0022810921517731
-0.0016011888456393 0.0016939557552261 -0.0023548242292694 0.0034144896947224 -0.0041931134881676 0.004745985564736 -0.0039296697958586 0.0034218403896025 -0.0029802886698537 0.0026538197528782
0.0014568942185951 -0.001418430083895 0.0020539179367428 -0.0029385841220433 0.0034096628102374 -0.0039296697958586 0.0040351659488921 -0.003654532688176 0.0032484788728407 -0.0029188490204034
-0.0013280461891828 0.0012777001908946 -0.001951200292012 0.0025909223691524 -0.0029346141373838 0.0034218403896025 -0.003654532688176 0.0036097162741222 -0.0033192050444251 0.0030418425071627
0.001270824825625 -0.0011998440692823 0.0017555221377802 -0.0022836420933194 0.0025462118084803 -0.0029802886698537 0.0032484788728407 -0.0033192050444251 0.0032014392098333 -0.0030235804414526
-0.0012130195018283 0.0011360922300459 -0.0016267253383096 0.0020413890205438 -0.0022810921517731 0.0026538197528782 -0.0029188490204034 0.0030418425071627 -0.0030235804414526 0.0029414199980801
