0.032809941468019 0.022295919512499 0.022560541439626 0.023448815069754 0.024398784420326 0.025287485609916 0.02608190985276 0.026772323096466 0.027360846739839 0.027851263396822 0.028249273269954 0.028561273716336 0.028793166458501 0.028951017012541 0.029040582767383 0.029067110813078 0.029035992090742 0.028952047669085 0.028819703420266 0.028643967472141
0.022295919512499 0.015155002651319 0.015338319098971 0.015945794313594 0.016595557974968 0.017203990757355 0.01774862780962 0.018222813806745 0.018627944533865 0.018966567791747 0.019242508695945 0.019460090680101 0.019623295026666 0.01973621432583 0.019802746691712 0.019826420719769 0.019810873089182 0.019759371423506 0.019674910966294 0.019560864972066
0.022560541439626 0.015338319098971 0.015527043395994 0.016145337039659 0.016806798692272 0.017426757046101 0.017982447390083 0.018467096285976 0.018882070444352 0.019229927132726 0.01951449519032 0.019740120303808 0.019910808245705 0.020030665266436 0.020103615316446 0.020133202013843 0.020123080090956 0.020076537434183 0.01999658790917 0.019886624584353
0.023448815069754 0.015945794313594 0.016145337039659 0.016791799937166 0.017483552825407 0.018132529452243 0.018715032361809 0.019223980583982 0.019660745341904 0.02002796364344 0.020329570066552 0.020570050582761 0.020753544597935 0.020884279075878 0.02096630861228 0.021003289069337 0.020998991407677 0.020956809500676 0.02087985603163 0.020771635362967
0.024398784420326 0.016595557974968 0.016806798692272 0.017483552825407 0.01820792597254 0.018888170406204 0.019499633896563 0.02003488945408 0.020495309083661 0.020883613569147 0.02120384818617 0.021460645482463 0.021658286768567 0.021801125063978 0.021893351460028 0.021938741276489 0.021941188033468 0.021904196415636 0.021830981884801 0.021725166375472
0.025287485609916 0.017203990757355 0.017426757046101 0.018132529452243 0.018888170406204 0.019598575838361 0.020238099043151 0.020799018463743 0.021282691592457 0.021691911132012 0.022030815618249 0.022304167079284 0.022516373637291 0.022671896729679 0.022775048946435 0.022829712422562 0.022839889164023 0.0228091813272 0.022740895108134 0.022638757489118
0.02608190985276 0.01774862780962 0.017982447390083 0.018715032361809 0.019499633896563 0.020238099043151 0.020903942776092 0.021489134746005 0.021995011060638 0.022424419736284 0.022781569911314 0.023071329067105 0.023298211742911 0.023466766054358 0.02358140588538 0.023646102645295 0.023664948060518 0.023641624537856 0.023579513580724 0.023482429573998
0.026772323096466 0.018222813806745 0.018467096285976 0.019223980583982 0.02003488945408 0.020799018463743 0.021489134746005 0.022096942891127 0.022623728411111 0.023072386922476 0.023447173149202 0.02375303588982 0.023994572765005 0.024176396306383 0.024302999266067 0.024378423091943 0.024406828760462 0.024391960319733 0.024337258069596 0.024246602259885
0.027360846739839 0.018627944533865 0.018882070444352 0.019660745341904 0.020495309083661 0.021282691592457 0.021995011060638 0.022623728411111 0.02317008851738 0.023636998099012 0.024028744489807 0.024350332230438 0.024606417462661 0.024801661211128 0.024940613118589 0.025027364443404 0.025066125317299 0.02506068536146 0.025014527871506 0.024931575985937
0.027851263396822 0.018966567791747 0.019229927132726 0.02002796364344 0.020883613569147 0.021691911132012 0.022424419736284 0.023072386922476 0.023636998099012 0.024121181411478 0.02452921080939 0.024866138441359 0.025136653397276 0.025345446217438 0.025497103251924 0.025595746123774 0.025645614258955 0.025650526631641 0.02561399203073 0.025539963144883
0.028249273269954 0.019242508695945 0.01951449519032 0.020329570066552 0.02120384818617 0.022030815618249 0.022781569911314 0.023447173149202 0.024028744489807 0.02452921080939 0.024952850347048 0.025304701669221 0.025589487429608 0.025811903926676 0.025976553355498 0.026087573864211 0.026149214746471 0.026165306109182 0.02613936810132 0.026075362507732
0.028561273716336 0.019460090680101 0.019740120303808 0.020570050582761 0.021460645482463 0.022304167079284 0.023071329067105 0.02375303588982 0.024350332230438 0.024866138441359 0.025304701669221 0.025671089854927 0.025969951184588 0.026206032843442 0.026383917276043 0.026507741192395 0.026581747402305 0.02660976183033 0.026595305029517 0.026542331341068
0.028793166458501 0.019623295026666 0.019910808245705 0.020753544597935 0.021658286768567 0.022516373637291 0.023298211742911 0.023994572765005 0.024606417462661 0.025136653397276 0.025589487429608 0.025969951184588 0.026282723149848 0.026532470679262 0.02672377261565 0.026860757119942 0.026947646988109 0.026988244497457 0.026986053481843 0.026945015079588
0.028951017012541 0.01973621432583 0.020030665266436 0.020884279075878 0.021801125063978 0.022671896729679 0.023466766054358 0.024176396306383 0.024801661211128 0.025345446217438 0.025811903926676 0.026206032843442 0.026532470679262 0.02679585830643 0.027000719238878 0.027151168535307 0.027251393675017 0.02730516060807 0.027315944720688 0.027287662026549
0.029040582767383 0.019802746691712 0.020103615316446 0.02096630861228 0.021893351460028 0.022775048946435 0.02358140588538 0.024302999266067 0.024940613118589 0.025497103251924 0.025976553355498 0.026383917276043 0.02672377261565 0.027000719238878 0.027219246657197 0.027383398488956 0.02749732916033 0.027564764999358 0.027589151890258 0.027574349123118
0.029067110813078 0.019826420719769 0.020133202013843 0.021003289069337 0.021938741276489 0.022829712422562 0.023646102645295 0.024378423091943 0.025027364443404 0.025595746123774 0.026087573864211 0.026507741192395 0.026860757119942 0.027151168535307 0.027383398488956 0.027561454222114 0.027689411891442 0.02777095669714 0.027809487890671 0.027808804980255
0.029035992090742 0.019810873089182 0.020123080090956 0.020998991407677 0.021941188033468 0.022839889164023 0.023664948060518 0.024406828760462 0.025066125317299 0.025645614258955 0.026149214746471 0.026581747402305 0.026947646988109 0.027251393675017 0.02749732916033 0.027689411891442 0.027831655862697 0.027927668642417 0.027980796650896 0.027994775433905
0.028952047669085 0.019759371423506 0.020076537434183 0.020956809500676 0.021904196415636 0.0228091813272 0.023641624537856 0.024391960319733 0.02506068536146 0.025650526631641 0.026165306109182 0.02660976183033 0.026988244497457 0.02730516060807 0.027564764999358 0.02777095669714 0.027927668642417 0.028038445651678 0.028106556876772 0.028135665756252
0.028819703420266 0.019674910966294 0.01999658790917 0.02087985603163 0.021830981884801 0.022740895108134 0.023579513580724 0.024337258069596 0.025014527871506 0.02561399203073 0.02613936810132 0.026595305029517 0.026986053481843 0.027315944720688 0.027589151890258 0.027809487890671 0.027980796650896 0.028106556876772 0.028189979221134 0.02823461114443
0.028643967472141 0.019560864972066 0.019886624584353 0.020771635362967 0.021725166375472 0.022638757489118 0.023482429573998 0.024246602259885 0.024931575985937 0.025539963144883 0.026075362507732 0.026542331341068 0.026945015079588 0.027287662026549 0.027574349123118 0.027808804980255 0.027994775433905 0.028135665756252 0.02823461114443 0.028295082854323
