0.026817889476515 0.0047298343797705 0.0019809938214071 0.0013409073393479 0.0010553803422065 0.00092750211164999 0.00079180118707442 0.0006666130537239 0.00056024321096433 0.00046174721149409
0.0047298343797705 0.015029398275554 0.0072529803448414 0.0047128727736325 0.003464264712807 0.0027385669997307 0.0022286763408687 0.0018721593555265 0.001607422943177 0.0014038777666365
0.0019809938214071 0.0072529803448414 0.011207609868691 0.0080564827132644 0.0062357228437147 0.0050050741960226 0.0040900984885279 0.0034146423029008 0.0028951957766163 0.0024818100499462
0.0013409073393479 0.0047128727736325 0.0080564827132644 0.0089269622706972 0.0077452234915552 0.0066186065322643 0.0056722435074055 0.004892026032022 0.004253711072691 0.0037253215198029
0.0010553803422065 0.003464264712807 0.0062357228437147 0.0077452234915552 0.0079151317949203 0.0072699913472816 0.0065346763076825 0.0058395378093676 0.0052168047579431 0.0046692487945381
0.00092750211164999 0.0027385669997307 0.0050050741960226 0.0066186065322643 0.0072699913472816 0.0071754224623769 0.0067662223920256 0.0062644109283043 0.0057565462847789 0.0052743001093431
0.00079180118707442 0.0022286763408687 0.0040900984885279 0.0056722435074055 0.0065346763076825 0.0067662223920256 0.0066617320842679 0.006371099730971 0.0060050771844966 0.005617763065234
0.0006666130537239 0.0018721593555265 0.0034146423029008 0.004892026032022 0.0058395378093676 0.0062644109283043 0.006371099730971 0.0062682467773999 0.0060453913571506 0.005764253726444
0.00056024321096433 0.001607422943177 0.0028951957766163 0.004253711072691 0.0052168047579431 0.0057565462847789 0.0060050771844966 0.0060453913571506 0.005949619102665 0.0057699916191984
0.00046174721149409 0.0014038777666365 0.0024818100499462 0.0037253215198029 0.0046692487945381 0.0052743001093431 0.005617763065234 0.005764253726444 0.0057699916191984 0.0056824525112937
