0.0016812482817651 0.0013906179168911 0.0010831050086106 0.00096342565918825 0.00080580332098667 0.00073261813304439 0.00067742621487665 0.00064305374962941 0.00062361639723371 0.00060739385274132
0.0013906179168911 0.00085382504772138 0.00077323767473625 0.00062659042582675 0.00055560305329663 0.00053019453768242 0.00050160428651907 0.00048587811456447 0.00047240310131046 0.00046041573154586
0.0010831050086106 0.00077323767473625 0.0006429432092453 0.00056673657806902 0.00052581700411402 0.00048905926892101 0.0004579977467403 0.00043514302634114 0.00042060277417528 0.00040869149056402
0.00096342565918825 0.00062659042582675 0.00056673657806902 0.00047250454057808 0.00044511442272947 0.00041462402560882 0.00038644193443798 0.00037245618600041 0.00036315678351214 0.0003547343710983
0.00080580332098667 0.00055560305329663 0.00052581700411402 0.00044511442272947 0.00040841122883779 0.00038583655029558 0.00036138376487269 0.00034655165516617 0.00033794764330749 0.00032972377737066
0.00073261813304439 0.00053019453768242 0.00048905926892101 0.00041462402560882 0.00038583655029558 0.0003740414193612 0.00035235091560958 0.0003378663038623 0.00032856412462993 0.00032048795766647
0.00067742621487665 0.00050160428651907 0.0004579977467403 0.00038644193443798 0.00036138376487269 0.00035235091560958 0.00032969852051069 0.0003156912334952 0.00030676875332434 0.00029938228361489
0.00064305374962941 0.00048587811456447 0.00043514302634114 0.00037245618600041 0.00034655165516617 0.0003378663038623 0.0003156912334952 0.00030343184792504 0.00029644919586579 0.00029027537588959
0.00062361639723371 0.00047240310131046 0.00042060277417528 0.00036315678351214 0.00033794764330749 0.00032856412462993 0.00030676875332434 0.00029644919586579 0.00029138759444929 0.00028636436443558
0.00060739385274132 0.00046041573154586 0.00040869149056402 0.0003547343710983 0.00032972377737066 0.00032048795766647 0.00029938228361489 0.00029027537588959 0.00028636436443558 0.00028194653648311
