9.6489598075975e-06 5.2298480496248e-05 5.1552390875991e-05 5.5409552170832e-05 5.0362340213671e-05 4.17868474247e-05 3.7752778066116e-05 3.4006781615405e-05 3.1597340643701e-05 3.024542933212e-05
5.2298480496248e-05 0.0002501250721536 0.00023794429675962 0.00025248589316942 0.00022752249943133 0.00019410021436971 0.00016963842162073 0.00015221188882746 0.00014546273839399 0.00013789471856974
5.1552390875991e-05 0.00023794429675962 0.0002618335070646 0.00025560166324319 0.00022800871496565 0.00019643544128529 0.00017776093719115 0.00015665825625558 0.00014888486364633 0.00014354930653409
5.5409552170832e-05 0.00025248589316942 0.00025560166324319 0.00029107540384549 0.00023907627291019 0.00021839235155597 0.00019163659971471 0.00017727551572871 0.00016617324488077 0.00015634954491224
5.0362340213671e-05 0.00022752249943133 0.00022800871496565 0.00023907627291019 0.00021568579820279 0.00019314480106267 0.00016802653879536 0.00015000691910424 0.00014069859848227 0.00013702940526867
4.17868474247e-05 0.00019410021436971 0.00019643544128529 0.00021839235155597 0.00019314480106267 0.00016352894949325 0.00014440194541842 0.00013062351068455 0.00012357706608639 0.00011925659960833
3.7752778066116e-05 0.00016963842162073 0.00017776093719115 0.00019163659971471 0.00016802653879536 0.00014440194541842 0.00013005630051844 0.00012034541752796 0.00011471387755918 0.00011092097512949
3.4006781615405e-05 0.00015221188882746 0.00015665825625558 0.00017727551572871 0.00015000691910424 0.00013062351068455 0.00012034541752796 0.00011306623748358 0.0001077377408154 0.00010398762431907
3.1597340643701e-05 0.00014546273839399 0.00014888486364633 0.00016617324488077 0.00014069859848227 0.00012357706608639 0.00011471387755918 0.0001077377408154 0.00010260165197423 9.9975042595071e-05
3.024542933212e-05 0.00013789471856974 0.00014354930653409 0.00015634954491224 0.00013702940526867 0.00011925659960833 0.00011092097512949 0.00010398762431907 9.9975042595071e-05 9.7997252065747e-05
