0.043168176190374 0.023080904543569 0.018859043312308 0.016103603680985 0.013992537586246 0.012288508624624 0.010875733391619 0.009683024783379 0.008661776257711 0.0077775617083082 0.0069970308985939 0.0063246076480153 0.0057217590878033 0.0051851419919168 0.0047058540437728 0.0042771690577252 0.0038950082897891 0.003544389675528 0.0032329441520181 0.0029499978096752
0.023080904543569 0.016239645303299 0.015487323006367 0.014694797995414 0.013785454657872 0.012835540247221 0.011902611238048 0.011017576040084 0.010194359781214 0.0094370687864141 0.0087445040975969 0.0081138754274085 0.007539321350641 0.0070168641829483 0.0065414601339822 0.0061090115425989 0.0057179839917676 0.0053563476285939 0.0050264216973868 0.0047208947944911
0.018859043312308 0.015487323006367 0.016132439493142 0.016270690893275 0.01596422448881 0.015382513506003 0.01465543578663 0.01386686788745 0.013067944271335 0.012288196968637 0.01154642663242 0.010842835708137 0.010187935935277 0.0095797844047355 0.0090166726669105 0.0084967435930844 0.0080195987783066 0.0075744360351584 0.0071642551833742 0.0067812882007849
0.016103603680985 0.014694797995414 0.016270690893275 0.017139932777139 0.017379490385832 0.017183780642607 0.016715536936206 0.016089895901652 0.015383728412025 0.014646350524356 0.013912595591731 0.013189232244886 0.012498781953163 0.01184332300776 0.011225220190275 0.010645477748043 0.010105339081901 0.009596143946765 0.0091221918995224 0.0086762640159086
0.013992537586246 0.013785454657872 0.01596422448881 0.017379490385832 0.01808087322253 0.018252424247343 0.018063186096093 0.017641745467493 0.017079499392154 0.01643882786898 0.015765905378875 0.015074397976983 0.014395292149164 0.013735199489687 0.013100527673701 0.012495271668718 0.011922633916244 0.011376590373529 0.010862613434646 0.010374973887347
0.012288508624624 0.012835540247221 0.015382513506003 0.017183780642607 0.018252424247343 0.018747112004091 0.018827749208989 0.018623878942274 0.018232381928341 0.017722550169132 0.017147433291232 0.016526349294395 0.015895824527209 0.015266586289454 0.014648573341645 0.014048530807922 0.013471647176178 0.012914615449838 0.012383869954142 0.011875641810167
0.010875733391619 0.011902611238048 0.01465543578663 0.016715536936206 0.018063186096093 0.018827749208989 0.019152573330334 0.019160557917531 0.018947709103676 0.018585384824398 0.018129770020902 0.017604147837535 0.017048148865945 0.016475798117202 0.01589983876272 0.015329322519603 0.014771241768927 0.014224805598421 0.013697262406284 0.013186884402526
0.009683024783379 0.011017576040084 0.01386686788745 0.016089895901652 0.017641745467493 0.018623878942274 0.019160557917531 0.019364064004424 0.019325522383518 0.019114925872183 0.01878874578782 0.018372605197201 0.01790730555341 0.017409254617704 0.016893224229893 0.016370057934089 0.015848255739531 0.015329209595581 0.014820852100938 0.014323373147412
0.008661776257711 0.010194359781214 0.013067944271335 0.015383728412025 0.017079499392154 0.018232381928341 0.018947709103676 0.019325522383518 0.019449847227771 0.019387076733949 0.019191970961575 0.018891133393296 0.018525074597604 0.018111721726065 0.017667162751796 0.017203514508118 0.016730451559468 0.016251166518694 0.015774147121933 0.015301285478872
0.0077775617083082 0.0094370687864141 0.012288196968637 0.014646350524356 0.01643882786898 0.017722550169132 0.018585384824398 0.019114925872183 0.019387076733949 0.019463353259158 0.01939548211846 0.019210019609659 0.018946126129234 0.018622517723431 0.018255979167949 0.017859433400854 0.017443397062809 0.017012490038311 0.01657561853888 0.016136124149619
0.0069970308985939 0.0087445040975969 0.01154642663242 0.013912595591731 0.015765905378875 0.017147433291232 0.018129770020902 0.01878874578782 0.019191970961575 0.01939548211846 0.019451351057473 0.019372992908815 0.019209880214375 0.018976809212462 0.018690761860781 0.018365065915254 0.018010779804389 0.017633603409289 0.017242721696657 0.01684267673484
0.0063246076480153 0.0081138754274085 0.010842835708137 0.013189232244886 0.015074397976983 0.016526349294395 0.017604147837535 0.018372605197201 0.018891133393296 0.019210019609659 0.019372992908815 0.019404611539343 0.019339278327175 0.019195801266375 0.018990914587553 0.01873801424268 0.018448430357146 0.018128639718117 0.017787980956454 0.017431959202395
0.0057217590878033 0.007539321350641 0.010187935935277 0.012498781953163 0.014395292149164 0.015895824527209 0.017048148865945 0.01790730555341 0.018525074597604 0.018946126129234 0.019209880214375 0.019339278327175 0.019366073240101 0.019308347221441 0.019182382544846 0.019001385872776 0.018776740283234 0.018515439647212 0.018226853072612 0.017917236071179
0.0051851419919168 0.0070168641829483 0.0095797844047355 0.01184332300776 0.013735199489687 0.015266586289454 0.016475798117202 0.017409254617704 0.018111721726065 0.018622517723431 0.018976809212462 0.019195801266375 0.019308347221441 0.019331723644548 0.019281478915223 0.019170440795441 0.019009863814697 0.018807044063506 0.018571274149004 0.018309365885005
0.0047058540437728 0.0065414601339822 0.0090166726669105 0.011225220190275 0.013100527673701 0.014648573341645 0.01589983876272 0.016893224229893 0.017667162751796 0.018255979167949 0.018690761860781 0.018990914587553 0.019182382544846 0.019281478915223 0.019302899372718 0.019258907863536 0.019160511520131 0.019015119942775 0.01883186224011 0.018617945273452
0.0042771690577252 0.0061090115425989 0.0084967435930844 0.010645477748043 0.012495271668718 0.014048530807922 0.015329322519603 0.016370057934089 0.017203514508118 0.017859433400854 0.018365065915254 0.01873801424268 0.019001385872776 0.019170440795441 0.019258907863536 0.019278454009616 0.019239606948004 0.019149839378549 0.01901801971399 0.01885160254346
0.0038950082897891 0.0057179839917676 0.0080195987783066 0.010105339081901 0.011922633916244 0.013471647176178 0.014771241768927 0.015848255739531 0.016730451559468 0.017443397062809 0.018010779804389 0.018448430357146 0.018776740283234 0.019009863814697 0.019160511520131 0.019239606948004 0.019258558905806 0.019220834397765 0.019138820903833 0.019018839877119
0.003544389675528 0.0053563476285939 0.0075744360351584 0.009596143946765 0.011376590373529 0.012914615449838 0.014224805598421 0.015329209595581 0.016251166518694 0.017012490038311 0.017633603409289 0.018128639718117 0.018515439647212 0.018807044063506 0.019015119942775 0.019149839378549 0.019220834397765 0.01923722011687 0.019201018574824 0.019126084052139
0.0032329441520181 0.0050264216973868 0.0071642551833742 0.0091221918995224 0.010862613434646 0.012383869954142 0.013697262406284 0.014820852100938 0.015774147121933 0.01657561853888 0.017242721696657 0.017787980956454 0.018226853072612 0.018571274149004 0.01883186224011 0.01901801971399 0.019138820903833 0.019201018574824 0.019212519635607 0.019180811144583
0.0029499978096752 0.0047208947944911 0.0067812882007849 0.0086762640159086 0.010374973887347 0.011875641810167 0.013186884402526 0.014323373147412 0.015301285478872 0.016136124149619 0.01684267673484 0.017431959202395 0.017917236071179 0.018309365885005 0.018617945273452 0.01885160254346 0.019018839877119 0.019126084052139 0.019180811144583 0.019193451664078
