0.022401788867936 0.014330322322227 0.013924774249869 0.013964961054911 0.014040544955839 0.014065015336162 0.01402093961098 0.013908143882091 0.01373547097808 0.013513092407504 0.013250739644445 0.012958074007811 0.012643510595364 0.01231396572736 0.011975504419628 0.011632589171911 0.011289658458862 0.010949345044001 0.010615051173613 0.010287801973852
0.014330322322227 0.0092858573521367 0.0091225228160067 0.0092429263215327 0.009382595271097 0.0094837524682019 0.0095334342102979 0.0095303996731876 0.0094798125336689 0.009388047801186 0.0092616939838428 0.0091074161801888 0.0089313047901413 0.0087385627311019 0.0085339365142274 0.0083210980992294 0.0081036170453665 0.0078838941753289 0.0076646857572619 0.0074473123769503
0.013924774249869 0.0091225228160067 0.0090475809812509 0.00924916239665 0.0094681564009642 0.0096459723734522 0.0097681015349011 0.0098320528692432 0.0098421144568876 0.0098041257818092 0.0097245872183069 0.0096102889539964 0.0094676070268374 0.0093021906619729 0.0091193006201433 0.008923217231935 0.0087180081718479 0.0085066539272822 0.0082924064869572 0.0080771078424251
0.013964961054911 0.0092429263215327 0.00924916239665 0.0095350494762988 0.0098384435773083 0.010097993243979 0.010297049397659 0.010431635364611 0.010505112659012 0.010522803897895 0.01049114197465 0.010417107641859 0.010307424311374 0.010168248928555 0.010005412469976 0.0098238692331028 0.0096282508837827 0.0094221791532369 0.0092094820048826 0.0089925505401576
0.014040544955839 0.009382595271097 0.0094681564009642 0.0098384435773083 0.010227543600942 0.010571093877812 0.010850121437215 0.011058996004783 0.011199985824781 0.011277753038225 0.011298513470214 0.011269320897031 0.011197146139108 0.011088569957372 0.010949928722078 0.010786805305909 0.010604361671874 0.010406846368518 0.01019864887864 0.0099827109088482
0.014065015336162 0.0094837524682019 0.0096459723734522 0.010097993243979 0.010571093877812 0.010998109758366 0.011357722861592 0.011642559020064 0.01185364219121 0.011994822089319 0.01207192640376 0.012091926531794 0.012061901133534 0.011988730236785 0.011879148111514 0.011739279245226 0.011574742801954 0.011390363698065 0.011191041867443 0.010980246162151
0.01402093961098 0.0095334342102979 0.0097681015349011 0.010297049397659 0.010850121437215 0.011357722861592 0.011796282722537 0.012156654693895 0.012438517081179 0.012644782336718 0.012780735616721 0.012853112526444 0.012868955479806 0.012835306836539 0.012759174779277 0.012647118992902 0.012505123629509 0.012338518574084 0.012152641260314 0.011951447081255
0.013908143882091 0.0095303996731876 0.0098320528692432 0.010431635364611 0.011058996004783 0.011642559020064 0.012156654693895 0.012590403885708 0.012942080318072 0.013213569017193 0.013409485063221 0.013536189891433 0.013600553562654 0.013609644490005 0.013570614274112 0.013490343849491 0.013375080626282 0.013230577186024 0.013062524743715 0.012875310267892
0.01373547097808 0.0094798125336689 0.0098421144568876 0.010505112659012 0.011199985824781 0.01185364219121 0.012438517081179 0.012942080318072 0.013361205906064 0.013696669925285 0.013952345767841 0.014134095906679 0.014248496086441 0.014302515182475 0.014303332046114 0.014258033283101 0.01417302698598 0.014054392709329 0.013908084226313 0.013738861953083
0.013513092407504 0.009388047801186 0.0098041257818092 0.010522803897895 0.011277753038225 0.011994822089319 0.012644782336718 0.013213569017193 0.013696669925285 0.014093787859279 0.014407931211128 0.014644386389521 0.0148093295875 0.014909522498241 0.014952067188594 0.014944144309464 0.014892221750544 0.01480261038002 0.014681432581755 0.014533756913066
0.013250739644445 0.0092616939838428 0.0097245872183069 0.01049114197465 0.011298513470214 0.01207192640376 0.012780735616721 0.013409485063221 0.013952345767841 0.014407931211128 0.014778395900529 0.015068320128893 0.015283444074262 0.015430216552018 0.015515563025595 0.015546656704746 0.015529933722223 0.015471847776855 0.015378603658819 0.015255509448738
0.012958074007811 0.0091074161801888 0.0096102889539964 0.010417107641859 0.011269320897031 0.012091926531794 0.012853112526444 0.013536189891433 0.014134095906679 0.014644386389521 0.015068320128893 0.015409824713362 0.015674056413402 0.015867097469782 0.015995606254463 0.016066660300519 0.016086582874264 0.016061892273893 0.015998800503304 0.015902790782772
0.012643510595364 0.0089313047901413 0.0094676070268374 0.010307424311374 0.011197146139108 0.012061901133534 0.012868955479806 0.013600553562654 0.014248496086441 0.0148093295875 0.015283444074262 0.015674056413402 0.015985748777738 0.016224145015173 0.016395558803849 0.016506893338572 0.016564293119869 0.016574276563636 0.016542996603093 0.016476042681161
0.01231396572736 0.0087385627311019 0.0093021906619729 0.010168248928555 0.011088569957372 0.011988730236785 0.012835306836539 0.013609644490005 0.014302515182475 0.014909522498241 0.015430216552018 0.015867097469782 0.016224145015173 0.016506498651049 0.016720035391115 0.016871444640376 0.016966625371875 0.017012036088309 0.01701370609139 0.016977272500216
0.011975504419628 0.0085339365142274 0.0091193006201433 0.010005412469976 0.010949928722078 0.011879148111514 0.012759174779277 0.013570614274112 0.014303332046114 0.014952067188594 0.015515563025595 0.015995606254463 0.016395558803849 0.016720035391115 0.016974509240863 0.017165341953882 0.017298165775696 0.017379297162589 0.017414580220362 0.017409656923376
0.011632589171911 0.0083210980992294 0.008923217231935 0.0098238692331028 0.010786805305909 0.011739279245226 0.012647118992902 0.013490343849491 0.014258033283101 0.014944144309464 0.015546656704746 0.016066660300519 0.016506893338572 0.016871444640376 0.017165341953882 0.017394635510996 0.017564592346531 0.017681347080542 0.017750511912205 0.017777688053577
0.011289658458862 0.0081036170453665 0.0087180081718479 0.0096282508837827 0.010604361671874 0.011574742801954 0.012505123629509 0.013375080626282 0.01417302698598 0.014892221750544 0.015529933722223 0.016086582874264 0.016564293119869 0.016966625371875 0.017298165775696 0.017564592346531 0.017770826355939 0.017922730152258 0.018025654761442 0.018085127142619
0.010949345044001 0.0078838941753289 0.0085066539272822 0.0094221791532369 0.010406846368518 0.011390363698065 0.012338518574084 0.013230577186024 0.014054392709329 0.01480261038002 0.015471847776855 0.016061892273893 0.016574276563636 0.017012036088309 0.017379297162589 0.017681347080542 0.017922730152258 0.018109069068887 0.018245337938698 0.018337012224816
0.010615051173613 0.0076646857572619 0.0082924064869572 0.0092094820048826 0.01019864887864 0.011191041867443 0.012152641260314 0.013062524743715 0.013908084226313 0.014681432581755 0.015378603658819 0.015998800503304 0.016542996603093 0.01701370609139 0.017414580220362 0.017750511912205 0.018025654761442 0.018245337938698 0.018414270017374 0.018537714995989
0.010287801973852 0.0074473123769503 0.0080771078424251 0.0089925505401576 0.0099827109088482 0.010980246162151 0.011951447081255 0.012875310267892 0.013738861953083 0.014533756913066 0.015255509448738 0.015902790782772 0.016476042681161 0.016977272500216 0.017409656923376 0.017777688053577 0.018085127142619 0.018337012224816 0.018537714995989 0.018692351270138
