0.01387688463775 0.0031078303209253 0.0018469983052161 0.0014041693102405 0.0011840432724309 0.0010624091569438 0.00099544681110304 0.00089457140231528 0.00082454948040185 0.00077841324200663 0.0007396900272276 0.00071029642861185 0.00067794029701349 0.00066615955202729 0.00064807815561708 0.00064072370022262 0.00061561135567924 0.00059855056342481 0.0005866105434998 0.00057100933789197
0.0031078303209253 0.0063328967218459 0.0024918830434852 0.0017220568054031 0.0013960129463611 0.0011632953456893 0.00095582007332238 0.00081806284963428 0.00072621834427842 0.00065519002919679 0.0005983918296429 0.00054888312937251 0.00051709244144211 0.00047330794212858 0.0004425341701023 0.00041241114746168 0.00039384642454557 0.00037806966204955 0.00035631528108306 0.00033580791049228
0.0018469983052161 0.0024918830434852 0.0038751971738795 0.0024165169037594 0.0018693449765681 0.0015269284548055 0.0012897314407454 0.0011071550542548 0.00096842659469359 0.00085938721314875 0.00077026533925523 0.00069680569480791 0.00063098276018477 0.00058999996285604 0.00054683864687048 0.00052021416783071 0.00048190367941017 0.00045279113796962 0.00042943002622256 0.00040669540640006
0.0014041693102405 0.0017220568054031 0.0024165169037594 0.0028143910774639 0.0022176065250131 0.0018532869606224 0.0015907375770115 0.0013959579451565 0.0012389583133567 0.0011056025344126 0.00099714435347558 0.00090622599586684 0.0008268785369385 0.00076751031615278 0.0007121294766107 0.00066644449362367 0.00062179105280936 0.0005839772626947 0.00054991766552615 0.00051742842966976
0.0011840432724309 0.0013960129463611 0.0018693449765681 0.0022176065250131 0.0022708186714526 0.0019773572407888 0.0017391764584765 0.0015567536686429 0.0014035123541746 0.0012674539318704 0.0011548588927807 0.0010574927925332 0.00097207558528387 0.00090437280959406 0.00084140231526134 0.00078675111379537 0.00073729963764061 0.00069294440481735 0.00065328313865064 0.00061462315474631
0.0010624091569438 0.0011632953456893 0.0015269284548055 0.0018532869606224 0.0019773572407888 0.001942675425237 0.0017730287928769 0.0016257729578765 0.0014956174405208 0.0013761454350889 0.0012716973590131 0.0011785355191154 0.001092912041908 0.0010259773544427 0.00096147870054546 0.00090537537949936 0.00085247312975618 0.00080526180604267 0.00076270774767619 0.00072104466459703
0.00099544681110304 0.00095582007332238 0.0012897314407454 0.0015907375770115 0.0017391764584765 0.0017730287928769 0.001711208984194 0.0016088747867398 0.0015079049000317 0.0014092656619583 0.001318928246246 0.0012354658219832 0.0011563095792295 0.0010938407854455 0.0010323204796434 0.00098011477704921 0.00092669035038425 0.00087936837436872 0.00083782465999132 0.00079640329855858
0.00089457140231528 0.00081806284963428 0.0011071550542548 0.0013959579451565 0.0015567536686429 0.0016257729578765 0.0016088747867398 0.0015571662817878 0.0014852337538109 0.0014076293615119 0.0013321085968736 0.0012597800342594 0.0011880158328341 0.0011321038035577 0.0010750843621091 0.0010259821827884 0.00097474532002767 0.00092876070082118 0.00088866635428249 0.00084801385410538
0.00082454948040185 0.00072621834427842 0.00096842659469359 0.0012389583133567 0.0014035123541746 0.0014956174405208 0.0015079049000317 0.0014852337538109 0.0014439328935153 0.0013877054912058 0.0013278321032177 0.0012673250848899 0.0012049319809692 0.0011558941923209 0.0011043888463761 0.0010595828461199 0.001011431536489 0.00096799195229259 0.00092997034075713 0.00089101906296435
0.00077841324200663 0.00065519002919679 0.00085938721314875 0.0011056025344126 0.0012674539318704 0.0013761454350889 0.0014092656619583 0.0014076293615119 0.0013877054912058 0.0013531336769002 0.0013094115363199 0.001261657343627 0.0012095223846796 0.0011683746789415 0.0011232042010503 0.0010833291985538 0.0010391945711233 0.0009989208792888 0.00096351930575752 0.000926784555333
0.0007396900272276 0.0005983918296429 0.00077026533925523 0.00099714435347558 0.0011548588927807 0.0012716973590131 0.001318928246246 0.0013321085968736 0.0013278321032177 0.0013094115363199 0.0012802685636399 0.001244387929979 0.0012020731025031 0.0011687263565127 0.0011300370241481 0.0010948023830559 0.0010555210171954 0.0010187209514854 0.00098634256436775 0.00095211345283253
0.00071029642861185 0.00054888312937251 0.00069680569480791 0.00090622599586684 0.0010574927925332 0.0011785355191154 0.0012354658219832 0.0012597800342594 0.0012673250848899 0.001261657343627 0.001244387929979 0.0012192961414405 0.0011861156376702 0.0011603286122568 0.0011280488031608 0.0010976594449095 0.0010631891781374 0.0010301013842873 0.0010009001825924 0.00096938397521763
0.00067794029701349 0.00051709244144211 0.00063098276018477 0.0008268785369385 0.00097207558528387 0.001092912041908 0.0011563095792295 0.0011880158328341 0.0012049319809692 0.0012095223846796 0.0012020731025031 0.0011861156376702 0.0011726424584811 0.0011427580313329 0.0011168143993451 0.0010915530809088 0.001061900575734 0.0010328145721045 0.0010070208153411 0.0009785365556986
0.00066615955202729 0.00047330794212858 0.00058999996285604 0.00076751031615278 0.00090437280959406 0.0010259773544427 0.0010938407854455 0.0011321038035577 0.0011558941923209 0.0011683746789415 0.0011687263565127 0.0011603286122568 0.0011427580313329 0.0011298322637585 0.0011089904330119 0.0010878873819734 0.0010623367885943 0.0010365819234038 0.0010136104748765 0.00098768410852714
0.00064807815561708 0.0004425341701023 0.00054683864687048 0.0007121294766107 0.00084140231526134 0.00096147870054546 0.0010323204796434 0.0010750843621091 0.0011043888463761 0.0011232042010503 0.0011300370241481 0.0011280488031608 0.0011168143993451 0.0011089904330119 0.0010934953631487 0.0010763035438134 0.001054801952388 0.0010324749412742 0.0010124801221538 0.00098928616860682
0.00064072370022262 0.00041241114746168 0.00052021416783071 0.00066644449362367 0.00078675111379537 0.00090537537949936 0.00098011477704921 0.0010259821827884 0.0010595828461199 0.0010833291985538 0.0010948023830559 0.0010976594449095 0.0010915530809088 0.0010878873819734 0.0010763035438134 0.0010792568457561 0.0010451073066778 0.0010258933730527 0.001008658734023 0.00098805160824011
0.00061561135567924 0.00039384642454557 0.00048190367941017 0.00062179105280936 0.00073729963764061 0.00085247312975618 0.00092669035038425 0.00097474532002767 0.001011431536489 0.0010391945711233 0.0010555210171954 0.0010631891781374 0.001061900575734 0.0010623367885943 0.001054801952388 0.0010451073066778 0.0010305870445134 0.0010143849796764 0.00099982525488789 0.00098170032458633
0.00059855056342481 0.00037806966204955 0.00045279113796962 0.0005839772626947 0.00069294440481735 0.00080526180604267 0.00087936837436872 0.00092876070082118 0.00096799195229259 0.0009989208792888 0.0010187209514854 0.0010301013842873 0.0010328145721045 0.0010365819234038 0.0010324749412742 0.0010258933730527 0.0010143849796764 0.0010024158920471 0.00098880046826117 0.00097299080725309
0.0005866105434998 0.00035631528108306 0.00042943002622256 0.00054991766552615 0.00065328313865064 0.00076270774767619 0.00083782465999132 0.00088866635428249 0.00092997034075713 0.00096351930575752 0.00098634256436775 0.0010009001825924 0.0010070208153411 0.0010136104748765 0.0010124801221538 0.001008658734023 0.00099982525488789 0.00098880046826117 0.0009793161492662 0.00096530591861191
0.00057100933789197 0.00033580791049228 0.00040669540640006 0.00051742842966976 0.00061462315474631 0.00072104466459703 0.00079640329855858 0.00084801385410538 0.00089101906296435 0.000926784555333 0.00095211345283253 0.00096938397521763 0.0009785365556986 0.00098768410852714 0.00098928616860682 0.00098805160824011 0.00098170032458633 0.00097299080725309 0.00096530591861191 0.00095455683921713
