0 -3.1209825012204 0.032606829974334 -3.0890352484241 0.08474681607032 -3.0094317997353 0.19803282564941 -2.8556353928706 0.39938705923573 -2.6009758340386
3.1209825012204 0 -3.1275353743082 0.033614135313261 -3.080806332016 0.097134194797633 -2.9965152914983 0.20813110154612 -2.8501386340947 0.40223205134743
-0.032606829974334 3.1275353743082 0 -3.1238683109352 0.040897302212438 -3.0711479025068 0.10775857153956 -2.9869305187667 0.21367113372844 -2.8537044373211
3.0890352484241 -0.033614135313261 3.1238683109352 0 -3.1201028009324 0.047456836621333 -3.0629188783484 0.11593395372196 -2.9813516530735 0.21255497600417
-0.08474681607032 3.080806332016 -0.040897302212438 3.1201028009324 0 -3.1172421414489 0.051994011044666 -3.0584263950025 0.1181291039117 -2.9846597040479
3.0094317997353 -0.097134194797633 3.0711479025068 -0.047456836621333 3.1172421414489 0 -3.1156778264741 0.053378757815742 -3.0592573508568 0.1125075921608
-0.19803282564941 2.9965152914983 -0.10775857153956 3.0629188783484 -0.051994011044666 3.1156778264741 0 -3.1158753942354 0.051126916207499 -3.0656617520092
2.8556353928706 -0.20813110154612 2.9869305187667 -0.11593395372196 3.0584263950025 -0.053378757815742 3.1158753942354 0 -3.11777518392 0.045608918389225
-0.39938705923573 2.8501386340947 -0.21367113372844 2.9813516530735 -0.1181291039117 3.0592573508568 -0.051126916207499 3.11777518392 0 -3.1210674013051
2.6009758340386 -0.40223205134743 2.8537044373211 -0.21255497600417 2.9846597040479 -0.1125075921608 3.0656617520092 -0.045608918389225 3.1210674013051 0
