0.0068463408015619 0.00019787966652172 0.00024439593246196 4.7664925999046e-05 7.0930913436068e-05 9.26005963501e-05 5.556510871048e-05 3.2358114294809e-05 9.4722759900962e-06 1.7188354578371e-05 4.6678778659939e-05 6.6471902916509e-05 7.8464936151518e-05 8.3127742108552e-05 8.7644920018233e-05 0.00010670024433327 9.4691393914593e-05 9.6947120909569e-05 0.00010010916355118 9.9891868281877e-05
0.00019787966652172 0.0052874200617014 0.00081250300317699 0.00050174209152249 0.00050305440281856 0.00036609327329114 0.00029985615913514 0.00025970405938894 0.0002128469783733 0.00018130340905918 0.00015940981024197 0.00015015709526874 0.00013304027049156 0.00012228247850783 0.00011170942395504 0.00012555065328234 9.5266296164281e-05 8.8297219143796e-05 8.020454795442e-05 8.1941763297889e-05
0.00024439593246196 0.00081250300317699 0.0045158564674282 0.0012704655782988 0.00083106832285511 0.00057454461627921 0.00050458389386633 0.00046876186640382 0.00040963096384735 0.00033951968454505 0.00028755856505351 0.00024880489357739 0.00022088898373793 0.00020267809814379 0.00018583098495928 0.00018593496196144 0.00015840867814982 0.00014879750521119 0.00013715180954941 0.00013231110711494
4.7664925999046e-05 0.00050174209152249 0.0012704655782988 0.0032335805471328 0.0014979456871272 0.0010265724525803 0.00079789325805214 0.00068847003799717 0.00058339375463045 0.00049280785113076 0.00042547325773512 0.00037426202537254 0.00033217206971473 0.00030120304706881 0.00027592557701169 0.00024566558001673 0.00023308221723246 0.00022104634684019 0.00020480238400714 0.00019864119098487
7.0930913436068e-05 0.00050305440281856 0.00083106832285511 0.0014979456871272 0.0025156700496492 0.001511110515486 0.0011181411632803 0.0009174418395262 0.00077495539319185 0.0006558952061693 0.00056506993678462 0.00050059680044427 0.00044213493292702 0.00040136292160459 0.00036824588047998 0.00033230156327694 0.00031098899880077 0.0002959412946473 0.00027152176922734 0.00025787822005862
9.26005963501e-05 0.00036609327329114 0.00057454461627921 0.0010265724525803 0.001511110515486 0.0018364209462435 0.001340403821728 0.0011296752530953 0.00097306202564266 0.00084505940662709 0.00075096820856988 0.00067618440133159 0.0006092067497382 0.0005568333480046 0.00051261491745985 0.00047172507945589 0.00043987930739463 0.00041425025979181 0.00038651626988858 0.00036734505728659
5.556510871048e-05 0.00029985615913514 0.00050458389386633 0.00079789325805214 0.0011181411632803 0.001340403821728 0.0014299401492771 0.0012373374572518 0.0010832153122335 0.00095138963708885 0.00085449140756751 0.00077830915587569 0.0007095492634405 0.00065500850351874 0.00060846352742993 0.00056718871129788 0.00052933375805214 0.00050109478320321 0.00047068319294557 0.00044772055953996
3.2358114294809e-05 0.00025970405938894 0.00046876186640382 0.00068847003799717 0.0009174418395262 0.0011296752530953 0.0012373374572518 0.0012589615702887 0.0011360800034974 0.0010216266850634 0.00092999376015136 0.00085610826122471 0.00078849715030161 0.0007331210278155 0.00068579836065414 0.00064425031075382 0.00060432329401848 0.00057433931955899 0.00054375517278938 0.00051856399718126
9.4722759900962e-06 0.0002128469783733 0.00040963096384735 0.00058339375463045 0.00077495539319185 0.00097306202564266 0.0010832153122335 0.0011360800034974 0.0011154653567808 0.0010330782089059 0.000958727830308 0.00089444176274206 0.00083318636398481 0.00078169431605213 0.00073666383959069 0.00069792549254346 0.00065690302585095 0.00062735701210138 0.00059602122632051 0.00057116951979945
1.7188354578371e-05 0.00018130340905918 0.00033951968454505 0.00049280785113076 0.0006558952061693 0.00084505940662709 0.00095138963708885 0.0010216266850634 0.0010330782089059 0.0010031557568089 0.00094974466938046 0.00089910857799854 0.0008473894742304 0.00080231245292663 0.00076184441809725 0.00072753375326655 0.00068796831078894 0.00065970336911771 0.00062855339052287 0.00060578184483883
4.6678778659939e-05 0.00015940981024197 0.00028755856505351 0.00042547325773512 0.00056506993678462 0.00075096820856988 0.00085449140756751 0.00092999376015136 0.000958727830308 0.00094974466938046 0.00092440932123149 0.00088850717550924 0.00084721895231782 0.00080923295265875 0.00077404652001207 0.00074335115635163 0.00070746072237011 0.00068135737689659 0.00065170459596056 0.00063053035636088
6.6471902916509e-05 0.00015015709526874 0.00024880489357739 0.00037426202537254 0.00050059680044427 0.00067618440133159 0.00077830915587569 0.00085610826122471 0.00089444176274206 0.00089910857799854 0.00088850717550924 0.00087092575329766 0.00083764436255754 0.00080702686188369 0.00077734406258712 0.00075046658961977 0.00071886654114576 0.00069507864092824 0.00066762043981269 0.00064752837362
7.8464936151518e-05 0.00013304027049156 0.00022088898373793 0.00033217206971473 0.00044213493292702 0.0006092067497382 0.0007095492634405 0.00078849715030161 0.00083318636398481 0.0008473894742304 0.00084721895231782 0.00083764436255754 0.00081742607542043 0.00079433052613575 0.00077037859377232 0.00074753527010295 0.00072037165056615 0.00069923362421076 0.00067446365357139 0.00065578586672153
8.3127742108552e-05 0.00012228247850783 0.00020267809814379 0.00030120304706881 0.00040136292160459 0.0005568333480046 0.00065500850351874 0.0007331210278155 0.00078169431605213 0.00080231245292663 0.00080923295265875 0.00080702686188369 0.00079433052613575 0.00077828581788049 0.00075978077305189 0.00074100684335702 0.00071803617106179 0.00069961263844156 0.00067765035164255 0.0006602135711254
8.7644920018233e-05 0.00011170942395504 0.00018583098495928 0.00027592557701169 0.00036824588047998 0.00051261491745985 0.00060846352742993 0.00068579836065414 0.00073666383959069 0.00076184441809725 0.00077404652001207 0.00077734406258712 0.00077037859377232 0.00075978077305189 0.0007463103864944 0.00073145291875146 0.00071241186445047 0.00069660973673417 0.00067746554127609 0.00066135392958717
0.00010670024433327 0.00012555065328234 0.00018593496196144 0.00024566558001673 0.00033230156327694 0.00047172507945589 0.00056718871129788 0.00064425031075382 0.00069792549254346 0.00072753375326655 0.00074335115635163 0.00075046658961977 0.00074753527010295 0.00074100684335702 0.00073145291875146 0.00077323960732396 0.00070437482058699 0.00069101594157159 0.00067437977099152 0.00065968041631314
9.4691393914593e-05 9.5266296164281e-05 0.00015840867814982 0.00023308221723246 0.00031098899880077 0.00043987930739463 0.00052933375805214 0.00060432329401848 0.00065690302585095 0.00068796831078894 0.00070746072237011 0.00071886654114576 0.00072037165056615 0.00071803617106179 0.00071241186445047 0.00070437482058699 0.00069834813171953 0.00068160529078535 0.00066767268318535 0.00065460402037049
9.6947120909569e-05 8.8297219143796e-05 0.00014879750521119 0.00022104634684019 0.0002959412946473 0.00041425025979181 0.00050109478320321 0.00057433931955899 0.00062735701210138 0.00065970336911771 0.00068135737689659 0.00069507864092824 0.00069923362421076 0.00069961263844156 0.00069660973673417 0.00069101594157159 0.00068160529078535 0.00067286084363192 0.00066105439844168 0.00064923328806296
0.00010010916355118 8.020454795442e-05 0.00013715180954941 0.00020480238400714 0.00027152176922734 0.00038651626988858 0.00047068319294557 0.00054375517278938 0.00059602122632051 0.00062855339052287 0.00065170459596056 0.00066762043981269 0.00067446365357139 0.00067765035164255 0.00067746554127609 0.00067437977099152 0.00066767268318535 0.00066105439844168 0.00066304170892302 0.00064112619965652
9.9891868281877e-05 8.1941763297889e-05 0.00013231110711494 0.00019864119098487 0.00025787822005862 0.00036734505728659 0.00044772055953996 0.00051856399718126 0.00057116951979945 0.00060578184483883 0.00063053035636088 0.00064752837362 0.00065578586672153 0.0006602135711254 0.00066135392958717 0.00065968041631314 0.00065460402037049 0.00064923328806296 0.00064112619965652 0.00064084540714632
