0.00023179847732675 0.00027591488271063 0.00025118389244206 0.00021160230337763 0.00017876899175891 0.00016004898292559 0.0001491516219185 0.00014284441958678 0.00013818717732466 0.00013404721228174
0.00027591488271063 0.00033935388102496 0.000293827742701 0.00025090677713837 0.00021449722247221 0.0001903701324601 0.00017757200474542 0.00016971723777757 0.00016388709337802 0.00015916780936331
0.00025118389244206 0.000293827742701 0.00026190899501017 0.00023010210088316 0.00019608881488089 0.0001756689802005 0.0001631803193812 0.00015604055799523 0.00015116750963152 0.00014717305863266
0.00021160230337763 0.00025090677713837 0.00023010210088316 0.00019688901382782 0.00016849564336406 0.00015104522969931 0.00013918924011626 0.00013356672522324 0.00012959577192798 0.00012651609153107
0.00017876899175891 0.00021449722247221 0.00019608881488089 0.00016849564336406 0.00014589288785246 0.00013187472266776 0.00012272067590541 0.00011732693352584 0.00011355521197997 0.00011065390521794
0.00016004898292559 0.0001903701324601 0.0001756689802005 0.00015104522969931 0.00013187472266776 0.00012219139512202 0.00011398502382531 0.00010888208644726 0.0001052498253058 0.00010253943261612
0.0001491516219185 0.00017757200474542 0.0001631803193812 0.00013918924011626 0.00012272067590541 0.00011398502382531 0.00010692569850875 0.0001026109436493 9.9452732392694e-05 9.7073790525983e-05
0.00014284441958678 0.00016971723777757 0.00015604055799523 0.00013356672522324 0.00011732693352584 0.00010888208644726 0.0001026109436493 9.9083382793794e-05 9.6497298317082e-05 9.45565346691e-05
0.00013818717732466 0.00016388709337802 0.00015116750963152 0.00012959577192798 0.00011355521197997 0.0001052498253058 9.9452732392694e-05 9.6497298317082e-05 9.4399565667014e-05 9.2855159920912e-05
0.00013404721228174 0.00015916780936331 0.00014717305863266 0.00012651609153107 0.00011065390521794 0.00010253943261612 9.7073790525983e-05 9.45565346691e-05 9.2855159920912e-05 9.1668695533065e-05
