3.1415926535898 0.059367996661392 -3.005093673096 0.18231972452627 -2.9250901985667 0.24967906592667 -2.8535943825142 0.33072751946384 -2.7647586520694 0.42445674853455
-0.059367996661392 3.1415926535898 0.04698271418678 -3.0743716108302 0.080160352634207 -3.0473740532507 0.11405756124911 -3.0054691771306 0.16058192621997 -2.9548705883198
3.005093673096 -0.04698271418678 3.1415926535898 0.017422792097599 -3.1143065679464 0.037367967084692 -3.0894688888989 0.067901612934569 -3.0562612836888 0.10402648192233
-0.18231972452627 3.0743716108302 -0.017422792097599 3.1415926535898 0.0093294729938074 -3.1238702316693 0.029623075277942 -3.1004987658852 0.053042384182342 -3.0763290471395
2.9250901985667 -0.080160352634207 3.1143065679464 -0.0093294729938074 3.1415926535898 0.0075432310508991 -3.1238509979113 0.026439718291865 -3.1068184166262 0.04267993723214
-0.24967906592667 3.0473740532507 -0.037367967084692 3.1238702316693 -0.0075432310508991 3.1415926535898 0.0095105190502949 -3.1249159043055 0.022888790488268 -3.1133776345677
2.8535943825142 -0.11405756124911 3.0894688888989 -0.029623075277942 3.1238509979113 -0.0095105190502949 3.1415926535898 0.0063291467588664 -3.1304311994728 0.014699443517282
-0.33072751946384 3.0054691771306 -0.067901612934569 3.1004987658852 -0.026439718291865 3.1249159043055 -0.0063291467588664 3.1415926535898 0.0043551318294592 -3.1345047234114
2.7647586520694 -0.16058192621997 3.0562612836888 -0.053042384182342 3.1068184166262 -0.022888790488268 3.1304311994728 -0.0043551318294592 3.1415926535898 0.0024190842886499
-0.42445674853455 2.9548705883198 -0.10402648192233 3.0763290471395 -0.04267993723214 3.1133776345677 -0.014699443517282 3.1345047234114 -0.0024190842886499 3.1415926535898
