3.1415926535898 0.040577728579631 -2.9633042673119 2.5783283999064 -0.18255375001012 3.0177644794195 -0.1000051497142 3.0548687400332 -0.07794453713722 3.0698873476765
-0.040577728579631 3.1415926535898 0.043449359017742 -3.0210866938993 0.30514899450089 -1.9881995340787 2.4954358825617 -0.36633222929587 2.8707699299634 -0.22284942408418
2.9633042673119 -0.043449359017742 3.1415926535898 0.048772322853731 -3.0288915729175 0.21020601242914 -2.7546735562644 0.78119101997917 -1.5406473960764 2.2646181731909
-2.5783283999064 3.0210866938993 -0.048772322853731 3.1415926535898 0.043798966713212 -3.0531434834358 0.13750977035605 -2.94720007386 0.26314139533435 -2.7914189421945
0.18255375001012 -0.30514899450089 3.0288915729175 -0.043798966713212 3.1415926535898 0.03406536994875 -3.0783645898898 0.089713977521094 -3.0269044105812 0.13906041974164
-3.0177644794195 1.9881995340787 -0.21020601242914 3.0531434834358 -0.03406536994875 3.1415926535898 0.024662991427375 -3.0974549487342 0.060391762501733 -3.0670217643315
0.1000051497142 -2.4954358825617 2.7546735562644 -0.13750977035605 3.0783645898898 -0.024662991427375 3.1415926535898 0.017741092109976 -3.1101142531462 0.042706039852167
-3.0548687400332 0.36633222929587 -0.78119101997917 2.94720007386 -0.089713977521094 3.0974549487342 -0.017741092109976 3.1415926535898 0.013047634942254 -3.1183298258861
0.07794453713722 -2.8707699299634 1.5406473960764 -0.26314139533435 3.0269044105812 -0.060391762501733 3.1101142531462 -0.013047634942254 3.1415926535898 0.0099066017339223
-3.0698873476765 0.22284942408418 -2.2646181731909 2.7914189421945 -0.13906041974164 3.0670217643315 -0.042706039852167 3.1183298258861 -0.0099066017339223 3.1415926535898
