3.1415926535898 -0.22607357706028 3.0768976404909 0.11186173527388 -2.9814787464717 0.17990094022725 -3.0153914411938 0.15066700933765 -3.0395117203743 0.12802864440159
0.22607357706028 3.1415926535898 0.18531838630247 -2.8756267798611 0.051476199758634 -2.9528450384339 0.2832233504153 -2.8658565855845 0.17770644136016 -3.0318167524541
-3.0768976404909 -0.18531838630247 3.1415926535898 0.12858492250917 3.0983027476283 -0.067503302306032 3.0864990983873 -0.07898699363879 3.0180932692467 -0.1479593026037
-0.11186173527388 2.8756267798611 -0.12858492250917 3.1415926535898 -0.030247339301008 3.1164629094614 0.019818302549169 3.1207221398175 -0.054947780432212 3.078021850903
2.9814787464717 -0.051476199758634 -3.0983027476283 0.030247339301008 3.1415926535898 -0.0033929826258042 -3.1325040255146 0.011336634595937 3.1204320830719 -0.052389052080594
-0.17990094022725 2.9528450384339 0.067503302306032 -3.1164629094614 0.0033929826258042 3.1415926535898 -0.0020454836792331 3.1220797887575 -0.04084176684164 3.0813134556663
3.0153914411938 -0.2832233504153 -3.0864990983873 -0.019818302549169 3.1325040255146 0.0020454836792331 3.1415926535898 -0.014700106981937 3.1112070363138 -0.046906617183384
-0.15066700933765 2.8658565855845 0.07898699363879 -3.1207221398175 -0.011336634595937 -3.1220797887575 0.014700106981937 3.1415926535898 -0.012758247705073 3.115688826295
3.0395117203743 -0.17770644136016 -3.0180932692467 0.054947780432212 -3.1204320830719 0.04084176684164 -3.1112070363138 0.012758247705073 3.1415926535898 -0.012016711367899
-0.12802864440159 3.0318167524541 0.1479593026037 -3.078021850903 0.052389052080594 -3.0813134556663 0.046906617183384 -3.115688826295 0.012016711367899 3.1415926535898
