0 -3.1411017025555 0.0010301380695174 -3.1398558646343 0.0026578854617118 -3.1377642389413 0.0052709754001997 -3.1345840905238 0.0090659139941903 -3.1301523608115
3.1411017025555 0 -3.14095065248 0.0014708483529529 -3.1390724362606 0.0038208723364696 -3.1361989081692 0.0072631762168373 -3.1321426192875 0.011955339960502
-0.0010301380695174 3.14095065248 0 -3.1407456027957 0.0019192021830327 -3.1383500569362 0.0048355357362033 -3.134869716748 0.0089194664289459 -3.1301631252329
3.1398558646343 -0.0014708483529529 3.1407456027957 0 -3.1405156166258 0.0024051846323185 -3.1375929194154 0.0058854891922918 -3.1335224980867 0.010560696540958
-0.0026578854617118 3.1390724362606 -0.0019192021830327 3.1405156166258 0 -3.1402649619427 0.0029180580119084 -3.1367974404096 0.0069597893482216 -3.132172171194
3.1377642389413 -0.0038208723364696 3.1383500569362 -0.0024051846323185 3.1402649619427 0 -3.1400061751682 0.0034546880488076 -3.1359942040389 0.0080274284384317
-0.0052709754001997 3.1361989081692 -0.0048355357362033 3.1375929194154 -0.0029180580119084 3.1400061751682 0 -3.1397299511724 0.0039890949436985 -3.1352035727416
3.1345840905238 -0.0072631762168373 3.134869716748 -0.0058854891922918 3.1367974404096 -0.0034546880488076 3.1397299511724 0 -3.1394776121264 0.0044918724684878
-0.0090659139941903 3.1321426192875 -0.0089194664289459 3.1335224980867 -0.0069597893482216 3.1359942040389 -0.0039890949436985 3.1394776121264 0 -3.1392282316494
3.1301523608115 -0.011955339960502 3.1301631252329 -0.010560696540958 3.132172171194 -0.0080274284384317 3.1352035727416 -0.0044918724684878 3.1392282316494 0
