0.0067173710072796 -0.00024152215056491 0.00010533366307862 -3.8120832170644e-06 3.8439752392078e-05 -5.6286968570564e-05 6.6753632503818e-05 -6.7386412185299e-05 6.6730681654854e-05 -6.5812602640371e-05
-0.00024152215056491 0.0068600568641669 -0.00077016348946299 0.00041855926177258 -0.00030700868852176 0.00030734344017533 -0.00027926030582602 0.00020446281395934 -0.0001591091270435 0.00012919605257095
0.00010533366307862 -0.00077016348946299 0.0055492305994637 -0.0015410169246802 0.00099041686444901 -0.00072215074305704 0.00057714600968176 -0.00043995039967256 0.00035680820869179 -0.00028892037008674
-3.8120832170644e-06 0.00041855926177258 -0.0015410169246802 0.0037128169837062 -0.0017502889015967 0.0011554225399818 -0.00090479582738677 0.00070372894265008 -0.00056935188214542 0.00046251480848767
3.8439752392078e-05 -0.00030700868852176 0.00099041686444901 -0.0017502889015967 0.002531183771191 -0.0016687563786829 0.0012863205190428 -0.0010205556105511 0.00083737884414054 -0.00070602146300268
-5.6286968570564e-05 0.00030734344017533 -0.00072215074305704 0.0011554225399818 -0.0016687563786829 0.0018610142929571 -0.0015194140277189 0.0012640903689229 -0.0010695040353208 0.00092388282822549
6.6753632503818e-05 -0.00027926030582602 0.00057714600968176 -0.00090479582738677 0.0012863205190428 -0.0015194140277189 0.0015237278620241 -0.0013459411135886 0.001179356405555 -0.0010436950637062
-6.7386412185299e-05 0.00020446281395934 -0.00043995039967256 0.00070372894265008 -0.0010205556105511 0.0012640903689229 -0.0013459411135886 0.0013043326167554 -0.0011918076726481 0.0010845485279665
6.6730681654854e-05 -0.0001591091270435 0.00035680820869179 -0.00056935188214542 0.00083737884414054 -0.0010695040353208 0.001179356405555 -0.0011918076726481 0.0011418488073275 -0.0010681400498218
-6.5812602640371e-05 0.00012919605257095 -0.00028892037008674 0.00046251480848767 -0.00070602146300268 0.00092388282822549 -0.0010436950637062 0.0010845485279665 -0.0010681400498218 0.0010273924297955
