0 3.1385230718934 -0.0057164721020258 3.1332639803131 -0.010963420787456 3.127918690521 -0.01648276017931 3.1221860569894 -0.022467240869804 3.115911489966
-3.1385230718934 0 3.1389446331851 -0.0052594345815007 3.1337026138969 -0.01059517181514 3.1281963130862 -0.016310917440335 3.1222325381993 -0.022560598941591
0.0057164721020258 -3.1389446331851 0 3.1389826417287 -0.0052364740790518 3.133656482269 -0.010729899203325 3.1279572806036 -0.016673372776731 3.1217320218601
-3.1332639803131 0.0052594345815007 -3.1389826417287 0 3.1389687644534 -0.0053196882204507 3.133485076757 -0.011005522123373 3.127558725591 -0.017209546321202
0.010963420787456 -3.1337026138969 0.0052364740790518 -3.1389687644534 0 3.1388982693251 -0.0054789033464277 3.133220907451 -0.011392975772854 3.127033306066
-3.127918690521 0.01059517181514 -3.133656482269 0.0053196882204507 -3.1388982693251 0 3.1388100510475 -0.0056717898063314 3.1329053456129 -0.011845891738085
0.01648276017931 -3.1281963130862 0.010729899203325 -3.133485076757 0.0054789033464277 -3.1388100510475 0 3.138705227834 -0.0058991264934827 3.1325408513972
-3.1221860569894 0.016310917440335 -3.1279572806036 0.011005522123373 -3.133220907451 0.0056717898063314 -3.138705227834 0 3.1385829982541 -0.0061581947027195
0.022467240869804 -3.1222325381993 0.016673372776731 -3.127558725591 0.011392975772854 -3.1329053456129 0.0058991264934827 -3.1385829982541 0 3.1384462112428
-3.115911489966 0.022560598941591 -3.1217320218601 0.017209546321202 -3.127033306066 0.011845891738085 -3.1325408513972 0.0061581947027195 -3.1384462112428 0
