3.1415926535898 -0.14929885780839 1.6450615194781 -0.28749129545709 2.7473605991676 -0.71569539857426 2.0825691049542 -1.8950139815741 -0.25617264750918 2.3765322594703
0.14929885780839 3.1415926535898 0.03666226448686 -2.882077524573 0.06941837293426 3.1385110798845 -0.12628860028078 2.9434893636726 -0.22587251860238 2.9644060280571
-1.6450615194781 -0.03666226448686 3.1415926535898 -0.057890149981523 2.9876587485007 -0.049360921798903 3.0823801956178 -0.088425683534184 3.0291056419937 -0.13640910970061
0.28749129545709 2.882077524573 0.057890149981523 3.1415926535898 -0.021716575818327 3.1395533865273 0.0072966745629594 -3.1253790169444 0.028012007877924 -3.10995851727
-2.7473605991676 -0.06941837293426 -2.9876587485007 0.021716575818327 3.1415926535898 0.0021754403949974 -3.1260137827258 0.022306504928748 -3.1148168727938 0.027530777163298
0.71569539857426 -3.1385110798845 0.049360921798903 -3.1395533865273 -0.0021754403949974 3.1415926535898 0.016620794700957 -3.1178664183177 0.029352334974593 -3.110470828419
-2.0825691049542 0.12628860028078 -3.0823801956178 -0.0072966745629594 3.1260137827258 -0.016620794700957 3.1415926535898 0.0034414473704937 -3.1359427910732 0.0061746106277268
1.8950139815741 -2.9434893636726 0.088425683534184 3.1253790169444 -0.022306504928748 3.1178664183177 -0.0034414473704937 3.1415926535898 0.002355206479041 -3.1383238394996
0.25617264750918 0.22587251860238 -3.0291056419937 -0.028012007877924 3.1148168727938 -0.029352334974593 3.1359427910732 -0.002355206479041 3.1415926535898 0.00085964325741702
-2.3765322594703 -2.9644060280571 0.13640910970061 3.10995851727 -0.027530777163298 3.110470828419 -0.0061746106277268 3.1383238394996 -0.00085964325741702 3.1415926535898
