0.00018265907745256 0.00093938164994159 0.00096587808961946 0.00085410923402082 0.00073199173327375 0.00065919362384431 0.00061242867308821 0.00058081449403173 0.00055313574676134 0.00052997953347853
0.00093938164994159 0.00040061820468725 0.00029791393696273 0.00026339378776109 0.00021269595980989 0.00018735896901438 0.0001762407357836 0.00016927866457039 0.00016295225155374 0.00015687195859228
0.00096587808961946 0.00029791393696273 0.0004424869132549 0.00027036583167272 0.00023208812638538 0.00020790466214444 0.00019278736783924 0.00018065129759234 0.00017056121447058 0.00016187942153463
0.00085410923402082 0.00026339378776109 0.00027036583167272 0.00031722304241927 0.0002266776964157 0.00019606801534276 0.0001762720259563 0.00016398238377576 0.00015470274357928 0.00014604185773439
0.00073199173327375 0.00021269595980989 0.00023208812638538 0.0002266776964157 0.00023477412180627 0.00020299271259392 0.00018446213596921 0.00017003885081953 0.00015744836586204 0.00014649341704683
0.00065919362384431 0.00018735896901438 0.00020790466214444 0.00019606801534276 0.00020299271259392 0.00019588386247628 0.0001810084106635 0.00016659394800486 0.00015422717670546 0.0001435366944902
0.00061242867308821 0.0001762407357836 0.00019278736783924 0.0001762720259563 0.00018446213596921 0.0001810084106635 0.0001762870168738 0.0001652606599631 0.00015437495715404 0.00014428400344177
0.00058081449403173 0.00016927866457039 0.00018065129759234 0.00016398238377576 0.00017003885081953 0.00016659394800486 0.0001652606599631 0.00015805519290507 0.00014941540097948 0.00014077200178664
0.00055313574676134 0.00016295225155374 0.00017056121447058 0.00015470274357928 0.00015744836586204 0.00015422717670546 0.00015437495715404 0.00014941540097948 0.00014316952075096 0.00013624740644379
0.00052997953347853 0.00015687195859228 0.00016187942153463 0.00014604185773439 0.00014649341704683 0.0001435366944902 0.00014428400344177 0.00014077200178664 0.00013624740644379 0.00013098126333931
