-0.0038128213270214 4.0803098171147e-05 0.00022839551915841 -0.0003884168068972 -2.2945088077145e-05 -0.00021653503669775 7.349334739065e-05 -4.1170935525209e-05 5.8507511470142e-05 -4.6881939620257e-05
4.0803098171147e-05 -0.0052956364445711 0.00044935410246033 0.00036373052334009 0.00026656035325882 2.0642616123153e-06 0.00017509792162238 -0.00013907448545953 0.00013233941772089 -0.00013359615827646
0.00022839551915841 0.00044935410246033 -0.006208739147786 0.0012751517078786 -0.00074997993210887 0.00079659402279895 -0.00058244679282028 0.00056783637713245 -0.00046233058302013 0.00039979289616684
-0.0003884168068972 0.00036373052334009 0.0012751517078786 -0.0044936833408217 0.0018184705005956 -0.0013572579793563 0.0010971541145977 -0.00086896450013356 0.00080476754279935 -0.00069626028499575
-2.2945088077145e-05 0.00026656035325882 -0.00074997993210887 0.0018184705005956 -0.0031693718462278 0.0019237903851428 -0.001418281507345 0.0011144649295734 -0.00092905140500511 0.0008269380701874
-0.00021653503669775 2.0642616123153e-06 0.00079659402279895 -0.0013572579793563 0.0019237903851428 -0.00208215504031 0.00154726981509 -0.0012608330917265 0.0010706227966494 -0.00092272219761526
7.349334739065e-05 0.00017509792162238 -0.00058244679282028 0.0010971541145977 -0.001418281507345 0.00154726981509 -0.0016229848447901 0.0014180909941945 -0.0012691808367704 0.0011312620537667
-4.1170935525209e-05 -0.00013907448545953 0.00056783637713245 -0.00086896450013356 0.0011144649295734 -0.0012608330917265 0.0014180909941945 -0.0014217165781188 0.0013339575010691 -0.001218667581791
5.8507511470142e-05 0.00013233941772089 -0.00046233058302013 0.00080476754279935 -0.00092905140500511 0.0010706227966494 -0.0012691808367704 0.0013339575010691 -0.0013303396318483 0.0012545520184144
-4.6881939620257e-05 -0.00013359615827646 0.00039979289616684 -0.00069626028499575 0.0008269380701874 -0.00092272219761526 0.0011312620537667 -0.001218667581791 0.0012545520184144 -0.001223652411408
