0.038422463014097 0.016777201356947 0.012796311409355 0.010570959239343 0.0090454357196459 0.0079029794516267 0.0070121637872351 0.0063049261519057 0.0057352351466606 0.0052692214438615 0.0048853197017283 0.0045662631973875 0.0042984758066788 0.0040718142206805 0.0038748010933007 0.0037065224394774 0.0035417913703566 0.0034113870620573 0.0033160644845098 0.0032151024131455
0.016777201356947 0.010015983990738 0.0083350191301944 0.0072260762446692 0.0063719097946065 0.0056850955083339 0.005120467572638 0.0046526741821707 0.0042608555584136 0.0039306434092875 0.0036497981461563 0.0034099735973836 0.0032034217795144 0.0030243306227574 0.0028662612955458 0.0027302229156454 0.0026070449547248 0.0024894307008381 0.0024003498520216 0.0023154552006996
0.012796311409355 0.0083350191301944 0.0075561332641831 0.0068941110721082 0.0062994046710288 0.0057709679611545 0.0053048413184976 0.0048971037443673 0.0045408527072534 0.004229907743492 0.0039572996187243 0.0037180865994289 0.0035072417726325 0.0033207043866485 0.0031531981576045 0.0030077347598357 0.0028736766900279 0.0027454493445588 0.0026435855339989 0.002547619814161
0.010570959239343 0.0072260762446692 0.0068941110721082 0.0065728949245536 0.0062149846871051 0.0058495169380208 0.0054946906766558 0.0051621222077321 0.0048556687181472 0.0045762997848758 0.0043228572421047 0.0040935109516559 0.0038861547433683 0.0036986239965812 0.00352702485007 0.0033757663282979 0.0032338789055317 0.003098636633606 0.0029861679362791 0.0028806944956148
0.0090454357196459 0.0063719097946065 0.0062994046710288 0.0062149846871051 0.006054203986483 0.0058409753043272 0.0056000757030621 0.0053512720859407 0.0051053241804326 0.0048685542330637 0.0046446902063852 0.0044348486669637 0.0042396628536143 0.004058843196402 0.0038899498546349 0.00373830050727 0.0035931478972534 0.0034560664621684 0.0033374542352553 0.0032260680376905
0.0079029794516267 0.0056850955083339 0.0057709679611545 0.0058495169380208 0.0058409753043272 0.0057583667406942 0.0056236921421612 0.0054588086427129 0.005277897742375 0.0050904395576643 0.004903584985141 0.0047208931328641 0.0045452482515924 0.0043780336998001 0.0042181465146992 0.0040717662877249 0.003928128629436 0.0037938009055123 0.0036733671395258 0.0035596255020308
0.0070121637872351 0.005120467572638 0.0053048413184976 0.0054946906766558 0.0056000757030621 0.0056236921421612 0.0055825260682301 0.0054957555470201 0.0053793332688262 0.005243642079929 0.0050978499155451 0.0049472548355773 0.0047964189513693 0.004648081923492 0.0045022925237857 0.0043659485606904 0.0042283220921088 0.0041005443328298 0.003982272534345 0.00386950935451
0.0063049261519057 0.0046526741821707 0.0048971037443673 0.0051621222077321 0.0053512720859407 0.0054588086427129 0.0054957555470201 0.0054790037959911 0.0054225797789514 0.005337428627768 0.0052334682749719 0.0051170672449599 0.004993903048165 0.0048677206118553 0.0047394865382204 0.0046166623821804 0.0044885732250004 0.0043701862577298 0.0042573265258854 0.004148315057264
0.0057352351466606 0.0042608555584136 0.0045408527072534 0.0048556687181472 0.0051053241804326 0.005277897742375 0.0053793332688262 0.0054225797789514 0.0054207202996224 0.0053832161813659 0.0053201861730156 0.0052384903585558 0.0051444392827917 0.0050424479117549 0.0049341679564319 0.0048274568479121 0.0047117306040618 0.0046049564893956 0.0045002236859609 0.0043973613109013
0.0052692214438615 0.0039306434092875 0.004229907743492 0.0045762997848758 0.0048685542330637 0.0050904395576643 0.005243642079929 0.005337428627768 0.0053832161813659 0.0053891397573194 0.0053643178225741 0.0053161803050971 0.0052511131672838 0.0051739092644503 0.00508668910066 0.0049975563363022 0.004896011824671 0.0048022189344733 0.0047076000673963 0.0046127004415379
0.0048853197017283 0.0036497981461563 0.0039572996187243 0.0043228572421047 0.0046446902063852 0.004903584985141 0.0050978499155451 0.0052334682749719 0.0053201861730156 0.0053643178225741 0.0053747426882056 0.0053581152160089 0.0053209658330077 0.0052682317586726 0.0052023115889257 0.0051314242716129 0.0050451353478996 0.004965110722905 0.004882004051555 0.0047964022696702
0.0045662631973875 0.0034099735973836 0.0037180865994289 0.0040935109516559 0.0044348486669637 0.0047208931328641 0.0049472548355773 0.0051170672449599 0.0052384903585558 0.0053161803050971 0.0053581152160089 0.0053705077527269 0.0053596494953318 0.0053304670319278 0.0052854740487012 0.0052328983269588 0.005162341849563 0.0050964283788482 0.0050257233367281 0.0049503306021812
0.0042984758066788 0.0032034217795144 0.0035072417726325 0.0038861547433683 0.0042396628536143 0.0045452482515924 0.0047964189513693 0.004993903048165 0.0051444392827917 0.0052511131672838 0.0053209658330077 0.0053596494953318 0.0053731380842611 0.0053661761582974 0.0053412962534613 0.0053066520903502 0.0052518351598543 0.0052000255324831 0.0051421834203863 0.0050775469698508
0.0040718142206805 0.0030243306227574 0.0033207043866485 0.0036986239965812 0.004058843196402 0.0043780336998001 0.004648081923492 0.0048677206118553 0.0050424479117549 0.0051739092644503 0.0052682317586726 0.0053304670319278 0.0053661761582974 0.0053799227706824 0.0053740309262394 0.0053566325138928 0.0053172358473514 0.0052792657235693 0.0052344249442389 0.0051808057660627
0.0038748010933007 0.0028662612955458 0.0031531981576045 0.00352702485007 0.0038899498546349 0.0042181465146992 0.0045022925237857 0.0047394865382204 0.0049341679564319 0.00508668910066 0.0052023115889257 0.0052854740487012 0.0053412962534613 0.0053740309262394 0.0053859622265647 0.0053849062208608 0.0053603749568336 0.0053357877789685 0.0053038230076217 0.0052612513825872
0.0037065224394774 0.0027302229156454 0.0030077347598357 0.0033757663282979 0.00373830050727 0.0040717662877249 0.0043659485606904 0.0046166623821804 0.0048274568479121 0.0049975563363022 0.0051314242716129 0.0052328983269588 0.0053066520903502 0.0053566325138928 0.0053849062208608 0.0054014065337884 0.0053887207437772 0.0053768778343703 0.0053574429805065 0.0053257398590187
0.0035417913703566 0.0026070449547248 0.0028736766900279 0.0032338789055317 0.0035931478972534 0.003928128629436 0.0042283220921088 0.0044885732250004 0.0047117306040618 0.004896011824671 0.0050451353478996 0.005162341849563 0.0052518351598543 0.0053172358473514 0.0053603749568336 0.0053887207437772 0.0054063065212156 0.0053916090072692 0.0053842295264938 0.0053630621228674
0.0034113870620573 0.0024894307008381 0.0027454493445588 0.003098636633606 0.0034560664621684 0.0037938009055123 0.0041005443328298 0.0043701862577298 0.0046049564893956 0.0048022189344733 0.004965110722905 0.0050964283788482 0.0052000255324831 0.0052792657235693 0.0053357877789685 0.0053768778343703 0.0053916090072692 0.0054076927160758 0.0054063074780821 0.0053948516460983
0.0033160644845098 0.0024003498520216 0.0026435855339989 0.0029861679362791 0.0033374542352553 0.0036733671395258 0.003982272534345 0.0042573265258854 0.0045002236859609 0.0047076000673963 0.004882004051555 0.0050257233367281 0.0051421834203863 0.0052344249442389 0.0053038230076217 0.0053574429805065 0.0053842295264938 0.0054063074780821 0.0054219401251349 0.0054201930164166
0.0032151024131455 0.0023154552006996 0.002547619814161 0.0028806944956148 0.0032260680376905 0.0035596255020308 0.00386950935451 0.004148315057264 0.0043973613109013 0.0046127004415379 0.0047964022696702 0.0049503306021812 0.0050775469698508 0.0051808057660627 0.0052612513825872 0.0053257398590187 0.0053630621228674 0.0053948516460983 0.0054201930164166 0.0054288729557462
