0 -3.052360962594 -0.0017254649167829 -3.0975720116712 0.081078356451984 -3.1308932394831 0.022093461819713 -3.1322484189092 -0.016297202804943 3.1063391323607
3.052360962594 0 2.8852503547313 -0.099971765161562 2.9724312862651 -0.25810695308778 2.7981203371468 -0.36076495412358 2.7463510785183 -0.39466776778344
0.0017254649167829 -2.8852503547313 0 -3.1117191446207 0.020416275058452 3.1337994090419 -0.006429271511402 -3.1244623884167 0.010451447913879 -3.1286333099778
3.0975720116712 0.099971765161562 3.1117191446207 0 3.1386828066525 -0.028163729730742 3.1168185802234 0.0057447378689151 -3.1255240164645 0.029213706867608
-0.081078356451984 -2.9724312862651 -0.020416275058452 -3.1386828066525 0 3.1155336516304 -0.019627555923311 3.1392515229813 0.0037934213779294 -3.1270674140302
3.1308932394831 0.25810695308778 -3.1337994090419 0.028163729730742 -3.1155336516304 0 -3.1332722045334 0.021962940632628 -3.1122801660089 0.041276235816975
-0.022093461819713 -2.7981203371468 0.006429271511402 -3.1168185802234 0.019627555923311 3.1332722045334 0 -3.1312982516269 0.016652847807401 -3.1142485023169
3.1322484189092 0.36076495412358 3.1244623884167 -0.0057447378689151 -3.1392515229813 -0.021962940632628 3.1312982516269 0 -3.1349264848276 0.017053491089147
0.016297202804943 -2.7463510785183 -0.010451447913879 3.1255240164645 -0.0037934213779294 3.1122801660089 -0.016652847807401 3.1349264848276 0 -3.1315643339096
-3.1063391323607 0.39466776778344 3.1286333099778 -0.029213706867608 3.1270674140302 -0.041276235816975 3.1142485023169 -0.017053491089147 3.1315643339096 0
