3.1415926535898 -3.1043070409006 -0.012734993952444 3.0578475234722 -0.031784020220079 3.0271034075617 -0.096683497432015 3.0237035574622 -0.13282408994088 3.0102807800777
3.1043070409006 3.1415926535898 -0.0053270603554064 3.0411754227279 -0.071666846152469 2.8237132109317 -0.38579858934864 2.6998850507604 -0.47882259487686 2.6178745611408
0.012734993952444 0.0053270603554064 3.1415926535898 -0.0018211197517872 3.1343138458618 -0.062805762542231 -3.1345569890995 0.058921972396312 -3.0966749736033 0.045679307174984
-3.0578475234722 -3.0411754227279 0.0018211197517872 3.1415926535898 -0.017877943401683 -3.1314076357775 0.048429527712368 -3.0882172704742 0.038972436136616 -3.0957901137791
0.031784020220079 0.071666846152469 -3.1343138458618 0.017877943401683 3.1415926535898 0.029969499687839 -3.0860274518367 0.037800402471977 -3.1138781512698 0.027656933473412
-3.0271034075617 -2.8237132109317 0.062805762542231 3.1314076357775 -0.029969499687839 3.1415926535898 0.011081482387638 -3.135618198954 0.010896817542569 -3.1207401431827
0.096683497432015 0.38579858934864 3.1345569890995 -0.048429527712368 3.0860274518367 -0.011081482387638 3.1415926535898 -0.0052504461876018 3.1347482714917 -0.0018371251641587
-3.0237035574622 -2.6998850507604 -0.058921972396312 3.0882172704742 -0.037800402471977 3.135618198954 0.0052504461876018 3.1415926535898 -0.0033755991479983 3.1411637232675
0.13282408994088 0.47882259487686 3.0966749736033 -0.038972436136616 3.1138781512698 -0.010896817542569 -3.1347482714917 0.0033755991479983 3.1415926535898 0.0014135370099576
-3.0102807800777 -2.6178745611408 -0.045679307174984 3.0957901137791 -0.027656933473412 3.1207401431827 0.0018371251641587 -3.1411637232675 -0.0014135370099576 3.1415926535898
