3.1415926535898 -3.097622968691 -0.016436062221565 -3.1207595931375 0.028860497946622 -3.1388180538498 -0.016966019088142 3.1204236288819 -0.016847011765342 3.1230353657675
3.097622968691 3.1415926535898 -0.097833632506326 3.0883889571411 -0.10967110019085 3.0545981698928 -0.10509775628175 3.0532989420012 -0.05656521774963 3.09794329023
0.016436062221565 0.097833632506326 3.1415926535898 -0.018684020882429 -3.1062574721684 0.014422330843949 3.0923761396338 -0.055715570968239 3.0780397232451 -0.061348173964163
3.1207595931375 -3.0883889571411 0.018684020882429 3.1415926535898 0.014508590630155 -3.1194492155055 0.013823979876952 -3.1151192732692 0.035590862727322 -3.098825576141
-0.028860497946622 0.10967110019085 3.1062574721684 -0.014508590630155 3.1415926535898 -0.0033186965423964 3.1278706344918 -0.024389022820946 3.1093069958414 -0.043292329573344
3.1388180538498 -3.0545981698928 -0.014422330843949 3.1194492155055 0.0033186965423964 3.1415926535898 -0.0040923271095205 3.134169964461 -0.010973779007188 3.1236563176782
0.016966019088142 0.10509775628175 -3.0923761396338 -0.013823979876952 -3.1278706344918 0.0040923271095205 3.1415926535898 -0.0067325379912543 3.1303877582352 -0.018068701299207
-3.1204236288819 -3.0532989420012 0.055715570968239 3.1151192732692 0.024389022820946 -3.134169964461 0.0067325379912543 3.1415926535898 -0.003575370408228 3.1328635213154
0.016847011765342 0.05656521774963 -3.0780397232451 -0.035590862727322 -3.1093069958414 0.010973779007188 -3.1303877582352 0.003575370408228 3.1415926535898 -0.004552140232495
-3.1230353657675 -3.09794329023 0.061348173964163 3.098825576141 0.043292329573344 -3.1236563176782 0.018068701299207 -3.1328635213154 0.004552140232495 3.1415926535898
