0.00035313525371442 0.00027365879187246 0.00027577269385605 0.00026453077182266 0.00022006322519381 0.00019835674986245 0.0001903988292018 0.0001818374789958 0.0001729820949611 0.00016718336044013
0.00027365879187246 0.0003789031021937 0.00030020061133868 0.00027363365610791 0.00023004113874881 0.00021441427002823 0.00019060526215274 0.00018029761952532 0.00017206308574885 0.0001669100122322
0.00027577269385605 0.00030020061133868 0.00037038042994618 0.00028539429737071 0.00023847330707841 0.00021645080013736 0.00019706936324403 0.00018814026851191 0.00017899792506425 0.00017130379895232
0.00026453077182266 0.00027363365610791 0.00028539429737071 0.00033929510351164 0.00025462889575645 0.00022140495109538 0.00020101593732642 0.00018589330527669 0.00017596929714993 0.00016899913643717
0.00022006322519381 0.00023004113874881 0.00023847330707841 0.00025462889575645 0.00026070298651055 0.00022085372593428 0.0001912893243309 0.00017547766074572 0.00016494032688264 0.00015801977204224
0.00019835674986245 0.00021441427002823 0.00021645080013736 0.00022140495109538 0.00022085372593428 0.00021873527059328 0.00018633530549635 0.00017027618915076 0.00015827948772423 0.00015016168089455
0.0001903988292018 0.00019060526215274 0.00019706936324403 0.00020101593732642 0.0001912893243309 0.00018633530549635 0.00017851019276912 0.0001660893451269 0.00015519734028628 0.00014782659497564
0.0001818374789958 0.00018029761952532 0.00018814026851191 0.00018589330527669 0.00017547766074572 0.00017027618915076 0.0001660893451269 0.00016100200283981 0.00015259184397264 0.00014628426272
0.0001729820949611 0.00017206308574885 0.00017899792506425 0.00017596929714993 0.00016494032688264 0.00015827948772423 0.00015519734028628 0.00015259184397264 0.00014817688105386 0.0001440844291133
0.00016718336044013 0.0001669100122322 0.00017130379895232 0.00016899913643717 0.00015801977204224 0.00015016168089455 0.00014782659497564 0.00014628426272 0.0001440844291133 0.00014198020096469
