0.0027270542471349 0.0021653660221452 0.0016566902928827 0.0012211903849426 0.0010961360865104 0.0010554841904029 0.0010107685690293 0.00097187933935101 0.00093849278235313 0.00091302531355067
0.0021653660221452 0.0015970801492245 0.001218496580588 0.00095264513777066 0.00083524111629199 0.00074055429451839 0.00067499376272932 0.00063122539001962 0.00060309766959211 0.00058457010935123
0.0016566902928827 0.001218496580588 0.00091387170120974 0.00078388891098954 0.00067722433176624 0.00061144194659865 0.00054922231852029 0.00051263068784876 0.00048541443763868 0.00046788677749273
0.0012211903849426 0.00095264513777066 0.00078388891098954 0.00069316157849581 0.00059187089613891 0.00051825674743147 0.00044674715842241 0.0004000174030049 0.00036933727598784 0.00035210467560994
0.0010961360865104 0.00083524111629199 0.00067722433176624 0.00059187089613891 0.00049018728786796 0.00044519139515018 0.0004025425836751 0.00037481572814839 0.00035529033049801 0.0003431282688352
0.0010554841904029 0.00074055429451839 0.00061144194659865 0.00051825674743147 0.00044519139515018 0.00041016848452188 0.00037878687879682 0.00035641979611239 0.00033886551834455 0.00032764386637997
0.0010107685690293 0.00067499376272932 0.00054922231852029 0.00044674715842241 0.0004025425836751 0.00037878687879682 0.00035921229411234 0.0003427002377601 0.00032858524200734 0.00031918860030649
0.00097187933935101 0.00063122539001962 0.00051263068784876 0.0004000174030049 0.00037481572814839 0.00035641979611239 0.0003427002377601 0.00033050676309126 0.00031942999782354 0.00031195440231485
0.00093849278235313 0.00060309766959211 0.00048541443763868 0.00036933727598784 0.00035529033049801 0.00033886551834455 0.00032858524200734 0.00031942999782354 0.0003106439293156 0.00030469338130757
0.00091302531355067 0.00058457010935123 0.00046788677749273 0.00035210467560994 0.0003431282688352 0.00032764386637997 0.00031918860030649 0.00031195440231485 0.00030469338130757 0.00029974920656762
