0.0267613259848 0.0083702787231495 0.0057407336569328 0.0044144559581614 0.0036473484324014 0.0031263871513199 0.0027585090848392 0.00248530598945 0.0022760511277191 0.0021090705241691 0.0019725423555815 0.0018569148263453 0.0017649735046973 0.0016804462970163 0.0015892567908598 0.0014658016991013 0.0014421011052536 0.0013739039236245 0.0013356184034529 0.0012879250796399
0.0083702787231495 0.0066736803546735 0.0049325816905235 0.0039426582104196 0.0032930814818901 0.0028194582516085 0.0024604228576053 0.0021777100401762 0.0019505945863747 0.0017660221526623 0.0016137539449862 0.0014852278962601 0.0013740093677378 0.001277942337576 0.0011991326573251 0.0011093059340499 0.0010607000126686 0.0010000577904311 0.00094974499207726 0.00090705312824595
0.0057407336569328 0.0049325816905235 0.0047394302095499 0.0041476552134347 0.0036431276802136 0.0032313691657233 0.0028930028169226 0.0026119788017337 0.0023757293493934 0.0021777336464702 0.0020085627480889 0.0018636461115999 0.0017365587213648 0.0016227766691451 0.0015262967956945 0.0014328491615216 0.0013601271343797 0.0012860788532881 0.0012222830350272 0.0011657490255911
0.0044144559581614 0.0039426582104196 0.0041476552134347 0.0040075325746122 0.0037124112191782 0.0034131383383699 0.0031375565453827 0.0028917889329452 0.0026738748186219 0.0024835735237508 0.0023154383215353 0.0021669633884524 0.0020350156826809 0.0019139307053687 0.0018078958925057 0.0017105226757804 0.0016245459401288 0.0015403200099136 0.0014698523240115 0.0014053311896804
0.0036473484324014 0.0032930814818901 0.0036431276802136 0.0037124112191782 0.0036059787432828 0.0034270420611829 0.0032283219423024 0.0030327019493993 0.0028476674063577 0.0026783909228447 0.0025233346032567 0.0023819923998755 0.0022540044939998 0.0021338892694852 0.0020265448567061 0.0019296948914469 0.001836455560076 0.0017475941588587 0.0016748627451074 0.0016059769632695
0.0031263871513199 0.0028194582516085 0.0032313691657233 0.0034131383383699 0.0034270420611829 0.0033547154725709 0.0032337853631378 0.0030938805543193 0.0029485513845775 0.0028072147039459 0.0026716142909453 0.0025434339721691 0.0024243216773214 0.0023099069646404 0.0022056664084432 0.0021115900956352 0.0020168213581525 0.00192547601982 0.0018527887587862 0.0017814409704494
0.0027585090848392 0.0024604228576053 0.0028930028169226 0.0031375565453827 0.0032283219423024 0.0032337853631378 0.0031801996396357 0.0030931490358701 0.0029884483880728 0.0028777472957201 0.0027650860800658 0.0026539362048095 0.0025473952883845 0.002442029679584 0.0023442984680089 0.0022552613721071 0.0021629091722311 0.0020715260918137 0.0020010578830455 0.0019293983722197
0.00248530598945 0.0021777100401762 0.0026119788017337 0.0028917889329452 0.0030327019493993 0.0030938805543193 0.0030931490358701 0.0030527335573072 0.0029859015375965 0.0029058786046122 0.0028175096111763 0.0027254782549021 0.0026338032688421 0.0025397287883479 0.0024509127056416 0.0023687024257985 0.0022814230169401 0.0021923076455906 0.0021254793462702 0.0020552296603119
0.0022760511277191 0.0019505945863747 0.0023757293493934 0.0026738748186219 0.0028476674063577 0.0029485513845775 0.0029884483880728 0.0029859015375965 0.0029532720640101 0.0029019502065806 0.0028373753968973 0.0027649087380231 0.002689054160341 0.0026075639388541 0.0025290730591789 0.0024549851346363 0.002374414660535 0.0022894683116649 0.0022272371409086 0.0021597898778105
0.0021090705241691 0.0017660221526623 0.0021777336464702 0.0024835735237508 0.0026783909228447 0.0028072147039459 0.0028777472957201 0.0029058786046122 0.0029019502065806 0.0028763197708249 0.0028339459025038 0.0027804753203989 0.0027204719617557 0.0026522185185609 0.0025847272491577 0.002519656385302 0.0024467621890612 0.0023673615860228 0.0023104450034233 0.0022468774905672
0.0019725423555815 0.0016137539449862 0.0020085627480889 0.0023154383215353 0.0025233346032567 0.0026716142909453 0.0027650860800658 0.0028175096111763 0.0028373753968973 0.0028339459025038 0.0028121133787856 0.0027759105657326 0.0027311497917068 0.0026761442442177 0.0026198566880567 0.0025643196916191 0.0024996570841591 0.0024266919759841 0.002375705880167 0.0023168434007661
0.0018569148263453 0.0014852278962601 0.0018636461115999 0.0021669633884524 0.0023819923998755 0.0025434339721691 0.0026539362048095 0.0027254782549021 0.0027649087380231 0.0027804753203989 0.0027759105657326 0.0027564688683683 0.0027258998353338 0.0026837044881882 0.0026384330930079 0.0025925737246652 0.0025362865984502 0.0024701947557636 0.002425502765249 0.0023718716062533
0.0017649735046973 0.0013740093677378 0.0017365587213648 0.0020350156826809 0.0022540044939998 0.0024243216773214 0.0025473952883845 0.0026338032688421 0.002689054160341 0.0027204719617557 0.0027311497917068 0.0027258998353338 0.0027152866124971 0.0026780826846497 0.0026432617747329 0.0026068501366579 0.0025587965493778 0.0024997134375199 0.0024614964458191 0.0024134149407816
0.0016804462970163 0.001277942337576 0.0016227766691451 0.0019139307053687 0.0021338892694852 0.0023099069646404 0.002442029679584 0.0025397287883479 0.0026075639388541 0.0026522185185609 0.0026761442442177 0.0026837044881882 0.0026780826846497 0.0026651283076266 0.0026343244361603 0.0026072082061507 0.0025673346310351 0.0025154074693897 0.0024838369610773 0.0024415656783494
0.0015892567908598 0.0011991326573251 0.0015262967956945 0.0018078958925057 0.0020265448567061 0.0022056664084432 0.0023442984680089 0.0024509127056416 0.0025290730591789 0.0025847272491577 0.0026198566880567 0.0026384330930079 0.0026432617747329 0.0026343244361603 0.002618889855563 0.002600295844744 0.0025680948743947 0.0025229766499056 0.0024979221209873 0.0024614060764812
0.0014658016991013 0.0011093059340499 0.0014328491615216 0.0017105226757804 0.0019296948914469 0.0021115900956352 0.0022552613721071 0.0023687024257985 0.0024549851346363 0.002519656385302 0.0025643196916191 0.0025925737246652 0.0026068501366579 0.0026072082061507 0.002600295844744 0.0026079151931811 0.0025653399376907 0.0025269365125287 0.0025083109336395 0.002477526842752
0.0014421011052536 0.0010607000126686 0.0013601271343797 0.0016245459401288 0.001836455560076 0.0020168213581525 0.0021629091722311 0.0022814230169401 0.002374414660535 0.0024467621890612 0.0024996570841591 0.0025362865984502 0.0025587965493778 0.0025673346310351 0.0025680948743947 0.0025653399376907 0.0025568548273452 0.0025151584989726 0.0025026713449369 0.0024774170369684
0.0013739039236245 0.0010000577904311 0.0012860788532881 0.0015403200099136 0.0017475941588587 0.00192547601982 0.0020715260918137 0.0021923076455906 0.0022894683116649 0.0023673615860228 0.0024266919759841 0.0024701947557636 0.0024997134375199 0.0025154074693897 0.0025229766499056 0.0025269365125287 0.0025151584989726 0.0024993906090083 0.0024818037411543 0.0024616978672031
0.0013356184034529 0.00094974499207726 0.0012222830350272 0.0014698523240115 0.0016748627451074 0.0018527887587862 0.0020010578830455 0.0021254793462702 0.0022272371409086 0.0023104450034233 0.002375705880167 0.002425502765249 0.0024614964458191 0.0024838369610773 0.0024979221209873 0.0025083109336395 0.0025026713449369 0.0024818037411543 0.002480752923952 0.0024658910699005
0.0012879250796399 0.00090705312824595 0.0011657490255911 0.0014053311896804 0.0016059769632695 0.0017814409704494 0.0019293983722197 0.0020552296603119 0.0021597898778105 0.0022468774905672 0.0023168434007661 0.0023718716062533 0.0024134149407816 0.0024415656783494 0.0024614060764812 0.002477526842752 0.0024774170369684 0.0024616978672031 0.0024658910699005 0.0024576988248138
