0.0027928745908874 0.0019193455057096 0.0018535176992189 0.0018162381796755 0.0017770003067106 0.0017330957642801 0.0016862857708471 0.0016393938707442 0.0015949689338066 0.0015555732327602
0.0019193455057096 0.0014531772296999 0.0015066273063268 0.0015726287319653 0.0016313065965949 0.0016805292181129 0.0017207268669427 0.0017529770110212 0.0017780774657239 0.0017968998895712
0.0018535176992189 0.0015066273063268 0.0016409590907803 0.0017847542137721 0.0019191130640545 0.0020416284147668 0.0021522446242177 0.0022515903907553 0.0023401003708328 0.0024183470303555
0.0018162381796755 0.0015726287319653 0.0017847542137721 0.0020052752418802 0.0022155305291124 0.0024126463637303 0.0025960314872684 0.0027658730139878 0.0029222707567823 0.0030655323680733
0.0017770003067106 0.0016313065965949 0.0019191130640545 0.0022155305291124 0.0025017876395919 0.0027743807674956 0.0030320956722625 0.0032746203327179 0.0035016828981854 0.0037132913737751
0.0017330957642801 0.0016805292181129 0.0020416284147668 0.0024126463637303 0.0027743807674956 0.0031225468372462 0.0034552194928311 0.003771529002374 0.0040707892894882 0.0043526710363124
0.0016862857708471 0.0017207268669427 0.0021522446242177 0.0025960314872684 0.0030320956722625 0.0034552194928311 0.003862688013854 0.0042530180843453 0.0046250739805555 0.0049781546116516
0.0016393938707442 0.0017529770110212 0.0022515903907553 0.0027658730139878 0.0032746203327179 0.003771529002374 0.0042530180843453 0.0047169497569443 0.0051617016535483 0.0055861723791123
0.0015949689338066 0.0017780774657239 0.0023401003708328 0.0029222707567823 0.0035016828981854 0.0040707892894882 0.0046250739805555 0.0051617016535483 0.0056785388702198 0.0061740568556296
0.0015555732327602 0.0017968998895712 0.0024183470303555 0.0030655323680733 0.0037132913737751 0.0043526710363124 0.0049781546116516 0.0055861723791123 0.0061740568556296 0.0067398431239247
