0 -3.0021741214499 -0.0020118157806881 -3.0555410534548 0.11429327860486 -3.0253949210093 0.13344258375703 -2.9859620932351 0.15631261717864 -2.9860883682338
3.0021741214499 0 3.1362436274208 -0.037277216189655 -3.1383082894434 0.0024584695052581 -3.1023019807164 0.075516188003421 -3.0465461224848 0.11555933604613
0.0020118157806881 -3.1362436274208 0 3.0872229037635 -0.046178205383104 3.1004940797681 -0.040260146086992 3.1121211102235 -0.032070592387129 3.106012215022
3.0555410534548 0.037277216189655 -3.0872229037635 0 3.136539625619 0.0024310694520311 -3.131988114906 0.012458549074021 -3.1312778855839 0.0058523665327156
-0.11429327860486 3.1383082894434 0.046178205383104 -3.136539625619 0 -3.1360502097883 0.0063165024243202 -3.1305300534585 0.010631332841758 -3.133069969991
3.0253949210093 -0.0024584695052581 -3.1004940797681 -0.0024310694520311 3.1360502097883 0 -3.1399058018918 0.0054886898555762 -3.1352332461309 0.0065994565928069
-0.13344258375703 3.1023019807164 0.040260146086992 3.131988114906 -0.0063165024243202 3.1399058018918 0 -3.1388017180622 0.0032337945825875 -3.1376485404729
2.9859620932351 -0.075516188003421 -3.1121211102235 -0.012458549074021 3.1305300534585 -0.0054886898555762 3.1388017180622 0 -3.141055932232 0.0014230157184973
-0.15631261717864 3.0465461224848 0.032070592387129 3.1312778855839 -0.010631332841758 3.1352332461309 -0.0032337945825875 3.141055932232 0 -3.1407484977164
2.9860883682338 -0.11555933604613 -3.106012215022 -0.0058523665327156 3.133069969991 -0.0065994565928069 3.1376485404729 -0.0014230157184973 3.1407484977164 0
