-0.018320346678142 0.0037364153792419 -0.002557526592108 0.0021963771414092 -0.0016778527763451 0.0014612266127829 -0.0012306472192928 0.0010809426480963 -0.00098085730308483 0.00091343374196731
0.0037364153792419 -0.011289118836403 0.0036916936698544 -0.0026255938732959 0.0020706973591631 -0.0017481642852312 0.0014770603962099 -0.0012738383869331 0.0011279799123944 -0.0010136928165131
-0.002557526592108 0.0036916936698544 -0.0089160304997669 0.0044649441822032 -0.0033356803901448 0.002678710020271 -0.0022773057492827 0.0019979423023687 -0.0018044283424161 0.0016495805251868
0.0021963771414092 -0.0026255938732959 0.0044649441822032 -0.0070237489265788 0.0047284399905895 -0.0037827831377297 0.0031947008513132 -0.0027479377512366 0.0024285987623931 -0.0021862856438795
-0.0016778527763451 0.0020706973591631 -0.0033356803901448 0.0047284399905895 -0.0054210172400322 0.004484822545362 -0.0038558709894112 0.0033610021183767 -0.0029827957894994 0.0026918562116613
0.0014612266127829 -0.0017481642852312 0.002678710020271 -0.0037827831377297 0.004484822545362 -0.0046087304394631 0.0041703342566258 -0.0037338610266273 0.0033688816027862 -0.0030655747933154
-0.0012306472192928 0.0014770603962099 -0.0022773057492827 0.0031947008513132 -0.0038558709894112 0.0041703342566258 -0.0041560312372044 0.0038875656847927 -0.0036017980223224 0.0033362867399454
0.0010809426480963 -0.0012738383869331 0.0019979423023687 -0.0027479377512366 0.0033610021183767 -0.0037338610266273 0.0038875656847927 -0.0038098478819939 0.0036395297243719 -0.0034444463641675
-0.00098085730308483 0.0011279799123944 -0.0018044283424161 0.0024285987623931 -0.0029827957894994 0.0033688816027862 -0.0036017980223224 0.0036395297243719 -0.0035719649199414 0.0034514264749777
0.00091343374196731 -0.0010136928165131 0.0016495805251868 -0.0021862856438795 0.0026918562116613 -0.0030655747933154 0.0033362867399454 -0.0034444463641675 0.0034514264749777 -0.0033959600454492
