0.00018063664144115 0.00092621493118329 0.00099275160626082 0.00084840163420777 0.00069910257737364 0.00061721695965065 0.00057256045768137 0.0005498777268298 0.00052892969917803 0.00051147775472018
0.00092621493118329 0.00041584452929119 0.00028583789553051 0.00024111412896868 0.00020163326672895 0.00017968523635341 0.00016638029850363 0.00015743562699499 0.00015112024719716 0.00014560192380829
0.00099275160626082 0.00028583789553051 0.00039941056973339 0.00025771771976695 0.00021753453600795 0.00019620316541911 0.0001804433565777 0.00017398798646482 0.00016719853359391 0.00016163892121573
0.00084840163420777 0.00024111412896868 0.00025771771976695 0.00030144647897033 0.00021564650147213 0.00019553655874231 0.00017797880547122 0.00016498552928778 0.00015449368187247 0.00014623908892224
0.00069910257737364 0.00020163326672895 0.00021753453600795 0.00021564650147213 0.00021976942061477 0.00017928923519828 0.0001598268869699 0.00014575729433416 0.00013502047676677 0.00012714910147968
0.00061721695965065 0.00017968523635341 0.00019620316541911 0.00019553655874231 0.00017928923519828 0.00017333944709018 0.00015343102718028 0.00013922625762114 0.00012843594419738 0.00012035695590211
0.00057256045768137 0.00016638029850363 0.0001804433565777 0.00017797880547122 0.0001598268869699 0.00015343102718028 0.00014316507042394 0.00013366676873838 0.00012547604875485 0.00011891229482491
0.0005498777268298 0.00015743562699499 0.00017398798646482 0.00016498552928778 0.00014575729433416 0.00013922625762114 0.00013366676873838 0.00013007013225536 0.00012510017214408 0.00012042878031919
0.00052892969917803 0.00015112024719716 0.00016719853359391 0.00015449368187247 0.00013502047676677 0.00012843594419738 0.00012547604875485 0.00012510017214408 0.00012295328672948 0.00012014871168439
0.00051147775472018 0.00014560192380829 0.00016163892121573 0.00014623908892224 0.00012714910147968 0.00012035695590211 0.00011891229482491 0.00012042878031919 0.00012014871168439 0.00011890173717913
