-0.012276863887983 0.0026004671196583 -0.0023465417650031 0.001497916556912 -0.0014720493876505 0.0012273144890083 -0.0010518646784824 0.00093486479283705 -0.00083345142432327 0.00073978573279715
0.0026004671196583 -0.0090530904400986 0.0025596451239478 -0.0019188014953554 0.0017346476066152 -0.0014103137162522 0.0011999975494 -0.0011074500706677 0.0010248758085771 -0.00093012212091121
-0.0023465417650031 0.0025596451239478 -0.0077185049531151 0.0033315443677807 -0.0024197718620942 0.0019426278999237 -0.0016749546676317 0.0014655398163991 -0.0012843257234038 0.0011370840273686
0.001497916556912 -0.0019188014953554 0.0033315443677807 -0.0058784873853718 0.0033710270836958 -0.0025948684115742 0.0021778498031054 -0.0019071331544466 0.0017059587035748 -0.0015304512447642
-0.0014720493876505 0.0017346476066152 -0.0024197718620942 0.0033710270836958 -0.0044679516468761 0.0032478772832793 -0.0026581032499658 0.0022769639461656 -0.0020173301246677 0.0018138917510333
0.0012273144890083 -0.0014103137162522 0.0019426278999237 -0.0025948684115742 0.0032478772832793 -0.0036519974940922 0.0030914322200674 -0.0026996587524643 0.0024005066978369 -0.0021618661384001
-0.0010518646784824 0.0011999975494 -0.0016749546676317 0.0021778498031054 -0.0026581032499658 0.0030914322200674 -0.003111371301275 0.0028361123730508 -0.002575481405403 0.0023478893326727
0.00093486479283705 -0.0011074500706677 0.0014655398163991 -0.0019071331544466 0.0022769639461656 -0.0026996587524643 0.0028361123730508 -0.0028115479647346 0.0026526013763031 -0.0024755135692615
-0.00083345142432327 0.0010248758085771 -0.0012843257234038 0.0017059587035748 -0.0020173301246677 0.0024005066978369 -0.002575481405403 0.0026526013763031 -0.0026073504147911 0.0025002182347891
0.00073978573279715 -0.00093012212091121 0.0011370840273686 -0.0015304512447642 0.0018138917510333 -0.0021618661384001 0.0023478893326727 -0.0024755135692615 0.0025002182347891 -0.0024584578520665
