-0.012634288964963 0.0010738064124299 -0.00083589004252167 0.00039784930701458 -0.00030308926216035 0.00023139978104258 -0.0001532716361421 0.0001120129745464 -7.5209028973614e-05 5.1113955900255e-05
0.0010738064124299 -0.0084091790854939 0.0022639898091255 -0.0015885214290792 0.0011854859012513 -0.00093879385389136 0.00074749260235414 -0.00060236198476632 0.00049426501093789 -0.00041852327853219
-0.00083589004252167 0.0022639898091255 -0.0058484336037631 0.0031003338668637 -0.0023039157547663 0.0018190217168099 -0.0015242012821975 0.0013155007573614 -0.0011493905534375 0.0010210908858763
0.00039784930701458 -0.0015885214290792 0.0031003338668637 -0.0039549224722 0.0030150576297066 -0.0024458287703344 0.0020505050259675 -0.0017716704204189 0.001557653214925 -0.0013844923523698
-0.00030308926216035 0.0011854859012513 -0.0023039157547663 0.0030150576297066 -0.0032188504023788 0.0028092067816183 -0.0024458630424397 0.002161296513449 -0.0019328964235255 0.0017445628110678
0.00023139978104258 -0.00093879385389136 0.0018190217168099 -0.0024458287703344 0.0028092067816183 -0.0027490160315567 0.0025101441661039 -0.0022846756432973 0.0020857967738332 -0.0019129230982819
-0.0001532716361421 0.00074749260235414 -0.0015242012821975 0.0020505050259675 -0.0024458630424397 0.0025101441661039 -0.0024159418389537 0.0022695898650343 -0.0021197525472304 0.0019779749184144
0.0001120129745464 -0.00060236198476632 0.0013155007573614 -0.0017716704204189 0.002161296513449 -0.0022846756432973 0.0022695898650343 -0.0021955124288123 0.0020948764780919 -0.0019870471308275
-7.5209028973614e-05 0.00049426501093789 -0.0011493905534375 0.001557653214925 -0.0019328964235255 0.0020857967738332 -0.0021197525472304 0.0020948764780919 -0.002038144317939 0.0019631433123945
5.1113955900255e-05 -0.00041852327853219 0.0010210908858763 -0.0013844923523698 0.0017445628110678 -0.0019129230982819 0.0019779749184144 -0.0019870471308275 0.0019631433123945 -0.0019161226924601
