-0.00093570348133192 -0.0024610683783668 0.001817186134102 -0.0017685373299829 0.0013638524163952 -0.0011158240056767 0.00095025629945583 -0.00082796928939459 0.00073649018788014 -0.00067420983729231
-0.0024610683783668 -0.01797939948875 0.0044769257764529 -0.002950573026355 0.00069964787048069 0.00044487284152108 -0.001250206296979 0.0016832396731212 -0.0019299618282478 0.0020364977795056
0.001817186134102 0.0044769257764529 -0.012783029792763 0.0070446344766413 -0.0045784992888631 0.0028681439617976 -0.0019543129896851 0.0013677973622706 -0.0010153911789957 0.00079777403256766
-0.0017685373299829 -0.002950573026355 0.0070446344766413 -0.012228838909242 0.0095076341552086 -0.0075467360033005 0.0059988729799305 -0.0049804939908449 0.0041325141929074 -0.0034915821710308
0.0013638524163952 0.00069964787048069 -0.0045784992888631 0.0095076341552086 -0.010078201369295 0.0089261233923271 -0.0077434881508814 0.0067181436868369 -0.0057654671267622 0.0049688055722082
-0.0011158240056767 0.00044487284152108 0.0028681439617976 -0.0075467360033005 0.0089261233923271 -0.0089980708878902 0.0084050936639317 -0.0076475260977834 0.0067774427650874 -0.0059733353597492
0.00095025629945583 -0.001250206296979 -0.0019543129896851 0.0059988729799305 -0.0077434881508814 0.0084050936639317 -0.0084564885834223 0.0080739203821093 -0.0074399868856897 0.0067595384769981
-0.00082796928939459 0.0016832396731212 0.0013677973622706 -0.0049804939908449 0.0067181436868369 -0.0076475260977834 0.0080739203821093 -0.0080185102405635 0.0076353294379397 -0.007130140573972
0.00073649018788014 -0.0019299618282478 -0.0010153911789957 0.0041325141929074 -0.0057654671267622 0.0067774427650874 -0.0074399868856897 0.0076353294379397 -0.0074999883708401 0.007192893044784
-0.00067420983729231 0.0020364977795056 0.00079777403256766 -0.0034915821710308 0.0049688055722082 -0.0059733353597492 0.0067595384769981 -0.007130140573972 0.007192893044784 -0.0070646849418409
