0.00044395350844886 0.00038004611747405 0.00032816093857193 0.00028653186062385 0.00024071320104767 0.00022037380292468 0.00020900808502484 0.00020237715455087 0.00019673508567038 0.00019171218813214
0.00038004611747405 0.00032379626555278 0.00027785219212728 0.00024056829060977 0.00020422259959609 0.00018860465083337 0.00017907630847925 0.00017153318576698 0.00016672267193813 0.00016211726533228
0.00032816093857193 0.00027785219212728 0.00024805187970853 0.00021411091896989 0.00018209325708965 0.000165297433192 0.00015719197206217 0.00015188431723334 0.00014766383466206 0.00014365390172806
0.00028653186062385 0.00024056829060977 0.00021411091896989 0.00018602386700202 0.00015900459990098 0.00014649399994319 0.00014092851032263 0.00013610188505271 0.00013235362344545 0.00012906835417131
0.00024071320104767 0.00020422259959609 0.00018209325708965 0.00015900459990098 0.00013900610704846 0.00013118166745706 0.00012762799335143 0.00012385147340982 0.00012089508090905 0.00011804524719652
0.00022037380292468 0.00018860465083337 0.000165297433192 0.00014649399994319 0.00013118166745706 0.00012425572564968 0.00012079978322083 0.00011741096533855 0.00011486449525393 0.00011225180181998
0.00020900808502484 0.00017907630847925 0.00015719197206217 0.00014092851032263 0.00012762799335143 0.00012079978322083 0.00011684799493266 0.00011378997820375 0.00011157150575133 0.000109267063671
0.00020237715455087 0.00017153318576698 0.00015188431723334 0.00013610188505271 0.00012385147340982 0.00011741096533855 0.00011378997820375 0.00011131884353197 0.00010956229511326 0.00010759961563445
0.00019673508567038 0.00016672267193813 0.00014766383466206 0.00013235362344545 0.00012089508090905 0.00011486449525393 0.00011157150575133 0.00010956229511326 0.00010813854532112 0.00010645925879364
0.00019171218813214 0.00016211726533228 0.00014365390172806 0.00012906835417131 0.00011804524719652 0.00011225180181998 0.000109267063671 0.00010759961563445 0.00010645925879364 0.0001050251245907
