1.2230946999507e-05 5.5868009681454e-05 6.2972658069632e-05 5.9966096189632e-05 5.4017343676448e-05 4.7153399263857e-05 4.2504160744038e-05 3.9126543890256e-05 3.7070470617941e-05 3.6165728612921e-05
5.5868009681454e-05 0.0002514845429601 0.00028179532182259 0.00027430142733811 0.00024136797887834 0.00020779941151791 0.00018733318320368 0.00016857936012346 0.00015940553255166 0.0001533245026073
6.2972658069632e-05 0.00028179532182259 0.000317966036968 0.00028410209435583 0.00026667346713294 0.00022638905347702 0.0002132742581893 0.00019706076924551 0.00018342991247309 0.00017670907325958
5.9966096189632e-05 0.00027430142733811 0.00028410209435583 0.00029318485156547 0.00026686865290839 0.00023935518207593 0.00021992867777 0.00020281717094128 0.00018994222713139 0.00018196105604234
5.4017343676448e-05 0.00024136797887834 0.00026667346713294 0.00026686865290839 0.0002187879438272 0.00020928546161928 0.00019454898194007 0.00017742209847776 0.00016508274331897 0.0001590450566494
4.7153399263857e-05 0.00020779941151791 0.00022638905347702 0.00023935518207593 0.00020928546161928 0.00018990492137386 0.00017349814788575 0.00015945929019537 0.00015069162045356 0.00014564918604327
4.2504160744038e-05 0.00018733318320368 0.0002132742581893 0.00021992867777 0.00019454898194007 0.00017349814788575 0.00015287993094016 0.00014174255387519 0.00013474652219522 0.00013180628137942
3.9126543890256e-05 0.00016857936012346 0.00019706076924551 0.00020281717094128 0.00017742209847776 0.00015945929019537 0.00014174255387519 0.00012981928263071 0.00012403312207069 0.00012191649229916
3.7070470617941e-05 0.00015940553255166 0.00018342991247309 0.00018994222713139 0.00016508274331897 0.00015069162045356 0.00013474652219522 0.00012403312207069 0.00011898522221338 0.00011732073047151
3.6165728612921e-05 0.0001533245026073 0.00017670907325958 0.00018196105604234 0.0001590450566494 0.00014564918604327 0.00013180628137942 0.00012191649229916 0.00011732073047151 0.00011596401250633
