0.00034840622203686 0.00042446051240091 0.00046999608198194 0.00036279363659923 0.00029874211972825 0.00025728328907438 0.00022402087930211 0.00021001375905936 0.00019658012416383 0.00018822594286189
0.00042446051240091 0.00061945603706594 0.00058350579528092 0.00048748863671262 0.0003979570239911 0.00032469017826389 0.00030850096684948 0.00027901252501834 0.00025457250650159 0.00023624254652325
0.00046999608198194 0.00058350579528092 0.00061028975911089 0.00048536051782791 0.00048411245941743 0.0003721066613411 0.00033512977360477 0.00031216381709408 0.00029021918019435 0.00027569436074207
0.00036279363659923 0.00048748863671262 0.00048536051782791 0.00033279788258294 0.00033150969226201 0.00027330515888211 0.00026270226224266 0.00023988667049207 0.00021652434236 0.00019930518872607
0.00029874211972825 0.0003979570239911 0.00048411245941743 0.00033150969226201 0.00032189172936182 0.00025782346558602 0.00023612063578371 0.00021396479340313 0.0001929218489441 0.00018007043614755
0.00025728328907438 0.00032469017826389 0.0003721066613411 0.00027330515888211 0.00025782346558602 0.00021100250904423 0.00019722432436987 0.00018200854844464 0.0001650818241797 0.00015338860391847
0.00022402087930211 0.00030850096684948 0.00033512977360477 0.00026270226224266 0.00023612063578371 0.00019722432436987 0.00017462173565158 0.00016143006426362 0.00014418046299184 0.00013380437265498
0.00021001375905936 0.00027901252501834 0.00031216381709408 0.00023988667049207 0.00021396479340313 0.00018200854844464 0.00016143006426362 0.00014757851727969 0.00012915636656274 0.00011817430418843
0.00019658012416383 0.00025457250650159 0.00029021918019435 0.00021652434236 0.0001929218489441 0.0001650818241797 0.00014418046299184 0.00012915636656274 0.00011259229527903 0.00010339682114043
0.00018822594286189 0.00023624254652325 0.00027569436074207 0.00019930518872607 0.00018007043614755 0.00015338860391847 0.00013380437265498 0.00011817430418843 0.00010339682114043 9.5324550534207e-05
