0 -3.1045977234375 0.027916268003642 -3.1056293433387 -0.017543918602263 3.1128821159167 -0.043063549676574 3.0944187977241 -0.053207931320662 3.087207881533
3.1045977234375 0 -3.129302621352 -0.058512699729054 3.0754234716247 -0.046213415068592 3.0904202962504 -0.057701333322366 3.0692774358975 -0.085075838146011
-0.027916268003642 3.129302621352 0 3.1062551973775 -0.042972306101324 3.1002249366406 -0.044374049489873 3.0953395256092 -0.047104706906064 3.0959407977226
3.1056293433387 0.058512699729054 -3.1062551973775 0 -3.1355834459112 0.013543270647451 -3.1241021713343 0.023578586892433 -3.1121352409001 0.035693048821414
0.017543918602263 -3.0754234716247 0.042972306101324 3.1355834459112 0 -3.1328656229725 0.014323541976764 -3.1194235657678 0.030107464125704 -3.1036420250871
-3.1128821159167 0.046213415068592 -3.1002249366406 -0.013543270647451 3.1328656229725 0 -3.1358334639313 0.013530310900586 -3.1205791297988 0.028397498831288
0.043063549676574 -3.0904202962504 0.044374049489873 3.1241021713343 -0.014323541976764 3.1358334639313 0 -3.1340123392863 0.01414751848332 -3.1210652080159
-3.0944187977241 0.057701333322366 -3.0953395256092 -0.023578586892433 3.1194235657678 -0.013530310900586 3.1340123392863 0 -3.1359779431951 0.010873858630293
0.053207931320662 -3.0692774358975 0.047104706906064 3.1121352409001 -0.030107464125704 3.1205791297988 -0.01414751848332 3.1359779431951 0 -3.1365355033266
-3.087207881533 0.085075838146011 -3.0959407977226 -0.035693048821414 3.1036420250871 -0.028397498831288 3.1210652080159 -0.010873858630293 3.1365355033266 0
