3.1415926535898 0.97896103748931 2.7861283879283 2.2888482768747 -2.6575276227459 0.51432383703313 -2.3818690041377 0.84337075973264 -2.3647534523271 0.77063012533167
-0.97896103748931 3.1415926535898 -0.36605341830395 -1.7273660767305 1.1830053253011 2.3854656792004 0.29100102454535 3.0101962463459 -0.30806399454746 2.6327643988852
-2.7861283879283 0.36605341830395 3.1415926535898 -0.23324256992506 -3.0928616613257 -0.013415099474227 -2.9377297504546 0.38288016147264 -2.7226389543181 0.47101938732199
-2.2888482768747 1.7273660767305 0.23324256992506 3.1415926535898 0.040088938197876 -3.042380596172 0.18253699641132 -2.9172954179681 0.25119656385955 -2.878703574343
2.6575276227459 -1.1830053253011 3.0928616613257 -0.040088938197876 3.1415926535898 0.09384632149 -2.991454076873 0.13450802940998 -2.9957142607376 0.14140108383903
-0.51432383703313 -2.3854656792004 0.013415099474227 3.042380596172 -0.09384632149 3.1415926535898 0.044087421738666 -3.0928548160185 0.039513598171714 -3.1069295969622
2.3818690041377 -0.29100102454535 2.9377297504546 -0.18253699641132 2.991454076873 -0.044087421738666 3.1415926535898 0.0087118478150169 3.1413497738681 -0.0082601656124704
-0.84337075973264 -3.0101962463459 -0.38288016147264 2.9172954179681 -0.13450802940998 3.0928548160185 -0.0087118478150169 3.1415926535898 -0.0050128261564702 3.1380683366421
2.3647534523271 0.30806399454746 2.7226389543181 -0.25119656385955 2.9957142607376 -0.039513598171714 -3.1413497738681 0.0050128261564702 3.1415926535898 0.0016051910137112
-0.77063012533167 -2.6327643988852 -0.47101938732199 2.878703574343 -0.14140108383903 3.1069295969622 0.0082601656124704 -3.1380683366421 -0.0016051910137112 3.1415926535898
