0.00079118717155987 0.00086379449900514 0.0006380627588701 0.00067971471803669 0.00070946858840879 0.0006032257118309 0.00055074222349684 0.00051666400523655 0.00047363942680763 0.00042996641876918
0.00086379449900514 0.0006600129005163 0.00067074478020181 0.00067810009181278 0.00065949017095277 0.00056206487723609 0.00050599933507638 0.00048162643233907 0.00046231663997886 0.00043415642285949
0.0006380627588701 0.00067074478020181 0.00056831546102405 0.00062793663675226 0.0005499851515409 0.00049519648308383 0.00045927210486171 0.00042139615139909 0.00039864036976206 0.000371362750735
0.00067971471803669 0.00067810009181278 0.00062793663675226 0.00052445967231755 0.00057363032363211 0.00048704219643874 0.00051426289725535 0.00048234475308371 0.00044820555019636 0.00042326567356621
0.00070946858840879 0.00065949017095277 0.0005499851515409 0.00057363032363211 0.00051996961322618 0.00043049181009864 0.00047860864192774 0.00046007123167121 0.00042922936633543 0.00040013939041717
0.0006032257118309 0.00056206487723609 0.00049519648308383 0.00048704219643874 0.00043049181009864 0.0003659164854868 0.000394353419719 0.00038134779069592 0.00036468252186372 0.00034637134222039
0.00055074222349684 0.00050599933507638 0.00045927210486171 0.00051426289725535 0.00047860864192774 0.000394353419719 0.00048626511799709 0.00046218531460832 0.00043924501666607 0.00041632531754957
0.00051666400523655 0.00048162643233907 0.00042139615139909 0.00048234475308371 0.00046007123167121 0.00038134779069592 0.00046218531460832 0.00043407281081895 0.00041373972104793 0.00039233627936495
0.00047363942680763 0.00046231663997886 0.00039864036976206 0.00044820555019636 0.00042922936633543 0.00036468252186372 0.00043924501666607 0.00041373972104793 0.0003954557277304 0.00037606061757427
0.00042996641876918 0.00043415642285949 0.000371362750735 0.00042326567356621 0.00040013939041717 0.00034637134222039 0.00041632531754957 0.00039233627936495 0.00037606061757427 0.00035705312180298
