0.017458772230935 0.011104390405923 0.0109350542538 0.011215795662017 0.011599514119112 0.012002254996639 0.012394940153575 0.012766324652869 0.013111877219409 0.013430121728748 0.013720925316507 0.013984666892025 0.014222536884822 0.014435129586238 0.014624296920392 0.014790589802944 0.014935461869523 0.015060108283218 0.015164162759287 0.01525324063982
0.011104390405923 0.0070632517843983 0.0069559909545757 0.0071350595477432 0.0073796918759102 0.0076364780985352 0.0078869277784005 0.0081238873800409 0.0083444674686621 0.0085477276434939 0.0087335776800159 0.0089022585532472 0.0090545233911392 0.0091907496144458 0.0093121090334252 0.009418949797514 0.0095121967741715 0.0095925980640152 0.0096599240034614 0.0097177346608461
0.0109350542538 0.0069559909545757 0.0068508012656255 0.0070276413861708 0.0072691117394797 0.0075226073208578 0.0077699214045447 0.0080040088237898 0.008222017777534 0.0084230205312965 0.008606924824562 0.0087739687653327 0.00892488657102 0.0090600484224251 0.0091806025454653 0.0092868910006335 0.0093798214608107 0.0094601204391614 0.0095275662935157 0.0095856542839518
0.011215795662017 0.0071350595477432 0.0070276413861708 0.0072095753802397 0.0074578707736755 0.0077185691262015 0.0079729893951615 0.0082139083057732 0.0084383973636346 0.0086454966044657 0.0088351105618096 0.0090074905091118 0.0091633733819544 0.009303137363949 0.0094279568590247 0.0095381785374837 0.0096347273807007 0.009718344982778 0.009788808086959 0.0098496831159535
0.011599514119112 0.0073796918759102 0.0072691117394797 0.0074578707736755 0.0077153510546374 0.0079857370669885 0.0082497082962021 0.0084997927989414 0.0087329526171931 0.0089481906149832 0.0091454048144127 0.0093248565274274 0.0094872974052242 0.0096331152306793 0.0097635184321761 0.0098788650353239 0.0099801065888061 0.01006800058249 0.010142318903317 0.010206738364512
0.012002254996639 0.0076364780985352 0.0075226073208578 0.0077185691262015 0.0079857370669885 0.0082663569273822 0.0085404260341809 0.0088002142847676 0.0090425685736185 0.0092664500975456 0.0094717473068754 0.0096587376330333 0.0098281808853923 0.0099804756560955 0.010116868178187 0.010237724006294 0.01034402102808 0.010436540183758 0.010515045210086 0.010583323458165
0.012394940153575 0.0078869277784005 0.0077699214045447 0.0079729893951615 0.0082497082962021 0.0085404260341809 0.0088244878785864 0.0090938982509128 0.0093453903207174 0.009577889785826 0.0097912723743636 0.0099858216313059 0.010162314178331 0.010321156135824 0.010463626313947 0.010590103684032 0.010701588701105 0.01079887952671 0.010881730376051 0.010954042439055
0.012766324652869 0.0081238873800409 0.0080040088237898 0.0082139083057732 0.0084997927989414 0.0088002142847676 0.0090938982509128 0.0093726099511281 0.0096329563082715 0.009873835855382 0.010095110168391 0.010297064000137 0.010480492585328 0.010645807298686 0.010794316191661 0.01092640885353 0.011043112911681 0.011145233449089 0.01123251710966 0.011308970934737
0.013111877219409 0.0083444674686621 0.008222017777534 0.0084383973636346 0.0087329526171931 0.0090425685736185 0.0093453903207174 0.0096329563082715 0.0099017792202732 0.010150692888095 0.010379572523462 0.0105886968209 0.010778874274584 0.010950520322237 0.011104969965805 0.011242617981099 0.011364513287911 0.011471474038196 0.011563236283773 0.011643896738211
0.013430121728748 0.0085477276434939 0.0084230205312965 0.0086454966044657 0.0089481906149832 0.0092664500975456 0.009577889785826 0.009873835855382 0.010150692888095 0.010407289298721 0.010643456390433 0.010859481680468 0.011056187952509 0.011233993964063 0.011394256274802 0.011537375541405 0.011664419358017 0.01177621409819 0.011872483786393 0.011957408026573
0.013720925316507 0.0087335776800159 0.008606924824562 0.0088351105618096 0.0091454048144127 0.0094717473068754 0.0097912723743636 0.010095110168391 0.010379572523462 0.010643456390433 0.010886601075949 0.011109243968425 0.011312258213986 0.011496051652508 0.01166199617683 0.011810498302731 0.011942637759519 0.012059248977077 0.012160047115725 0.012249270319949
0.013984666892025 0.0089022585532472 0.0087739687653327 0.0090074905091118 0.0093248565274274 0.0096587376330333 0.0099858216313059 0.010297064000137 0.0105886968209 0.010859481680468 0.011109243968425 0.011338245421794 0.011547332640771 0.011736921805797 0.011908402879759 0.012062178780547 0.012199341370459 0.012320733773723 0.012426061382438 0.012519625699131
0.014222536884822 0.0090545233911392 0.00892488657102 0.0091633733819544 0.0094872974052242 0.0098281808853923 0.010162314178331 0.010480492585328 0.010778874274584 0.011056187952509 0.011312258213986 0.011547332640771 0.011762272632477 0.011957477283401 0.012134355180284 0.01229330633969 0.012435430669613 0.012561573246674 0.012671439149559 0.012769369853592
0.014435129586238 0.0091907496144458 0.0090600484224251 0.009303137363949 0.0096331152306793 0.0099804756560955 0.010321156135824 0.010645807298686 0.010950520322237 0.011233993964063 0.011496051652508 0.011736921805797 0.011957477283401 0.012158113936076 0.012340241207485 0.012504259030218 0.012651271954988 0.012782130347126 0.012896530777824 0.012998849902456
0.014624296920392 0.0093121090334252 0.0091806025454653 0.0094279568590247 0.0097635184321761 0.010116868178187 0.010463626313947 0.010794316191661 0.011104969965805 0.011394256274802 0.01166199617683 0.011908402879759 0.012134355180284 0.012340241207485 0.012527497044383 0.012696462342789 0.012848291587351 0.012983828267524 0.013102758496988 0.013209482097883
0.014790589802944 0.009418949797514 0.0092868910006335 0.0095381785374837 0.0098788650353239 0.010237724006294 0.010590103684032 0.01092640885353 0.011242617981099 0.011537375541405 0.011810498302731 0.012062178780547 0.01229330633969 0.012504259030218 0.012696462342789 0.012870298589429 0.013026863663839 0.013167029980751 0.013290470006783 0.013401605541498
0.014935461869523 0.0095121967741715 0.0093798214608107 0.0096347273807007 0.0099801065888061 0.01034402102808 0.010701588701105 0.011043112911681 0.011364513287911 0.011664419358017 0.011942637759519 0.012199341370459 0.012435430669613 0.012651271954988 0.012848291587351 0.013026863663839 0.013188108873012 0.013332859126236 0.013460789128973 0.013576344871084
0.015060108283218 0.0095925980640152 0.0094601204391614 0.009718344982778 0.01006800058249 0.010436540183758 0.01079887952671 0.011145233449089 0.011471474038196 0.01177621409819 0.012059248977077 0.012320733773723 0.012561573246674 0.012782130347126 0.012983828267524 0.013167029980751 0.013332859126236 0.013482154124151 0.013614541631088 0.01373451454585
0.015164162759287 0.0096599240034614 0.0095275662935157 0.009788808086959 0.010142318903317 0.010515045210086 0.010881730376051 0.01123251710966 0.011563236283773 0.011872483786393 0.012160047115725 0.012426061382438 0.012671439149559 0.012896530777824 0.013102758496988 0.013290470006783 0.013460789128973 0.013614541631088 0.01375138254031 0.013875734208689
0.01525324063982 0.0097177346608461 0.0095856542839518 0.0098496831159535 0.010206738364512 0.010583323458165 0.010954042439055 0.011308970934737 0.011643896738211 0.011957408026573 0.012249270319949 0.012519625699131 0.012769369853592 0.012998849902456 0.013209482097883 0.013401605541498 0.013576344871084 0.01373451454585 0.013875734208689 0.01400451300739
