-0.028460446596105 0.0053630937694358 -0.0034211677988553 0.0026485407024622 -0.002153528621662 0.0018778670379001 -0.0016378974303707 0.0014092399439964 -0.0012392306133953 0.0011104967489723
0.0053630937694358 -0.015185298901599 0.0060079829063925 -0.0041046356767848 0.003310688902488 -0.0028160352163533 0.0024006390793761 -0.0020755569930885 0.0018274559239597 -0.0016336258129039
-0.0034211677988553 0.0060079829063925 -0.011565319556632 0.00668933039606 -0.0049670825984318 0.0040356454131016 -0.003461164601714 0.0030151632275958 -0.00266691728129 0.0023925341022254
0.0026485407024622 -0.0041046356767848 0.00668933039606 -0.0083610556357609 0.0064599076727798 -0.005301669776992 0.0045387865599062 -0.0039675913431985 0.0035098922995555 -0.003133577985872
-0.002153528621662 0.003310688902488 -0.0049670825984318 0.0064599076727798 -0.00690137862801 0.0060027423470466 -0.0052870775709843 0.0046868460037008 -0.0041891082810142 0.0037691226617543
0.0018778670379001 -0.0028160352163533 0.0040356454131016 -0.005301669776992 0.0060027423470466 -0.0058916380725454 0.0054777455297725 -0.0050215940653417 0.0045904276554003 -0.0042012578763444
-0.0016378974303707 0.0024006390793761 -0.003461164601714 0.0045387865599062 -0.0052870775709843 0.0054777455297725 -0.0053955167689392 0.0051388447364855 -0.004826943068131 0.0045093164343501
0.0014092399439964 -0.0020755569930885 0.0030151632275958 -0.0039675913431985 0.0046868460037008 -0.0050215940653417 0.0051388447364855 -0.0050583813052172 0.0048747786566798 -0.0046475911801978
-0.0012392306133953 0.0018274559239597 -0.00266691728129 0.0035098922995555 -0.0041891082810142 0.0045904276554003 -0.004826943068131 0.0048747786566798 -0.0048028633195003 0.0046645610499425
0.0011104967489723 -0.0016336258129039 0.0023925341022254 -0.003133577985872 0.0037691226617543 -0.0042012578763444 0.0045093164343501 -0.0046475911801978 0.0046645610499425 -0.0046040084720408
