3.1415926535898 -1.9417964718871 -2.5437588002062 -0.2348056046132 -2.9608973655723 -0.49661664870988 2.2141203130545 -1.2036744720591 1.8564261979993 -1.336599538394
1.9417964718871 3.1415926535898 -0.019174067551641 3.1120162439394 -0.0066561226706551 3.1130254165108 0.097023638828862 3.091065709831 -0.11128520020518 3.0517323589913
2.5437588002062 0.019174067551641 3.1415926535898 -0.02573379102967 3.1131817341649 0.015964029304081 3.1308314256925 -0.058252903787132 3.0464635492772 -0.11713529420056
0.2348056046132 -3.1120162439394 0.02573379102967 3.1415926535898 -0.03399189463199 3.0941950091376 -0.082468470947915 3.0453804357217 -0.098409927009496 3.0474493201009
2.9608973655723 0.0066561226706551 -3.1131817341649 0.03399189463199 3.1415926535898 -0.0082936448848142 3.1170463801734 -0.033585961487705 3.1012260878933 -0.043913213417163
0.49661664870988 -3.1130254165108 -0.015964029304081 -3.0941950091376 0.0082936448848142 3.1415926535898 -0.0073622842064093 3.1290535945311 -0.018674525871876 3.1198096544734
-2.2141203130545 -0.097023638828862 -3.1308314256925 0.082468470947915 -3.1170463801734 0.0073622842064093 3.1415926535898 -0.0080096030538711 3.1260781219312 -0.019979943061127
1.2036744720591 -3.091065709831 0.058252903787132 -3.0453804357217 0.033585961487705 -3.1290535945311 0.0080096030538711 3.1415926535898 -0.0078721537072465 3.1290529732592
-1.8564261979993 0.11128520020518 -3.0464635492772 0.098409927009496 -3.1012260878933 0.018674525871876 -3.1260781219312 0.0078721537072465 3.1415926535898 -0.0048979554363495
1.336599538394 -3.0517323589913 0.11713529420056 -3.0474493201009 0.043913213417163 -3.1198096544734 0.019979943061127 -3.1290529732592 0.0048979554363495 3.1415926535898
