0.083281057324136 0.026954765339144 0.018099896878134 0.013140098070783 0.010091648945869 0.0080294556845869 0.0065505817352979 0.0054497464287844 0.0046069085761599 0.0039600272127793 0.0034620868918773 0.0030773077729416 0.0027804114203201 0.0025535604516245 0.0023739256753918 0.0022523879219587 0.0021103134196366 0.0020361285891138 0.0019681153735852 0.0019197630154597
0.026954765339144 0.025850147586191 0.019331211703048 0.01498340740909 0.011943878939705 0.0096851302187181 0.0079634199473681 0.006623641128103 0.0055639146420896 0.0047221428568315 0.0040521552164049 0.0035155508776106 0.0030845705492444 0.0027266621428854 0.0024477966468802 0.0022161835498105 0.0020277148036668 0.0018636995549486 0.0017284771669076 0.0016123836206986
0.018099896878134 0.019331211703048 0.018960498234435 0.016547074077914 0.014202171787813 0.012099913665408 0.010310285942479 0.0088157056586272 0.0075752990448803 0.0065490810621542 0.0057004371235775 0.0049968168731325 0.0044123226881859 0.0039192163460344 0.0035149400085071 0.0031728082177276 0.0028933306289591 0.0026348391400243 0.0024227480007171 0.0022757451226414
0.013140098070783 0.01498340740909 0.016547074077914 0.016044981444465 0.014736723110237 0.013189033219597 0.011680551153108 0.010310294994693 0.0091065738101334 0.0080668408447565 0.0071755722244448 0.0064133374154204 0.0057627559095948 0.0051991690458311 0.0047303744155153 0.004323168378632 0.0039798215449254 0.0036663823138484 0.0033973904421949 0.0031971368886713
0.010091648945869 0.011943878939705 0.014202171787813 0.014736723110237 0.014338013661764 0.013431284651095 0.012348572084454 0.011248789294837 0.010209351052629 0.0092615936175961 0.0084133829544936 0.0076614905234715 0.0069999145158763 0.0064126867094384 0.0059091895464094 0.0054637864901011 0.0050813081358014 0.0047264794380652 0.0044150567138608 0.0041694298218665
0.0080294556845869 0.0096851302187181 0.012099913665408 0.013189033219597 0.013431284651095 0.013096629297596 0.012459928738694 0.011687583001149 0.010879373981818 0.010089146734938 0.0093438313387174 0.0086551180093003 0.0080281724100169 0.0074570383755597 0.0069511355852185 0.0064956884275579 0.0060961881026024 0.0057194742125504 0.0053838945248445 0.0051079501188899
0.0065505817352979 0.0079634199473681 0.010310285942479 0.011680551153108 0.012348572084454 0.012459928738694 0.01221702233382 0.011763886715787 0.01120244113286 0.010596801102848 0.009985991352054 0.0093926945411625 0.0088312272692851 0.008304956951434 0.0078220317083149 0.0073788351500451 0.0069832691762782 0.0066012363643681 0.0062575770295146 0.0059661222303619
0.0054497464287844 0.006623641128103 0.0088157056586272 0.010310294994693 0.011248789294837 0.011687583001149 0.011763886715787 0.011592174204398 0.011264473849753 0.010846079477125 0.010381591728212 0.0099003564720604 0.0094231120967844 0.0089605366577085 0.008519681320635 0.0081063214817789 0.007731077270181 0.0073581980285785 0.007019982764293 0.0067261548539758
0.0046069085761599 0.0055639146420896 0.0075752990448803 0.0091065738101334 0.010209351052629 0.010879373981818 0.01120244113286 0.011264473849753 0.011143491529896 0.010900394173351 0.01058052893958 0.010216213858489 0.0098319962591202 0.0094434143108702 0.0090573857581269 0.0086860414990651 0.008343302740432 0.0079909531841986 0.0076688499187977 0.0073831931724266
0.0039600272127793 0.0047221428568315 0.0065490810621542 0.0080668408447565 0.0092615936175961 0.010089146734938 0.010596801102848 0.010846079477125 0.010900394173351 0.010813683828022 0.010628959983914 0.010378804400665 0.010089408298616 0.0097789718775113 0.0094550855852393 0.0091334517542243 0.008831276710586 0.008507910123033 0.0082098154298163 0.0079402671903297
0.0034620868918773 0.0040521552164049 0.0057004371235775 0.0071755722244448 0.0084133829544936 0.0093438313387174 0.009985991352054 0.010381591728212 0.01058052893958 0.010628959983914 0.010565941787757 0.010422534580058 0.010225013605946 0.009992523695356 0.0097337442371533 0.0094657761132788 0.0092088962533221 0.0089201773819566 0.0086515351725409 0.008403772018432
0.0030773077729416 0.0035155508776106 0.0049968168731325 0.0064133374154204 0.0076614905234715 0.0086551180093003 0.0093926945411625 0.0099003564720604 0.010216213858489 0.010378804400665 0.010422534580058 0.01037602135395 0.010264455997984 0.010106760225098 0.0099128827310334 0.0096997056721225 0.0094901745079021 0.009239465478176 0.0090036529773746 0.0087814751428059
0.0027804114203201 0.0030845705492444 0.0044123226881859 0.0057627559095948 0.0069999145158763 0.0080281724100169 0.0088312272692851 0.0094231120967844 0.0098319962591202 0.010089408298616 0.010225013605946 0.010264455997984 0.010231367684547 0.010143418553558 0.010012024022084 0.0098526500802315 0.0096904974811757 0.0094792327571402 0.0092779024846209 0.0090835207778886
0.0025535604516245 0.0027266621428854 0.0039192163460344 0.0051991690458311 0.0064126867094384 0.0074570383755597 0.008304956951434 0.0089605366577085 0.0094434143108702 0.0097789718775113 0.009992523695356 0.010106760225098 0.010143418553558 0.010149619395146 0.010045252792759 0.0099365763164159 0.0098196938503913 0.0096471680439487 0.0094799904297305 0.0093137563296732
0.0023739256753918 0.0024477966468802 0.0035149400085071 0.0047303744155153 0.0059091895464094 0.0069511355852185 0.0078220317083149 0.008519681320635 0.0090573857581269 0.0094550855852393 0.0097337442371533 0.0099128827310334 0.010012024022084 0.010045252792759 0.010028762970002 0.0099671182423454 0.0098948438391629 0.0097616608195682 0.0096296529297544 0.0094931875296529
0.0022523879219587 0.0022161835498105 0.0031728082177276 0.004323168378632 0.0054637864901011 0.0064956884275579 0.0073788351500451 0.0081063214817789 0.0086860414990651 0.0091334517542243 0.0094657761132788 0.0096997056721225 0.0098526500802315 0.0099365763164159 0.0099671182423454 0.0099585712053336 0.00992022559795 0.0098237187518502 0.0097247745743805 0.0096167155819687
0.0021103134196366 0.0020277148036668 0.0028933306289591 0.0039798215449254 0.0050813081358014 0.0060961881026024 0.0069832691762782 0.007731077270181 0.008343302740432 0.008831276710586 0.0092088962533221 0.0094901745079021 0.0096904974811757 0.0098196938503913 0.0098948438391629 0.00992022559795 0.009948489752601 0.0098647940057428 0.0097973416784766 0.0097166830131293
0.0020361285891138 0.0018636995549486 0.0026348391400243 0.0036663823138484 0.0047264794380652 0.0057194742125504 0.0066012363643681 0.0073581980285785 0.0079909531841986 0.008507910123033 0.0089201773819566 0.009239465478176 0.0094792327571402 0.0096471680439487 0.0097616608195682 0.0098237187518502 0.0098647940057428 0.0098413423569136 0.0097978622684072 0.0097436671710648
0.0019681153735852 0.0017284771669076 0.0024227480007171 0.0033973904421949 0.0044150567138608 0.0053838945248445 0.0062575770295146 0.007019982764293 0.0076688499187977 0.0082098154298163 0.0086515351725409 0.0090036529773746 0.0092779024846209 0.0094799904297305 0.0096296529297544 0.0097247745743805 0.0097973416784766 0.0097978622684072 0.0097900404111488 0.0097585532808733
0.0019197630154597 0.0016123836206986 0.0022757451226414 0.0031971368886713 0.0041694298218665 0.0051079501188899 0.0059661222303619 0.0067261548539758 0.0073831931724266 0.0079402671903297 0.008403772018432 0.0087814751428059 0.0090835207778886 0.0093137563296732 0.0094931875296529 0.0096167155819687 0.0097166830131293 0.0097436671710648 0.0097585532808733 0.0098143883483486
