0.00029045561268865 0.00032729970034004 0.00029639373860481 0.00023680262168075 0.00020770602977489 0.00018985198498884 0.00017899705958222 0.0001697762803548 0.00016250388948102 0.00015675951583291
0.00032729970034004 0.00038526400379601 0.0003436689946523 0.00027821170886513 0.00023927386204214 0.00021986755038894 0.00020360293183752 0.00019012045319271 0.00018027775337188 0.00017328400275126
0.00029639373860481 0.0003436689946523 0.00029881955198513 0.00025249551259319 0.00022295540882475 0.00020660151451131 0.00019352100498863 0.00018328830193824 0.00017553650634433 0.00016920290969752
0.00023680262168075 0.00027821170886513 0.00025249551259319 0.00020984133060973 0.00018689586238793 0.00017512878353326 0.00016461238971636 0.00015640347986271 0.00015036954957938 0.00014543175334154
0.00020770602977489 0.00023927386204214 0.00022295540882475 0.00018689586238793 0.00017221334986318 0.00016288201024543 0.00015373292756847 0.00014598241414793 0.00014017137000586 0.00013544166974747
0.00018985198498884 0.00021986755038894 0.00020660151451131 0.00017512878353326 0.00016288201024543 0.0001542392154358 0.0001458571312091 0.00013871407059246 0.00013332093537175 0.00012890061528895
0.00017899705958222 0.00020360293183752 0.00019352100498863 0.00016461238971636 0.00015373292756847 0.0001458571312091 0.00013838326472325 0.00013213082240115 0.00012735863949767 0.00012335332001833
0.0001697762803548 0.00019012045319271 0.00018328830193824 0.00015640347986271 0.00014598241414793 0.00013871407059246 0.00013213082240115 0.00012674746016382 0.00012259879500781 0.0001190314934349
0.00016250388948102 0.00018027775337188 0.00017553650634433 0.00015036954957938 0.00014017137000586 0.00013332093537175 0.00012735863949767 0.00012259879500781 0.0001189277574545 0.00011572574107704
0.00015675951583291 0.00017328400275126 0.00016920290969752 0.00014543175334154 0.00013544166974747 0.00012890061528895 0.00012335332001833 0.0001190314934349 0.00011572574107704 0.00011284104085573
