0.00040388163353359 0.00035592866355266 0.00028950162131599 0.00024021592590901 0.00021075010406004 0.00019702526281138 0.00018813927855804 0.00018145859804587 0.00017551740729354 0.00017010295151599
0.00035592866355266 0.00029451492129817 0.00024023441573178 0.00019993638997128 0.00017639258874922 0.0001634294100433 0.00015446352869913 0.00014786545740599 0.0001422255972294 0.00013747695684938
0.00028950162131599 0.00024023441573178 0.00020079171066063 0.00016552822173061 0.00014375493644249 0.00013312038367963 0.00012620662989869 0.00012148269570151 0.00011742963790926 0.00011377980896873
0.00024021592590901 0.00019993638997128 0.00016552822173061 0.00014252010756951 0.00012486804490729 0.00011648387203084 0.00011101492239658 0.0001068970436851 0.00010330984590779 0.00010008012985014
0.00021075010406004 0.00017639258874922 0.00014375493644249 0.00012486804490729 0.00011029280258544 0.00010420797097866 9.9944940377775e-05 9.6367991340302e-05 9.3268289099522e-05 9.0420078746847e-05
0.00019702526281138 0.0001634294100433 0.00013312038367963 0.00011648387203084 0.00010420797097866 9.9382166057362e-05 9.5986688840246e-05 9.2813756602641e-05 8.9977485228807e-05 8.7314515164937e-05
0.00018813927855804 0.00015446352869913 0.00012620662989869 0.00011101492239658 9.9944940377775e-05 9.5986688840246e-05 9.3203954052233e-05 9.0604880724109e-05 8.8247559114416e-05 8.5937272281187e-05
0.00018145859804587 0.00014786545740599 0.00012148269570151 0.0001068970436851 9.6367991340302e-05 9.2813756602641e-05 9.0604880724109e-05 8.8567096800146e-05 8.6700444671428e-05 8.4777531651279e-05
0.00017551740729354 0.0001422255972294 0.00011742963790926 0.00010330984590779 9.3268289099522e-05 8.9977485228807e-05 8.8247559114416e-05 8.6700444671428e-05 8.525225555705e-05 8.3670378567829e-05
0.00017010295151599 0.00013747695684938 0.00011377980896873 0.00010008012985014 9.0420078746847e-05 8.7314515164937e-05 8.5937272281187e-05 8.4777531651279e-05 8.3670378567829e-05 8.2373632683907e-05
