3.1415926535898 0.017806410463098 -3.1098904756432 0.044444153843856 -3.0849619697703 0.068531635728134 -3.061336340778 0.091940742533511 -3.0379425718032 0.11525385288168
-0.017806410463098 3.1415926535898 0.013788480836696 -3.1152345656427 0.038315729868906 -3.0916551473741 0.061341861205063 -3.0689286206453 0.083972156257539 -3.0463911773572
3.1098904756432 -0.013788480836696 3.1415926535898 0.012509202881862 -3.1172361749293 0.035824002533991 -3.0945551048315 0.058132663987593 -3.0724128557799 0.080171357178225
-0.044444153843856 3.1152345656427 -0.012509202881862 3.1415926535898 0.011798392654095 -3.1184182165459 0.034260754292295 -3.0963988276651 0.056046349290327 -3.0747275168476
3.0849619697703 -0.038315729868906 3.1172361749293 -0.011798392654095 3.1415926535898 0.011333764081139 -3.1192504431588 0.03316320379233 -3.0977208057219 0.054567302771193
-0.068531635728134 3.0916551473741 -0.035824002533991 3.1184182165459 -0.011333764081139 3.1415926535898 0.010972814319588 -3.1198682601387 0.032332238788796 -3.0986462281922
3.061336340778 -0.061341861205063 3.0945551048315 -0.034260754292295 3.1192504431588 -0.010972814319588 3.1415926535898 0.010718088520481 -3.1203311806321 0.031829698681488
-0.091940742533511 3.0689286206453 -0.058132663987593 3.0963988276651 -0.03316320379233 3.1198682601387 -0.010718088520481 3.1415926535898 0.010512532104616 -3.1205253686549
3.0379425718032 -0.083972156257539 3.0724128557799 -0.056046349290327 3.0977208057219 -0.032332238788796 3.1203311806321 -0.010512532104616 3.1415926535898 0.010571009628874
-0.11525385288168 3.0463911773572 -0.080171357178225 3.0747275168476 -0.054567302771193 3.0986462281922 -0.031829698681488 3.1205253686549 -0.010571009628874 3.1415926535898
