0 3.1151645705561 -0.079831761557896 3.0660553853228 -0.13974490616627 2.9882763550383 -0.15581615179768 2.9804596555893 -0.13446818530807 3.0248963025824
-3.1151645705561 0 -3.0696617413917 0.017872207964225 -3.1060809494445 -0.053873444766348 3.1143863136244 -0.037671389736431 3.1081483248498 -0.032019705198777
0.079831761557896 3.0696617413917 0 3.1102788931951 -0.02662340498127 3.0820922104289 -0.0042736736093642 3.1260274112955 -0.0022316863921094 -3.1355580330023
-3.0660553853228 -0.017872207964225 -3.1102788931951 0 -3.1308066814437 -0.03000015359164 3.1193718085453 -0.03750208826674 3.1065103842138 -0.028541653368874
0.13974490616627 3.1060809494445 0.02662340498127 3.1308066814437 0 -3.1316132610796 0.018337649527358 -3.1385250365952 0.0038014578054077 -3.1299026074205
-2.9882763550383 0.053873444766348 -3.0820922104289 0.03000015359164 3.1316132610796 0 -3.1329194659725 0.0015745279887452 -3.1355950007614 0.011231923433617
0.15581615179768 -3.1143863136244 0.0042736736093642 -3.1193718085453 -0.018337649527358 3.1329194659725 0 3.1374703319291 0.0025532612233219 -3.1350633108828
-2.9804596555893 0.037671389736431 -3.1260274112955 0.03750208826674 3.1385250365952 -0.0015745279887452 -3.1374703319291 0 -3.1354643597649 0.0089394983676037
0.13446818530807 -3.1081483248498 0.0022316863921094 -3.1065103842138 -0.0038014578054077 3.1355950007614 -0.0025532612233219 3.1354643597649 0 -3.1392825087972
-3.0248963025824 0.032019705198777 3.1355580330023 0.028541653368874 3.1299026074205 -0.011231923433617 3.1350633108828 -0.0089394983676037 3.1392825087972 0
