1.5637928167628e-05 6.5069147734726e-05 7.1888266856618e-05 7.0664945299868e-05 6.2399945920555e-05 5.7936509333145e-05 5.4587368839203e-05 5.1780197357611e-05 4.9838419151856e-05 4.8394470353608e-05
6.5069147734726e-05 0.000288662322394 0.00031008778584431 0.00029593829705325 0.00025114969083013 0.00023201175494099 0.00021141796861535 0.00019861442620186 0.00019128012173841 0.00018565760934813
7.1888266856618e-05 0.00031008778584431 0.00033758077215461 0.00031459211927502 0.00027366359802426 0.00025003938859005 0.00022873575373127 0.00021616881948114 0.00020979022332442 0.00020446704935405
7.0664945299868e-05 0.00029593829705325 0.00031459211927502 0.00030448764406475 0.0002651773664184 0.00024344330923115 0.00022645197594738 0.00021461688662105 0.00020779394543543 0.00020282679795006
6.2399945920555e-05 0.00025114969083013 0.00027366359802426 0.0002651773664184 0.00023799842660842 0.00022662257678787 0.00020979696345297 0.00020048160668111 0.00019395352336543 0.00018931576992275
5.7936509333145e-05 0.00023201175494099 0.00025003938859005 0.00024344330923115 0.00022662257678787 0.00021108878982792 0.00019875405477954 0.00019014104717571 0.00018366864183849 0.00017917877889441
5.4587368839203e-05 0.00021141796861535 0.00022873575373127 0.00022645197594738 0.00020979696345297 0.00019875405477954 0.00018791132930867 0.00018072286903555 0.00017524717807981 0.00017133387626428
5.1780197357611e-05 0.00019861442620186 0.00021616881948114 0.00021461688662105 0.00020048160668111 0.00019014104717571 0.00018072286903555 0.00017531691185153 0.00017144068567217 0.00016851180153525
4.9838419151856e-05 0.00019128012173841 0.00020979022332442 0.00020779394543543 0.00019395352336543 0.00018366864183849 0.00017524717807981 0.00017144068567217 0.00016885590907656 0.00016672349244997
4.8394470353608e-05 0.00018565760934813 0.00020446704935405 0.00020282679795006 0.00018931576992275 0.00017917877889441 0.00017133387626428 0.00016851180153525 0.00016672349244997 0.00016513586005463
