3.1415926535898 -0.27976100211593 2.9692172760158 -0.29286183142996 2.6536253121838 -0.68695737911697 2.2157274630708 -1.3162863730292 1.4093414918474 -2.1369774989596
0.27976100211593 3.1415926535898 -0.013552581699574 3.09747128807 -0.070530646359102 3.0624727202414 -0.084046052837251 3.0584577794791 -0.084281678177848 3.0499329533776
-2.9692172760158 0.013552581699574 3.1415926535898 0.0134427030712 -3.1383344781564 -0.0027265313788363 3.1365041178427 -0.0057755692200228 3.1371974148437 -0.0032638493411336
0.29286183142996 -3.09747128807 -0.0134427030712 3.1415926535898 0.0058330406061983 -3.1281980625647 0.020004698441695 -3.114223571789 0.0334321179148 -3.1032457234419
-2.6536253121838 0.070530646359102 3.1383344781564 -0.0058330406061983 3.1415926535898 0.0068830666315571 -3.1307472212405 0.014797796599787 -3.1244021896097 0.018787146195827
0.68695737911697 -3.0624727202414 0.0027265313788363 3.1281980625647 -0.0068830666315571 3.1415926535898 0.0031207390223098 -3.1348548201427 0.008832124017729 -3.1313456074389
-2.2157274630708 0.084046052837251 -3.1365041178427 -0.020004698441695 3.1307472212405 -0.0031207390223098 3.1415926535898 0.0037031227682551 -3.1356444088038 0.0075686555020634
1.3162863730292 -3.0584577794791 0.0057755692200228 3.114223571789 -0.014797796599787 3.1348548201427 -0.0037031227682551 3.1415926535898 0.0023100619443058 -3.1375324092389
-1.4093414918474 0.084281678177848 -3.1371974148437 -0.0334321179148 3.1244021896097 -0.008832124017729 3.1356444088038 -0.0023100619443058 3.1415926535898 0.0017970438349691
2.1369774989596 -3.0499329533776 0.0032638493411336 3.1032457234419 -0.018787146195827 3.1313456074389 -0.0075686555020634 3.1375324092389 -0.0017970438349691 3.1415926535898
