3.1415926535898 0.06344370803605 -3.0162538737302 0.18848932134927 -2.8870412844436 0.32476625427317 -2.7416087986374 0.48081516763611 -2.573804107382 0.66104837098506
-0.06344370803605 3.1415926535898 0.053316824829796 -3.0398540041485 0.14718868662978 -2.9507553368084 0.23337701577904 -2.8662684853406 0.31714832044622 -2.782411050823
3.0162538737302 -0.053316824829796 3.1415926535898 0.044434195871568 -3.0583892755363 0.11811439751018 -2.9913518749687 0.18033920975786 -2.9325863966958 0.23665761686321
-0.18848932134927 3.0398540041485 -0.044434195871568 3.1415926535898 0.036586529934831 -3.0736449850875 0.095602811788828 -3.0210303606951 0.14356393328697 -2.9764837186962
2.8870412844436 -0.14718868662978 3.0583892755363 -0.036586529934831 3.1415926535898 0.030140297744425 -3.0857535940714 0.078364790272878 -3.0429945893166 0.11712312245523
-0.32476625427317 2.9507553368084 -0.11811439751018 3.0736449850875 -0.030140297744425 3.1415926535898 0.025004045383521 -3.0951844342941 0.065239500499747 -3.0594273583807
2.7416087986374 -0.23337701577904 2.9913518749687 -0.095602811788828 3.0857535940714 -0.025004045383521 3.1415926535898 0.020989122238327 -3.1024514794586 0.055208064271775
-0.48081516763611 2.8662684853406 -0.18033920975786 3.0210303606951 -0.078364790272878 3.0951844342941 -0.020989122238327 3.1415926535898 0.017892244690375 -3.1080670774022
2.573804107382 -0.31714832044622 2.9325863966958 -0.14356393328697 3.0429945893166 -0.065239500499747 3.1024514794586 -0.017892244690375 3.1415926535898 0.015461272956654
-0.66104837098506 2.782411050823 -0.23665761686321 2.9764837186962 -0.11712312245523 3.0594273583807 -0.055208064271775 3.1080670774022 -0.015461272956654 3.1415926535898
