0.00021708514258376 0.00021223635623453 0.00019342939901692 0.00016406523655422 0.00013425022496719 0.00011342231926773 0.00010351860885322 9.5326156633602e-05 8.8312012869996e-05 8.3589429360446e-05
0.00021223635623453 0.00021410371940008 0.00019692666237887 0.00016536303486226 0.00013487900251322 0.00011214182850499 0.00010188256012019 9.4411206511557e-05 8.8092599743199e-05 8.3445565451879e-05
0.00019342939901692 0.00019692666237887 0.00017910236091623 0.00014738052148795 0.00012130243053108 0.0001007115800626 9.1181466646642e-05 8.4775315257092e-05 7.8632988943715e-05 7.4420113126488e-05
0.00016406523655422 0.00016536303486226 0.00014738052148795 0.00012120889816989 9.773803782237e-05 8.3114138458532e-05 7.5254049444896e-05 6.9566476218844e-05 6.4874653888558e-05 6.160684604097e-05
0.00013425022496719 0.00013487900251322 0.00012130243053108 9.773803782237e-05 8.0937958797519e-05 6.8160780661543e-05 6.0714946601346e-05 5.647040102462e-05 5.3096825974069e-05 5.0738668267588e-05
0.00011342231926773 0.00011214182850499 0.0001007115800626 8.3114138458532e-05 6.8160780661543e-05 5.8544998079901e-05 5.2275673383037e-05 4.8607121025532e-05 4.5648288693102e-05 4.3430353651094e-05
0.00010351860885322 0.00010188256012019 9.1181466646642e-05 7.5254049444896e-05 6.0714946601346e-05 5.2275673383037e-05 4.741778611044e-05 4.470879287075e-05 4.2106281360342e-05 4.0093369379257e-05
9.5326156633602e-05 9.4411206511557e-05 8.4775315257092e-05 6.9566476218844e-05 5.647040102462e-05 4.8607121025532e-05 4.470879287075e-05 4.2517327481033e-05 4.0167662570137e-05 3.8331956492628e-05
8.8312012869996e-05 8.8092599743199e-05 7.8632988943715e-05 6.4874653888558e-05 5.3096825974069e-05 4.5648288693102e-05 4.2106281360342e-05 4.0167662570137e-05 3.797718607017e-05 3.6338920373753e-05
8.3589429360446e-05 8.3445565451879e-05 7.4420113126488e-05 6.160684604097e-05 5.0738668267588e-05 4.3430353651094e-05 4.0093369379257e-05 3.8331956492628e-05 3.6338920373753e-05 3.4847124341263e-05
