0.057559658477331 0.021537928875542 0.015656640280024 0.012457791500669 0.010285098178833 0.0087173956609502 0.0075306491953676 0.0066130717723901 0.0058932464098486 0.0053173700535809 0.0048566243449456 0.0044888138662967 0.0041921438585667 0.0039516509865403 0.0037519921362143 0.003586460266167 0.0034489181513142 0.003332960302747 0.0032388396357873 0.0031637573488076
0.021537928875542 0.015134772713025 0.012362045527026 0.010339961660959 0.008751768320526 0.0075081137822241 0.0065181399939371 0.0057238231956624 0.0050850125594575 0.0045530764751361 0.004118865871116 0.0037569566287256 0.0034614870722108 0.0032108808272961 0.0029993763102554 0.0028237712930396 0.0026763238081627 0.0025410128251794 0.0024320983664172 0.0023386565751171
0.015656640280024 0.012362045527026 0.011637174523899 0.010464535396364 0.0092886268312403 0.0082465111928764 0.0073464107144034 0.0065806116313901 0.0059347266790955 0.005376899788615 0.0049030760886026 0.0044967554641244 0.0041520460002244 0.0038521966737323 0.0035910059087096 0.0033691783222515 0.0031741782741093 0.0030005734890394 0.0028525472580329 0.0027212919685356
0.012457791500669 0.010339961660959 0.010464535396364 0.010045532533257 0.0093589088030299 0.00862884058211 0.0079234666687756 0.0072749817174115 0.0066940707078281 0.0061696535333197 0.0057047871651732 0.0052931511207064 0.0049318518700387 0.0046101671181852 0.0043216216015109 0.0040711570174428 0.0038435579414118 0.0036439572566134 0.0034669371727662 0.0033079768307003
0.010285098178833 0.008751768320526 0.0092886268312403 0.0093589088030299 0.0090961133473647 0.0086849706742196 0.00820865928905 0.0077195603939761 0.0072452919744337 0.0067921972977647 0.0063706290987983 0.0059832456004635 0.0056317731220386 0.0053107570139198 0.0050155752974204 0.0047537306304569 0.0045099488551375 0.0042962250505337 0.0041020652860187 0.0039246444957599
0.0087173956609502 0.0075081137822241 0.0082465111928764 0.00862884058211 0.0086849706742196 0.008549863118335 0.0082936914254778 0.0079727197351868 0.007622291082804 0.0072601943295282 0.0069024850209594 0.006558909047324 0.0062353657172187 0.0059311923580591 0.0056444073297514 0.005384153322426 0.0051366184580257 0.0049179638289269 0.0047154745554369 0.0045272630943361
0.0075306491953676 0.0065181399939371 0.0073464107144034 0.0079234666687756 0.00820865928905 0.0082936914254778 0.0082298720628023 0.0080675861660649 0.0078429089799656 0.0075796421189606 0.0072971402309234 0.0070099819908016 0.0067272504052011 0.0064524301464313 0.0061858737849579 0.0059381069565652 0.0056972605112082 0.0054820286112051 0.0052792560902387 0.005087415767151
0.0066130717723901 0.0057238231956624 0.0065806116313901 0.0072749817174115 0.0077195603939761 0.0079727197351868 0.0080675861660649 0.0080454675028489 0.0079388142585186 0.0077734853587175 0.0075699702657059 0.007345504839303 0.007111340286149 0.0068741618431987 0.0066363325372926 0.0064092484440225 0.0061831830297965 0.0059782425403982 0.0057818362245163 0.0055925588313243
0.0058932464098486 0.0050850125594575 0.0059347266790955 0.0066940707078281 0.0072452919744337 0.007622291082804 0.0078429089799656 0.0079388142585186 0.0079387757223229 0.0078635638685751 0.0077374246675179 0.0075771156160235 0.0073951032130929 0.0072002939157054 0.0069966832933196 0.0067960078370978 0.0065906752502737 0.0064013793588431 0.0062166655011527 0.0060350902180778
0.0053173700535809 0.0045530764751361 0.005376899788615 0.0061696535333197 0.0067921972977647 0.0072601943295282 0.0075796421189606 0.0077734853587175 0.0078635638685751 0.007872826517864 0.0078197848298213 0.007722342575759 0.0075933972753526 0.007443256794392 0.0072771186780175 0.0071066828431716 0.0069263130383046 0.0067566823753078 0.0065877951367383 0.0064180160642528
0.0048566243449456 0.004118865871116 0.0049030760886026 0.0057047871651732 0.0063706290987983 0.0069024850209594 0.0072971402309234 0.0075699702657059 0.0077374246675179 0.0078197848298213 0.0078348111103684 0.0077951080905517 0.0077176794993832 0.0076121319256537 0.0074844807712721 0.0073461056196914 0.0071930607159803 0.0070456062386577 0.0068953050722416 0.0067402377300417
0.0044888138662967 0.0037569566287256 0.0044967554641244 0.0052931511207064 0.0059832456004635 0.006558909047324 0.0070099819908016 0.007345504839303 0.0075771156160235 0.007722342575759 0.0077951080905517 0.0078124101946961 0.0077819329727169 0.0077193319256619 0.0076296442030531 0.0075237263399315 0.0073990171210284 0.0072751014843008 0.0071450738267429 0.0070066622608554
0.0041921438585667 0.0034614870722108 0.0041520460002244 0.0049318518700387 0.0056317731220386 0.0062353657172187 0.0067272504052011 0.007111340286149 0.0073951032130929 0.0075933972753526 0.0077176794993832 0.0077819329727169 0.0077973428728226 0.007775022835286 0.0077217162086384 0.0076476179960955 0.0075512597312667 0.0074513992654207 0.0073425485497782 0.0072220449108854
0.0039516509865403 0.0032108808272961 0.0038521966737323 0.0046101671181852 0.0053107570139198 0.0059311923580591 0.0064524301464313 0.0068741618431987 0.0072002939157054 0.007443256794392 0.0076121319256537 0.0077193319256619 0.007775022835286 0.0077923551409359 0.0077708538364306 0.0077272702906686 0.0076585421342705 0.0075825272573611 0.0074950175377731 0.0073929440453574
0.0037519921362143 0.0029993763102554 0.0035910059087096 0.0043216216015109 0.0050155752974204 0.0056444073297514 0.0061858737849579 0.0066363325372926 0.0069966832933196 0.0072771186780175 0.0074844807712721 0.0076296442030531 0.0077217162086384 0.0077708538364306 0.007784342274864 0.0077691466394607 0.0077270333939138 0.0076743112044491 0.0076079309788214 0.0075243882014189
0.003586460266167 0.0028237712930396 0.0033691783222515 0.0040711570174428 0.0047537306304569 0.005384153322426 0.0059381069565652 0.0064092484440225 0.0067960078370978 0.0071066828431716 0.0073461056196914 0.0075237263399315 0.0076476179960955 0.0077272702906686 0.0077691466394607 0.0077816005403714 0.0077642096440658 0.0077337122609609 0.0076877793191551 0.0076224884468067
0.0034489181513142 0.0026763238081627 0.0031741782741093 0.0038435579414118 0.0045099488551375 0.0051366184580257 0.0056972605112082 0.0061831830297965 0.0065906752502737 0.0069263130383046 0.0071930607159803 0.0073990171210284 0.0075512597312667 0.0076585421342705 0.0077270333939138 0.0077642096440658 0.0077756393204113 0.0077613314316449 0.007735133337926 0.0076876910962229
0.003332960302747 0.0025410128251794 0.0030005734890394 0.0036439572566134 0.0042962250505337 0.0049179638289269 0.0054820286112051 0.0059782425403982 0.0064013793588431 0.0067566823753078 0.0070456062386577 0.0072751014843008 0.0074513992654207 0.0075825272573611 0.0076743112044491 0.0077337122609609 0.0077613314316449 0.0077716888781943 0.007763513459199 0.007732791528639
0.0032388396357873 0.0024320983664172 0.0028525472580329 0.0034669371727662 0.0041020652860187 0.0047154745554369 0.0052792560902387 0.0057818362245163 0.0062166655011527 0.0065877951367383 0.0068953050722416 0.0071450738267429 0.0073425485497782 0.0074950175377731 0.0076079309788214 0.0076877793191551 0.007735133337926 0.007763513459199 0.0077747211051007 0.0077582054016791
0.0031637573488076 0.0023386565751171 0.0027212919685356 0.0033079768307003 0.0039246444957599 0.0045272630943361 0.005087415767151 0.0055925588313243 0.0060350902180778 0.0064180160642528 0.0067402377300417 0.0070066622608554 0.0072220449108854 0.0073929440453574 0.0075243882014189 0.0076224884468067 0.0076876910962229 0.007732791528639 0.0077582054016791 0.007760638673414
