0.02819920876265 -0.012171935069142 0.0099414246874848 -0.0069966722106629 0.0075448301963748 -0.0060654626934514 0.0050538223459994 -0.0041723298188023 0.0034769831403695 -0.0029188365829689
-0.012171935069142 0.015372611616847 -0.008058219542254 0.0054443100458082 -0.005312706930566 0.0042370310718778 -0.0037956853927269 0.0032815809769987 -0.0027781142848833 0.0023511563378721
0.0099414246874848 -0.008058219542254 0.012382438923368 -0.0066035598945973 0.0055159345701154 -0.0038289221989482 0.0030053439054868 -0.0024181809397524 0.0019679171169515 -0.0016475339349703
-0.0069966722106629 0.0054443100458082 -0.0066035598945973 0.0087247962079761 -0.0065805940243738 0.0049064948542451 -0.0040397283433072 0.0034269282264942 -0.0029000708903561 0.0024844958895396
0.0075448301963748 -0.005312706930566 0.0055159345701154 -0.0065805940243738 0.0078997960385609 -0.0061046235932928 0.005030594413283 -0.0042927460328988 0.0036613757037933 -0.0031659049103623
-0.0060654626934514 0.0042370310718778 -0.0038289221989482 0.0049064948542451 -0.0061046235932928 0.0058133238874161 -0.0049914848401049 0.004390895400174 -0.0038378019647372 0.0033713281079085
0.0050538223459994 -0.0037956853927269 0.0030053439054868 -0.0040397283433072 0.005030594413283 -0.0049914848401049 0.0046804079318043 -0.0042653297621306 0.0038282889058248 -0.0034388000330383
-0.0041723298188023 0.0032815809769987 -0.0024181809397524 0.0034269282264942 -0.0042927460328988 0.004390895400174 -0.0042653297621306 0.0041260831140348 -0.0038395182368677 0.0035518561314435
0.0034769831403695 -0.0027781142848833 0.0019679171169515 -0.0029000708903561 0.0036613757037933 -0.0038378019647372 0.0038282889058248 -0.0038395182368677 0.003696268775747 -0.0035048301282882
-0.0029188365829689 0.0023511563378721 -0.0016475339349703 0.0024844958895396 -0.0031659049103623 0.0033713281079085 -0.0034388000330383 0.0035518561314435 -0.0035048301282882 0.0033992575507317
