-0.016937057059837 0.0020295313167841 -0.0012091233851412 0.00059081258512862 -0.00036723749312336 0.00022144226861898 -0.0001390243400353 7.0293600010517e-05 -2.5255341878601e-05 -7.0105502413873e-06
0.0020295313167841 -0.01033022971763 0.0036542772833103 -0.0022975110808664 0.0016489242735286 -0.0013029728451415 0.0010956590621906 -0.00095040442087052 0.00083122237132957 -0.00073207389027356
-0.0012091233851412 0.0036542772833103 -0.0065719689901524 0.004340710287488 -0.0032725605097005 0.0025904220476123 -0.0021243415339686 0.0017840318648286 -0.0015216880881729 0.0013143329581682
0.00059081258512862 -0.0022975110808664 0.004340710287488 -0.0046917539572677 0.003942825065954 -0.003317840168294 0.0028231276183677 -0.0024356297204159 0.002122490473244 -0.0018669776804087
-0.00036723749312336 0.0016489242735286 -0.0032725605097005 0.003942825065954 -0.0039331111596251 0.0035683997560422 -0.0031854432472712 0.0028407007229662 -0.0025402215140661 0.0022818407836585
0.00022144226861898 -0.0013029728451415 0.0025904220476123 -0.003317840168294 0.0035683997560422 -0.0034789208002113 0.0032473280471332 -0.0029880692293276 0.0027365779992035 -0.002505581080737
-0.0001390243400353 0.0010956590621906 -0.0021243415339686 0.0028231276183677 -0.0031854432472712 0.0032473280471332 -0.0031552998644751 0.0029908627685497 -0.0028038397248444 0.0026164019176793
7.0293600010517e-05 -0.00095040442087052 0.0017840318648286 -0.0024356297204159 0.0028407007229662 -0.0029880692293276 0.0029908627685497 -0.002907841847036 0.002782866281795 -0.0026416920630749
-2.5255341878601e-05 0.00083122237132957 -0.0015216880881729 0.002122490473244 -0.0025402215140661 0.0027365779992035 -0.0028038397248444 0.002782866281795 -0.0027112268705032 0.0026132247820465
-7.0105502413873e-06 -0.00073207389027356 0.0013143329581682 -0.0018669776804087 0.0022818407836585 -0.002505581080737 0.0026164019176793 -0.0026416920630749 0.0026132247820465 -0.0025527778479379
