0.0086723393238291 0.0011053703443755 0.00064567997626374 0.0005665946054029 0.00055255137003561 0.00052295235571242 0.00052796532906189 0.00043934071458278 0.00036713657327221 0.00032787282607117
0.0011053703443755 0.0061637021335061 0.0014000018476535 0.00094291087259563 0.00062151453694207 0.00043420643553719 0.00038105400469367 0.00031430844024832 0.00027695448744986 0.00024096344681162
0.00064567997626374 0.0014000018476535 0.0046650206982793 0.0016485802797343 0.0011644608493583 0.00085840545611572 0.00066675981756546 0.00054101454601168 0.00048026059419266 0.00042481455752283
0.0005665946054029 0.00094291087259563 0.0016485802797343 0.0035115157898617 0.0019639246569964 0.0013884216861782 0.0011275414807341 0.00091503543484409 0.00078080585330352 0.00069175160770929
0.00055255137003561 0.00062151453694207 0.0011644608493583 0.0019639246569964 0.0028320960540103 0.0018762142200819 0.0015413699039055 0.0012738446763688 0.0011160305835236 0.00098693467402347
0.00052295235571242 0.00043420643553719 0.00085840545611572 0.0013884216861782 0.0018762142200819 0.0020882212843955 0.0017046831621616 0.0014318423601309 0.001270228815268 0.0011424254139181
0.00052796532906189 0.00038105400469367 0.00066675981756546 0.0011275414807341 0.0015413699039055 0.0017046831621616 0.0017521848303412 0.0015275967266063 0.0013884360606586 0.0012677538665838
0.00043934071458278 0.00031430844024832 0.00054101454601168 0.00091503543484409 0.0012738446763688 0.0014318423601309 0.0015275967266063 0.0015081483876059 0.0014117938622808 0.0013120727901462
0.00036713657327221 0.00027695448744986 0.00048026059419266 0.00078080585330352 0.0011160305835236 0.001270228815268 0.0013884360606586 0.0014117938622808 0.0013939256032421 0.0013226173421581
0.00032787282607117 0.00024096344681162 0.00042481455752283 0.00069175160770929 0.00098693467402347 0.0011424254139181 0.0012677538665838 0.0013120727901462 0.0013226173421581 0.0012933539562789
