0.0033761574288548 0.0027666646293081 0.0025246218385499 0.0020887923710315 0.0018772690727676 0.0017632865009934 0.0016677237112311 0.0015991464601478 0.0015252596110334 0.0014599124189462
0.0027666646293081 0.0021589230158213 0.0018790839458856 0.0015309021661723 0.0013528827518542 0.0012748307927113 0.0012267358659335 0.0011737432137947 0.0011115895080806 0.0010589243411998
0.0025246218385499 0.0018790839458856 0.0015233776702619 0.0012542476762928 0.0011636215297553 0.0011000995423629 0.0010438525563002 0.0009952129573761 0.00094009109906682 0.00089342614297757
0.0020887923710315 0.0015309021661723 0.0012542476762928 0.001007372727459 0.00092972061268403 0.00086545556990833 0.00081116617959478 0.00077228955846782 0.00073074822473547 0.00069272451427064
0.0018772690727676 0.0013528827518542 0.0011636215297553 0.00092972061268403 0.00080243867865257 0.00074394535021865 0.00069981876733586 0.0006732370966319 0.00064263346703717 0.00061422261365958
0.0017632865009934 0.0012748307927113 0.0011000995423629 0.00086545556990833 0.00074394535021865 0.00068781666021238 0.00064935518160672 0.00062186811434274 0.00059178944514753 0.00056524559677153
0.0016677237112311 0.0012267358659335 0.0010438525563002 0.00081116617959478 0.00069981876733586 0.00064935518160672 0.0006118867114685 0.00058595777837372 0.00055936987218741 0.00053720529186661
0.0015991464601478 0.0011737432137947 0.0009952129573761 0.00077228955846782 0.0006732370966319 0.00062186811434274 0.00058595777837372 0.00055920350779081 0.00053437721433173 0.00051443511985502
0.0015252596110334 0.0011115895080806 0.00094009109906682 0.00073074822473547 0.00064263346703717 0.00059178944514753 0.00055936987218741 0.00053437721433173 0.00051219839428263 0.0004946473825399
0.0014599124189462 0.0010589243411998 0.00089342614297757 0.00069272451427064 0.00061422261365958 0.00056524559677153 0.00053720529186661 0.00051443511985502 0.0004946473825399 0.00047904590020615
