0.029464728368639 0.012501886775747 0.0092523409422019 0.0074821209089281 0.0063279743434856 0.0054922754534407 0.0048384402897709 0.0043072398818393 0.0038639569745164 0.0034911203750127
0.012501886775747 0.0081638576252039 0.00675498761581 0.0058684579058406 0.0051709486036569 0.0046060739858985 0.0041225106353729 0.0037018732559954 0.003332099353528 0.0030073776704964
0.0092523409422019 0.00675498761581 0.0061323537316717 0.0056308528984138 0.0051550961050663 0.0047255785361831 0.0043316391641487 0.0039731315481987 0.003647096932211 0.0033528371385378
0.0074821209089281 0.0058684579058406 0.0056308528984138 0.0054215367273642 0.0051410856682942 0.0048477066296963 0.0045512198167503 0.0042643795368868 0.003991346726817 0.0037358082779458
0.0063279743434856 0.0051709486036569 0.0051550961050663 0.0051410856682942 0.0050199593231571 0.0048506051198217 0.0046507459002212 0.0044389907350599 0.0042237155726639 0.0040118931444089
0.0054922754534407 0.0046060739858985 0.0047255785361831 0.0048477066296963 0.0048506051198217 0.0047871904543055 0.0046753233659756 0.004535220367836 0.0043771743935067 0.0042102893677435
0.0048384402897709 0.0041225106353729 0.0043316391641487 0.0045512198167503 0.0046507459002212 0.0046753233659756 0.004641343317664 0.0045677898498636 0.0044652078980666 0.0043437211877202
0.0043072398818393 0.0037018732559954 0.0039731315481987 0.0042643795368868 0.0044389907350599 0.004535220367836 0.0045677898498636 0.0045535423295584 0.004502290358626 0.0044243667395406
0.0038639569745164 0.003332099353528 0.003647096932211 0.003991346726817 0.0042237155726639 0.0043771743935067 0.0044652078980666 0.004502290358626 0.0044970960619781 0.0044596168640088
0.0034911203750127 0.0030073776704964 0.0033528371385378 0.0037358082779458 0.0040118931444089 0.0042102893677435 0.0043437211877202 0.0044243667395406 0.0044596168640088 0.0044588174103447
