0.026882148240356 0.01502925803942 0.0059452694212805 0.0030006774341552 0.0021388727769115 0.0020794950920315 0.0018952126232496 0.0016607620635132 0.0013718104721423 0.0010791761215497
0.01502925803942 0.029985237120324 0.016321367478157 0.009678442901719 0.0064590656376365 0.0048996679150578 0.00361814403184 0.0026511914008538 0.0019018783053198 0.0012999745245752
0.0059452694212805 0.016321367478157 0.020276114276169 0.014540786390365 0.010796479528347 0.0082281790357576 0.0063283226091294 0.0048933419495969 0.0037659841390917 0.0028821802258683
0.0030006774341552 0.009678442901719 0.014540786390365 0.014499480947569 0.012314492757172 0.010326905066507 0.0086898855276948 0.0072774059984681 0.0060641164735694 0.005041720533756
0.0021388727769115 0.0064590656376365 0.010796479528347 0.012314492757172 0.012213861206796 0.011162793285339 0.0099761512328369 0.0087711996794822 0.0076286728780093 0.0066058323472337
0.0020794950920315 0.0048996679150578 0.0082281790357576 0.010326905066507 0.011162793285339 0.010999194573315 0.010367761550344 0.0095205154391676 0.0086021623642292 0.0077114285618599
0.0018952126232496 0.00361814403184 0.0063283226091294 0.0086898855276948 0.0099761512328369 0.010367761550344 0.010204484360505 0.0097125988860228 0.009049796509419 0.0083371899830661
0.0016607620635132 0.0026511914008538 0.0048933419495969 0.0072774059984681 0.0087711996794822 0.0095205154391676 0.0097125988860228 0.0095417492366196 0.0091377996919228 0.008625337513492
0.0013718104721423 0.0019018783053198 0.0037659841390917 0.0060641164735694 0.0076286728780093 0.0086021623642292 0.009049796509419 0.0091377996919228 0.0089656272255819 0.0086459853225276
0.0010791761215497 0.0012999745245752 0.0028821802258683 0.005041720533756 0.0066058323472337 0.0077114285618599 0.0083371899830661 0.008625337513492 0.0086459853225276 0.0084967893070308
