0.057870004102647 0.019614806308922 0.012709321324114 0.0094238295590463 0.0074704006254201 0.0061022868844839 0.0050528780896439 0.0042218027026269 0.0035279086581974 0.0029583104477007 0.002482573524157 0.0020838054728774 0.0017469669595211 0.0014651323345722 0.0012452010332026 0.0010213185397703 0.00081828997503399 0.00070685054068165 0.00058396905446779 0.0004837875976443
0.019614806308922 0.017944670090634 0.013893260799339 0.0112325002148 0.0092916557249924 0.0077905920128672 0.0066106639311241 0.0056684480835368 0.0049073791352752 0.0042855264521177 0.0037735388759223 0.0033482173798166 0.0029909058143297 0.002690496728539 0.0024309995722018 0.0022124740723488 0.0020099790650443 0.0018695099321915 0.0017115322808344 0.0015669020226297
0.012709321324114 0.013893260799339 0.013472847818993 0.012133031254708 0.010757089138754 0.009492346495609 0.0083886923004479 0.0074420438029448 0.0066336104596249 0.005944956700861 0.0053570636801869 0.0048534727692438 0.004418515117505 0.0040445920490671 0.0037084904282113 0.0034315474706562 0.0031703708700915 0.002967689668824 0.0027624542195902 0.0025717538278407
0.0094238295590463 0.0112325002148 0.012133031254708 0.011976569407137 0.011311995795937 0.010471536719297 0.0096102486834733 0.0087927364947017 0.0080410474491977 0.0073651547095401 0.0067621369767701 0.0062264478409157 0.005749382072895 0.0053283006103429 0.0049434090232854 0.0046165957935511 0.0043059738537894 0.004056563813042 0.0038066329348518 0.0035773897531691
0.0074704006254201 0.0092916557249924 0.010757089138754 0.011311995795937 0.01126826711398 0.010877187110113 0.010320482549937 0.0097011467282388 0.0090712121536163 0.0084655399049868 0.0078969122848857 0.007371310403159 0.0068878536889546 0.0064495995098746 0.0060425357867679 0.0056857666309592 0.0053436835099566 0.0050609202944068 0.0047811144276775 0.004524309851685
0.0061022868844839 0.0077905920128672 0.009492346495609 0.010471536719297 0.010877187110113 0.01087037328589 0.010608839629562 0.010205482547856 0.0097274500421507 0.0092255789582924 0.0087246423433511 0.0082403104154982 0.0077787197580126 0.0073485892208861 0.0069411178899418 0.0065743544521056 0.0062185024230108 0.0059175082436709 0.0056204388024739 0.005348051726573
0.0050528780896439 0.0066106639311241 0.0083886923004479 0.0096102486834733 0.010320482549937 0.010608839629562 0.010600424640632 0.01040026645428 0.010079037675034 0.0096947608598714 0.0092796615966482 0.0088562732340145 0.0084361978061768 0.0080329982939191 0.0076424178419676 0.0072819063033799 0.0069274345314357 0.0066216517869874 0.0063186833113424 0.0060409055105211
0.0042218027026269 0.0056684480835368 0.0074420438029448 0.0087927364947017 0.0097011467282388 0.010205482547856 0.01040026645428 0.010378389750591 0.010203021181479 0.0099370812333337 0.0096148809601264 0.0092630191350203 0.0088967885887669 0.0085334605168344 0.008172398714177 0.0078307070382145 0.0074896402021644 0.0071900027907827 0.0068908110748534 0.006615905329634
0.0035279086581974 0.0049073791352752 0.0066336104596249 0.0080410474491977 0.0090712121536163 0.0097274500421507 0.010079037675034 0.010203021181479 0.010159926510921 0.010005695754695 0.0097763522817712 0.0095002253061442 0.0091946738849506 0.0088795185310081 0.0085568090356402 0.0082433113409172 0.0079249396137106 0.0076402539957325 0.0073529763387805 0.0070879000781758
0.0029583104477007 0.0042855264521177 0.005944956700861 0.0073651547095401 0.0084655399049868 0.0092255789582924 0.0096947608598714 0.0099370812333337 0.010005695754695 0.0099517891201497 0.0098098808827691 0.0096083438801234 0.0093652820129166 0.0091020474468976 0.0088224579660916 0.0085429452496988 0.0082532917137396 0.007989582113105 0.0077200095001857 0.007469678736539
0.002482573524157 0.0037735388759223 0.0053570636801869 0.0067621369767701 0.0078969122848857 0.0087246423433511 0.0092796615966482 0.0096148809601264 0.0097763522817712 0.0098098808827691 0.009747465573692 0.0096164128620062 0.0094346156099676 0.0092241413804808 0.0089897793170042 0.0087476164961661 0.0084905166692654 0.0082519563083424 0.0080043052692637 0.0077724072977963
0.0020838054728774 0.0033482173798166 0.0048534727692438 0.0062264478409157 0.007371310403159 0.0082403104154982 0.0088562732340145 0.0092630191350203 0.0095002253061442 0.0096083438801234 0.0096164128620062 0.0095500627990088 0.0094263148400526 0.009267358968061 0.0090783102576673 0.0088749075738225 0.0086523798767457 0.0084415354701808 0.0082185814939219 0.0080076765212465
0.0017469669595211 0.0029909058143297 0.004418515117505 0.005749382072895 0.0068878536889546 0.0077787197580126 0.0084361978061768 0.0088967885887669 0.0091946738849506 0.0093652820129166 0.0094346156099676 0.0094263148400526 0.0093562509238207 0.0092460228556715 0.0091008841472664 0.0089361121297279 0.0087487076113608 0.0085667905252768 0.0083700645857044 0.0081817195022551
0.0014651323345722 0.002690496728539 0.0040445920490671 0.0053283006103429 0.0064495995098746 0.0073485892208861 0.0080329982939191 0.0085334605168344 0.0088795185310081 0.0091020474468976 0.0092241413804808 0.009267358968061 0.0092460228556715 0.0091814655465827 0.0090781494867142 0.0089510628995398 0.0087985197787812 0.0086459621410858 0.0084762408624164 0.0083114364943024
0.0012452010332026 0.0024309995722018 0.0037084904282113 0.0049434090232854 0.0060425357867679 0.0069411178899418 0.0076424178419676 0.008172398714177 0.0085568090356402 0.0088224579660916 0.0089897793170042 0.0090783102576673 0.0091008841472664 0.0090781494867142 0.0090320615883018 0.0089226857164824 0.0088038591671101 0.008680184981695 0.0085373756380786 0.0083963180141318
0.0010213185397703 0.0022124740723488 0.0034315474706562 0.0046165957935511 0.0056857666309592 0.0065743544521056 0.0072819063033799 0.0078307070382145 0.0082433113409172 0.0085429452496988 0.0087476164961661 0.0088749075738225 0.0089361121297279 0.0089510628995398 0.0089226857164824 0.0088652018342149 0.0087783367660669 0.0086825476569343 0.008566013287321 0.0084484117181684
0.00081828997503399 0.0020099790650443 0.0031703708700915 0.0043059738537894 0.0053436835099566 0.0062185024230108 0.0069274345314357 0.0074896402021644 0.0079249396137106 0.0082532917137396 0.0084905166692654 0.0086523798767457 0.0087487076113608 0.0087985197787812 0.0088038591671101 0.0087783367660669 0.00873740360052 0.0086542870069275 0.0085638820285865 0.0084699160736972
0.00070685054068165 0.0018695099321915 0.002967689668824 0.004056563813042 0.0050609202944068 0.0059175082436709 0.0066216517869874 0.0071900027907827 0.0076402539957325 0.007989582113105 0.0082519563083424 0.0084415354701808 0.0085667905252768 0.0086459621410858 0.008680184981695 0.0086825476569343 0.0086542870069275 0.0086246794825328 0.0085433232901532 0.0084707314715991
0.00058396905446779 0.0017115322808344 0.0027624542195902 0.0038066329348518 0.0047811144276775 0.0056204388024739 0.0063186833113424 0.0068908110748534 0.0073529763387805 0.0077200095001857 0.0080043052692637 0.0082185814939219 0.0083700645857044 0.0084762408624164 0.0085373756380786 0.008566013287321 0.0085638820285865 0.0085433232901532 0.008499117276618 0.0084474527907628
0.0004837875976443 0.0015669020226297 0.0025717538278407 0.0035773897531691 0.004524309851685 0.005348051726573 0.0060409055105211 0.006615905329634 0.0070879000781758 0.007469678736539 0.0077724072977963 0.0080076765212465 0.0081817195022551 0.0083114364943024 0.0083963180141318 0.0084484117181684 0.0084699160736972 0.0084707314715991 0.0084474527907628 0.0084304882085672
