0.0040780196388526 0.0031102758074403 0.0031842693968446 0.0032393506928979 0.0032438458841278 0.0031996824181606 0.0031128296976593 0.0029892035310231 0.0028341170470781 0.0026519964995091 0.0024407142205842 0.0022225408794925 0.001983325533417 0.001730668404121 0.0014665728299315 0.0011978008873061 0.00092340733925143 0.00064936677978528 0.00038312851664613 0.0002024205730007
0.0031102758074403 0.0026204237258955 0.0028516391552879 0.0030503780465805 0.0031966737828341 0.0032934476121311 0.003346023771763 0.0033594210952944 0.0033382982210861 0.0032863358717383 0.0032033397266455 0.0031036603845146 0.0029798199280972 0.0028367843523402 0.0026761518075966 0.0025037952123258 0.0023179141817594 0.0021220837858469 0.0019133788511941 0.0017031951113543
0.0031842693968446 0.0028516391552879 0.0032150402459661 0.0035356903163648 0.0037949599134969 0.0039962295666001 0.0041451020268023 0.0042467867715101 0.0043062445966806 0.0043273263325498 0.0043106061613447 0.0042689426356742 0.0041968697421835 0.0040988589413837 0.0039766401998927 0.0038368386282131 0.003677366388086 0.0035023407417828 0.0033084121196022 0.0031086144574568
0.0032393506928979 0.0030503780465805 0.0035356903163648 0.0039708323434448 0.0043378768038232 0.0046402893802801 0.0048836736675666 0.0050732346176285 0.0052140370865872 0.0053099972356383 0.0053621899397647 0.0053822018841522 0.0053661705146663 0.0053180895777767 0.0052397583692548 0.0051384078027778 0.0050116835294858 0.0048641102811486 0.004692146765174 0.0045097567445217
0.0032438458841278 0.0031966737828341 0.0037949599134969 0.0043378768038232 0.0048080956990128 0.0052088913956898 0.005545629157168 0.0058233144827142 0.0060469302417133 0.0062203382177804 0.0063449278685441 0.0064310139907957 0.006476116877829 0.0064837144674951 0.0064556097346209 0.0063994655881065 0.0063126877058504 0.006200077482865 0.0060580573998472 0.0059009638551887
0.0031996824181606 0.0032934476121311 0.0039962295666001 0.0046402893802801 0.0052088913956898 0.0057049259469547 0.0061333137815165 0.0064987047242105 0.0068058385501803 0.007058419599442 0.0072580029292248 0.0074136066521329 0.0075239578535222 0.0075919824026282 0.0076194290595224 0.0076142358169473 0.007573592963675 0.0075024616400507 0.0073973371758168 0.0072725098639561
0.0031128296976593 0.003346023771763 0.0041451020268023 0.0048836736675666 0.005545629157168 0.0061333137815165 0.0066510566270854 0.0071030038511728 0.0074935403688784 0.0078261106643553 0.0081023104733462 0.0083298555107395 0.0085085107009277 0.0086406268653532 0.0087278478328781 0.008778243409437 0.0087888132446309 0.0087645805014463 0.0087021936362862 0.0086155569548044
0.0029892035310231 0.0033594210952944 0.0042467867715101 0.0050732346176285 0.0058233144827142 0.0064987047242105 0.0071030038511728 0.0076397760555614 0.0081129114026504 0.0085255286376847 0.0088791508860529 0.0091802070722578 0.0094293345311881 0.0096282977650903 0.0097785886242578 0.0098882797608399 0.0099542019005219 0.0099813550541849 0.0099665968596873 0.0099231733553693
0.0028341170470781 0.0033382982210861 0.0043062445966806 0.0052140370865872 0.0060469302417133 0.0068058385501803 0.0074935403688784 0.0081129114026504 0.0086674012692293 0.0091593753454014 0.0095905381976611 0.0099659364666808 0.010286928891876 0.01055468730788 0.0107705156761 0.01094237202686 0.011066943106664 0.011149127610701 0.011186037754033 0.011190040365678
0.0026519964995091 0.0032863358717383 0.0043273263325498 0.0053099972356383 0.0062203382177804 0.007058419599442 0.0078261106643553 0.0085255286376847 0.0091593753454014 0.009729907512129 0.010238233896528 0.010688266977272 0.011081935748002 0.011419826509716 0.01170302651394 0.011939279272474 0.012125149337277 0.012265355659481 0.012357301943013 0.012412314299153
0.0024407142205842 0.0032033397266455 0.0043106061613447 0.0053621899397647 0.0063449278685441 0.0072580029292248 0.0081023104733462 0.0088791508860529 0.0095905381976611 0.010238233896528 0.010825067489604 0.011347611129802 0.011814337546024 0.012223214432795 0.012575095554136 0.012877432609018 0.01312668303542 0.013327299402972 0.013477025264194 0.013586025895671
0.0022225408794925 0.0031036603845146 0.0042689426356742 0.0053822018841522 0.0064310139907957 0.0074136066521329 0.0083298555107395 0.0091802070722578 0.0099659364666808 0.010688266977272 0.011347611129802 0.011945554632956 0.01248455213544 0.012964257576604 0.013385179821092 0.013754364207466 0.014068194799016 0.014330838041719 0.014540346168792 0.01470558944293
0.001983325533417 0.0029798199280972 0.0041968697421835 0.0053661705146663 0.006476116877829 0.0075239578535222 0.0085085107009277 0.0094293345311881 0.010286928891876 0.011081935748002 0.011814337546024 0.01248455213544 0.01309544293269 0.013645856052329 0.014136111857708 0.014572774696985 0.014952162545393 0.015278102809116 0.015548973125928 0.015772273528163
0.001730668404121 0.0028367843523402 0.0040988589413837 0.0053180895777767 0.0064837144674951 0.0075919824026282 0.0086406268653532 0.0096282977650903 0.01055468730788 0.011419826509716 0.012223214432795 0.012964257576604 0.013645856052329 0.014266362659597 0.014825741891765 0.015330005298297 0.015775443047566 0.016165537273478 0.016498949167576 0.016781717169286
0.0014665728299315 0.0026761518075966 0.0039766401998927 0.0052397583692548 0.0064556097346209 0.0076194290595224 0.0087278478328781 0.0097785886242578 0.0107705156761 0.01170302651394 0.012575095554136 0.013385179821092 0.014136111857708 0.014825741891765 0.015453927106979 0.016025365997622 0.016537020796939 0.016991763518931 0.01738854572505 0.01773204952576
0.0011978008873061 0.0025037952123258 0.0038368386282131 0.0051384078027778 0.0063994655881065 0.0076142358169473 0.008778243409437 0.0098882797608399 0.01094237202686 0.011939279272474 0.012877432609018 0.013754364207466 0.014572774696985 0.015330005298297 0.016025365997622 0.01666362945121 0.017240973828061 0.017760125876845 0.018220299764319 0.018624573310682
0.00092340733925143 0.0023179141817594 0.003677366388086 0.0050116835294858 0.0063126877058504 0.007573592963675 0.0087888132446309 0.0099542019005219 0.011066943106664 0.012125149337277 0.01312668303542 0.014068194799016 0.014952162545393 0.015775443047566 0.016537020796939 0.017240973828061 0.01788365644261 0.018466877643724 0.018990553848504 0.019456156617945
0.00064936677978528 0.0021220837858469 0.0035023407417828 0.0048641102811486 0.006200077482865 0.0075024616400507 0.0087645805014463 0.0099813550541849 0.011149127610701 0.012265355659481 0.013327299402972 0.014330838041719 0.015278102809116 0.016165537273478 0.016991763518931 0.017760125876845 0.018466877643724 0.019113754831445 0.019700524393803 0.020227287478477
0.00038312851664613 0.0019133788511941 0.0033084121196022 0.004692146765174 0.0060580573998472 0.0073973371758168 0.0087021936362862 0.0099665968596873 0.011186037754033 0.012357301943013 0.013477025264194 0.014540346168792 0.015548973125928 0.016498949167576 0.01738854572505 0.018220299764319 0.018990553848504 0.019700524393803 0.020351395433671 0.020938321490683
0.0002024205730007 0.0017031951113543 0.0031086144574568 0.0045097567445217 0.0059009638551887 0.0072725098639561 0.0086155569548044 0.0099231733553693 0.011190040365678 0.012412314299153 0.013586025895671 0.01470558944293 0.015772273528163 0.016781717169286 0.01773204952576 0.018624573310682 0.019456156617945 0.020227287478477 0.020938321490683 0.021586715852969
