0.10138380157597 0.0003445263724358 -0.00029695426158672 0.00022819943087169 -0.00019608330541405 0.00016782410208067 -0.00014994634504671 0.00013217639564416 -0.00011499201291664 0.0001022769325578
0.0003445263724358 0.006167919335609 -0.0012261182812314 0.00073411816676175 -0.00061470122993587 0.0003925252223035 -0.00039098853811367 0.00037924068669195 -0.00032558158699829 0.00028072370519377
-0.00029695426158672 -0.0012261182812314 0.0080335360304816 -0.0017658706123339 0.0011851492566026 -0.00085330416729055 0.00067052042035531 -0.00056095600523188 0.00045603871832852 -0.00036866275856125
0.00022819943087169 0.00073411816676175 -0.0017658706123339 0.0060842392027774 -0.0022489991791179 0.0014723883482139 -0.0010027748216183 0.0008224280705089 -0.00066349629627244 0.00055430125179874
-0.00019608330541405 -0.00061470122993587 0.0011851492566026 -0.0022489991791179 0.0039060590561164 -0.0022756134174443 0.0016432372401798 -0.0012837660307427 0.0010478205322186 -0.00089197195929434
0.00016782410208067 0.0003925252223035 -0.00085330416729055 0.0014723883482139 -0.0022756134174443 0.0028950967939286 -0.0021664746778687 0.0017317050188025 -0.001418689892719 0.0012067313707733
-0.00014994634504671 -0.00039098853811367 0.00067052042035531 -0.0010027748216183 0.0016432372401798 -0.0021664746778687 0.0022326187691526 -0.0019020230709914 0.0016225082107968 -0.0014090640409362
0.00013217639564416 0.00037924068669195 -0.00056095600523188 0.0008224280705089 -0.0012837660307427 0.0017317050188025 -0.0019020230709914 0.0018577760420383 -0.0016651786801039 0.0014953521696986
-0.00011499201291664 -0.00032558158699829 0.00045603871832852 -0.00066349629627244 0.0010478205322186 -0.001418689892719 0.0016225082107968 -0.0016651786801039 0.0015868353532178 -0.0014749088594374
0.0001022769325578 0.00028072370519377 -0.00036866275856125 0.00055430125179874 -0.00089197195929434 0.0012067313707733 -0.0014090640409362 0.0014953521696986 -0.0014749088594374 0.0014198236136485
