0.00032324102505267 0.00026480528511348 0.00023617543413819 0.0001836467099677 0.00015709927909902 0.0001434906828473 0.00013496540381091 0.00012747700149302 0.00012108020488943 0.00011573259054386
0.00026480528511348 0.00023040181451946 0.00020348322130671 0.00015878101922953 0.00013776271253783 0.00012326558321833 0.00011446305714695 0.0001076386186063 0.00010228419356598 9.7903101597646e-05
0.00023617543413819 0.00020348322130671 0.00017075543733965 0.0001330609953875 0.00011483392002871 0.00010234576273341 9.5698451690724e-05 9.0010665759955e-05 8.5627352919909e-05 8.188191457718e-05
0.0001836467099677 0.00015878101922953 0.0001330609953875 0.00010314508167785 9.3046565420072e-05 8.3268374203721e-05 7.7608057213704e-05 7.3022238281202e-05 6.9572729950204e-05 6.6815429058197e-05
0.00015709927909902 0.00013776271253783 0.00011483392002871 9.3046565420072e-05 8.2874283200675e-05 7.5625327506624e-05 7.0337880791449e-05 6.5701023297435e-05 6.2140480364261e-05 5.9620952675144e-05
0.0001434906828473 0.00012326558321833 0.00010234576273341 8.3268374203721e-05 7.5625327506624e-05 6.8407907813248e-05 6.395825795556e-05 6.0056222629054e-05 5.6946513955248e-05 5.4769058293712e-05
0.00013496540381091 0.00011446305714695 9.5698451690724e-05 7.7608057213704e-05 7.0337880791449e-05 6.395825795556e-05 6.0349665945401e-05 5.7126501034301e-05 5.439193296087e-05 5.2431330040336e-05
0.00012747700149302 0.0001076386186063 9.0010665759955e-05 7.3022238281202e-05 6.5701023297435e-05 6.0056222629054e-05 5.7126501034301e-05 5.4276457029801e-05 5.1849515616168e-05 5.0088116636497e-05
0.00012108020488943 0.00010228419356598 8.5627352919909e-05 6.9572729950204e-05 6.2140480364261e-05 5.6946513955248e-05 5.439193296087e-05 5.1849515616168e-05 4.9666620617003e-05 4.8065104325068e-05
0.00011573259054386 9.7903101597646e-05 8.188191457718e-05 6.6815429058197e-05 5.9620952675144e-05 5.4769058293712e-05 5.2431330040336e-05 5.0088116636497e-05 4.8065104325068e-05 4.6575631667633e-05
