0.00023582002147756 0.00029410914416031 0.00027384973997398 0.0002276958659299 0.00019959306065821 0.00018123543859302 0.00016880612551319 0.00015967209588503 0.0001525508271326 0.00014646132130558
0.00029410914416031 0.00035899806555109 0.00033444887565656 0.00026263589818627 0.00022794253394343 0.00020693871595718 0.00019226881690561 0.00018286904961457 0.00017660374257227 0.00017143917821576
0.00027384973997398 0.00033444887565656 0.00030942229483846 0.00025039446761805 0.0002156688713519 0.00019345206704188 0.00017878979704122 0.0001693230036126 0.00016298716139544 0.00015789569496843
0.0002276958659299 0.00026263589818627 0.00025039446761805 0.00021116299635003 0.00018767498943361 0.00017278820381407 0.00016154397058667 0.00015304768393274 0.00014691296662405 0.00014199750827667
0.00019959306065821 0.00022794253394343 0.0002156688713519 0.00018767498943361 0.0001663187272432 0.00015525557691118 0.00014699094241721 0.00013973688747151 0.00013433430164686 0.00012986758653401
0.00018123543859302 0.00020693871595718 0.00019345206704188 0.00017278820381407 0.00015525557691118 0.00014676175145127 0.00013992853850655 0.00013314211029289 0.00012807238329575 0.00012369323429032
0.00016880612551319 0.00019226881690561 0.00017878979704122 0.00016154397058667 0.00014699094241721 0.00013992853850655 0.0001341543284639 0.00012830010068731 0.00012389549463199 0.00011992676579744
0.00015967209588503 0.00018286904961457 0.0001693230036126 0.00015304768393274 0.00013973688747151 0.00013314211029289 0.00012830010068731 0.0001235472348877 0.00012005087077679 0.00011673424802179
0.0001525508271326 0.00017660374257227 0.00016298716139544 0.00014691296662405 0.00013433430164686 0.00012807238329575 0.00012389549463199 0.00012005087077679 0.00011732748105605 0.00011458333886106
0.00014646132130558 0.00017143917821576 0.00015789569496843 0.00014199750827667 0.00012986758653401 0.00012369323429032 0.00011992676579744 0.00011673424802179 0.00011458333886106 0.00011229653832756
