0 -3.0776431203959 -0.0097839284497499 3.0979669784142 -0.027098619843028 -3.0890328204125 0.19225012947402 -2.8667076162988 0.33999367919341 -2.7344752053004
3.0776431203959 0 -3.1277925695042 0.011057025930195 -3.1159550442776 0.029972726955136 -3.0875808569578 0.065460983932927 -3.0622522272693 0.10099681141418
0.0097839284497499 3.1277925695042 0 -3.1368097797362 0.025919125164978 -3.1061084942259 0.056312087871209 -3.0695108600822 0.088348233680326 -3.0311988907038
-3.0979669784142 -0.011057025930195 3.1368097797362 0 -3.122964701644 0.022750394117534 -3.1055937302511 0.04375836911562 -3.0911635937061 0.061335233816458
0.027098619843028 3.1159550442776 -0.025919125164978 3.122964701644 0 -3.1391682562478 0.015057294651073 -3.1191845221233 0.029068344530903 -3.1020739061544
3.0890328204125 -0.029972726955136 3.1061084942259 -0.022750394117534 3.1391682562478 0 -3.1283221579479 0.021008236641267 -3.1138133708889 0.037874588018694
-0.19225012947402 3.0875808569578 -0.056312087871209 3.1055937302511 -0.015057294651073 3.1283221579479 0 -3.1337827737089 0.014672650050526 -3.1171227522085
2.8667076162988 -0.065460983932927 3.0695108600822 -0.04375836911562 3.1191845221233 -0.021008236641267 3.1337827737089 0 -3.1345777194195 0.016538897663772
-0.33999367919341 3.0622522272693 -0.088348233680326 3.0911635937061 -0.029068344530903 3.1138133708889 -0.014672650050526 3.1345777194195 0 -3.1323967365466
2.7344752053004 -0.10099681141418 3.0311988907038 -0.061335233816458 3.1020739061544 -0.037874588018694 3.1171227522085 -0.016538897663772 3.1323967365466 0
