0.009777281422971 0.012296784150811 0.015751394712436 0.015971846201492 0.01526684539243 0.014361157444781 0.013477529040468 0.012682873794448 0.011974828523119 0.011319797319561 0.010715789480873 0.010216509468751 0.0097427101663633 0.0093128155234028 0.0089192798325671 0.0085582311682759 0.0082252962960637 0.0079352770762391 0.0076312161471844 0.0073811294042504
0.012296784150811 0.034943598041657 0.029442034216755 0.020102552346922 0.012527937543884 0.0072414602995259 0.0037240319278675 0.0014759857307133 0.000618283496382 0.0013309487522965 0.0020352274965327 0.0024685521208592 0.0027872607635328 0.0029710627784349 0.003149409992149 0.0032443658677587 0.0032899745884549 0.0033021826317193 0.0033372679629151 0.0033267794603798
0.015751394712436 0.029442034216755 0.037187158700744 0.034218619283536 0.028572877492966 0.023096401234933 0.018541134127978 0.014957965756566 0.012174309874733 0.009936979209871 0.0081710752302328 0.0067745903989364 0.0056307798072885 0.0047241883662157 0.003909653043234 0.0032542096260311 0.002702493521768 0.0022407650583089 0.0018349167570212 0.0015064993148143
0.015971846201492 0.020102552346922 0.034218619283536 0.037733679657529 0.03629908063298 0.033032212736869 0.029372393908343 0.02590929640857 0.022814370716786 0.020101353969025 0.017759087675428 0.01574055968706 0.013995410879961 0.012512570244497 0.011168332742173 0.010021271798298 0.0090166349134304 0.0081372194807878 0.0073570458659617 0.006680988904072
0.01526684539243 0.012527937543884 0.028572877492966 0.03629908063298 0.038610010015481 0.037967890340217 0.035915374542786 0.033309474904893 0.030566522574823 0.027913499952442 0.025429693365427 0.023154294569221 0.021092633840748 0.019248447785065 0.017567792600764 0.016072103382293 0.014728940127433 0.013526040736097 0.012435603649259 0.011466425795894
0.014361157444781 0.0072414602995259 0.023096401234933 0.033032212736869 0.037967890340217 0.039551363773251 0.039133183618999 0.037621601515121 0.035552887185378 0.033281102863816 0.030965125647459 0.028713497125392 0.026581544052164 0.024589833652541 0.022756221576088 0.021068822255801 0.019522079384771 0.018111335903052 0.016809016021957 0.015631175222807
0.013477529040468 0.0037240319278675 0.018541134127978 0.029372393908343 0.035915374542786 0.039133183618999 0.040095790719058 0.039644652905104 0.038343679515803 0.036603485678815 0.034635224206626 0.032592063292137 0.030568329078033 0.028599688709333 0.026760623465211 0.025018094896728 0.02339000020872 0.021880088188917 0.020463895332026 0.019163655997686
0.012682873794448 0.0014759857307133 0.014957965756566 0.02590929640857 0.033309474904893 0.037621601515121 0.039644652905104 0.040105666573827 0.039541453075928 0.038372549653082 0.036834451369417 0.035104454001221 0.033302182191557 0.031475501608056 0.029736502778353 0.028042933790515 0.026430127826946 0.024909760898614 0.023462077502301 0.022114171082787
0.011974828523119 0.000618283496382 0.012174309874733 0.022814370716786 0.030566522574823 0.035552887185378 0.038343679515803 0.039541453075928 0.039720389514795 0.039010142638226 0.037922994758046 0.036553851469809 0.035035749247073 0.033425269977499 0.031855495218273 0.030283613876636 0.028756487233748 0.027292485542221 0.025877184930596 0.024541342231737
0.011319797319561 0.0013309487522965 0.009936979209871 0.020101353969025 0.027913499952442 0.033281102863816 0.036603485678815 0.038372549653082 0.039010142638226 0.038889479551302 0.038237758756921 0.03723991466169 0.036032882133612 0.034678712531585 0.033318675741622 0.031914744448227 0.030520350962824 0.029159038179144 0.027821469172112 0.026541322524936
0.010715789480873 0.0020352274965327 0.0081710752302328 0.017759087675428 0.025429693365427 0.030965125647459 0.034635224206626 0.036834451369417 0.037922994758046 0.038237758756921 0.038151247521777 0.037347819198022 0.036454680591641 0.03537223159986 0.034241231675137 0.033031072652733 0.031798121811673 0.030569544870586 0.029340660234633 0.028147029823324
0.010216509468751 0.0024685521208592 0.0067745903989364 0.01574055968706 0.023154294569221 0.028713497125392 0.032592063292137 0.035104454001221 0.036553851469809 0.03723991466169 0.037347819198022 0.037042431479773 0.036451957630264 0.035641049348235 0.034744489603162 0.03373980274628 0.032683675478487 0.031605618368537 0.030505010431658 0.029418219242523
0.0097427101663633 0.0027872607635328 0.0056307798072885 0.013995410879961 0.021092633840748 0.026581544052164 0.030568329078033 0.033302182191557 0.035035749247073 0.036032882133612 0.036454680591641 0.036451957630264 0.036144592543945 0.035594097463048 0.034927402799326 0.034129486478546 0.033255582301554 0.032336385164012 0.031374680546169 0.030406735211201
0.0093128155234028 0.0029710627784349 0.0047241883662157 0.012512570244497 0.019248447785065 0.024589833652541 0.028599688709333 0.031475501608056 0.033425269977499 0.034678712531585 0.03537223159986 0.035641049348235 0.035594097463048 0.035333723173894 0.034846175839568 0.034252002666569 0.033561095483404 0.03280441190464 0.031987610385158 0.031145975796132
0.0089192798325671 0.003149409992149 0.003909653043234 0.011168332742173 0.017567792600764 0.022756221576088 0.026760623465211 0.029736502778353 0.031855495218273 0.033318675741622 0.034241231675137 0.034744489603162 0.034927402799326 0.034846175839568 0.03460383585515 0.034198918596295 0.033680809257452 0.033080078899467 0.032404645199772 0.031688164617825
0.0085582311682759 0.0032443658677587 0.0032542096260311 0.010021271798298 0.016072103382293 0.021068822255801 0.025018094896728 0.028042933790515 0.030283613876636 0.031914744448227 0.033031072652733 0.03373980274628 0.034129486478546 0.034252002666569 0.034198918596295 0.03397363727115 0.03362189754634 0.033173356601995 0.032637720452062 0.032046514411857
0.0082252962960637 0.0032899745884549 0.002702493521768 0.0090166349134304 0.014728940127433 0.019522079384771 0.02339000020872 0.026430127826946 0.028756487233748 0.030520350962824 0.031798121811673 0.032683675478487 0.033255582301554 0.033561095483404 0.033680809257452 0.03362189754634 0.03343537224045 0.033122399215722 0.032721269523696 0.032251958706297
0.0079352770762391 0.0033021826317193 0.0022407650583089 0.0081372194807878 0.013526040736097 0.018111335903052 0.021880088188917 0.024909760898614 0.027292485542221 0.029159038179144 0.030569544870586 0.031605618368537 0.032336385164012 0.03280441190464 0.033080078899467 0.033173356601995 0.033122399215722 0.03299403068968 0.032680426766452 0.0323278884471
0.0076312161471844 0.0033372679629151 0.0018349167570212 0.0073570458659617 0.012435603649259 0.016809016021957 0.020463895332026 0.023462077502301 0.025877184930596 0.027821469172112 0.029340660234633 0.030505010431658 0.031374680546169 0.031987610385158 0.032404645199772 0.032637720452062 0.032721269523696 0.032680426766452 0.032550273582613 0.032287423502832
0.0073811294042504 0.0033267794603798 0.0015064993148143 0.006680988904072 0.011466425795894 0.015631175222807 0.019163655997686 0.022114171082787 0.024541342231737 0.026541322524936 0.028147029823324 0.029418219242523 0.030406735211201 0.031145975796132 0.031688164617825 0.032046514411857 0.032251958706297 0.0323278884471 0.032287423502832 0.032174910280135
