0.16540831723407 0.080955841246222 0.060530868007243 0.047357127654861 0.037414451181288 0.029499748405151 0.02313203562128 0.018071642219874 0.01413779874407 0.01117433658929
0.080955841246222 0.050207708403697 0.042407881661329 0.035738456427549 0.029686816952501 0.024276121794408 0.019550321113261 0.015521252649501 0.012167817291775 0.0094541236601174
0.060530868007243 0.042407881661329 0.038834256799939 0.034783838226415 0.030383562942449 0.025994694237298 0.021867044442048 0.018141232155107 0.014881204634615 0.01210527298144
0.047357127654861 0.035738456427549 0.034783838226415 0.032783942484839 0.029933418142876 0.026676905208015 0.023349085960255 0.0201626864691 0.017239009582391 0.014639310813269
0.037414451181288 0.029686816952501 0.030383562942449 0.029933418142876 0.028425385103438 0.026269136447453 0.023808954459454 0.021284150727084 0.018846292406045 0.016584587213633
0.029499748405151 0.024276121794408 0.025994694237298 0.026676905208015 0.026269136447453 0.025100411210672 0.023484254740529 0.021655838630634 0.019775312005331 0.017945377642461
0.02313203562128 0.019550321113261 0.021867044442048 0.023349085960255 0.023808954459454 0.023484254740529 0.022639680252992 0.021487925200711 0.020182369112041 0.018827412212243
0.018071642219874 0.015521252649501 0.018141232155107 0.0201626864691 0.021284150727084 0.021655838630634 0.021487925200711 0.020961100399267 0.020212201625397 0.019338758227211
0.01413779874407 0.012167817291775 0.014881204634615 0.017239009582391 0.018846292406045 0.019775312005331 0.020182369112041 0.020212201625397 0.019979547829392 0.019569382459049
0.01117433658929 0.0094541236601174 0.01210527298144 0.014639310813269 0.016584587213633 0.017945377642461 0.018827412212243 0.019338758227211 0.019569382459049 0.019588353802284
