3.1415926535898 0.28317750116861 -2.1489313505539 0.40589166183014 -2.3584229243008 0.8398480783406 -2.2808803064217 1.0219678054833 -2.0080560563964 1.2210626399626
-0.28317750116861 3.1415926535898 0.16844563759219 3.0909097218216 0.032332848215388 -3.0657810092003 0.2099837642192 -2.9036157462612 0.22585956180316 -2.9261264494352
2.1489313505539 -0.16844563759219 3.1415926535898 -0.068434533166932 -3.1233488332378 -0.12089438943855 3.0577296163173 -0.062605680294321 3.107852311183 -0.0230457025286
-0.40589166183014 -3.0909097218216 0.068434533166932 3.1415926535898 -0.0073076379009602 -3.1306276508003 0.079312457039665 -3.0375253391438 0.13870268155883 -2.9742826762194
2.3584229243008 -0.032332848215388 3.1233488332378 0.0073076379009602 3.1415926535898 -0.0092982278192004 -3.1150618359019 0.051174688962036 -3.0773215582531 0.074715565688853
-0.8398480783406 3.0657810092003 0.12089438943855 3.1306276508003 0.0092982278192004 3.1415926535898 0.028605242199319 -3.0822403768973 0.076557345801295 -3.053083179605
2.2808803064217 -0.2099837642192 -3.0577296163173 -0.079312457039665 3.1150618359019 -0.028605242199319 3.1415926535898 0.02639953925523 -3.1005689117913 0.049375902089706
-1.0219678054833 2.9036157462612 0.062605680294321 3.0375253391438 -0.051174688962036 3.0822403768973 -0.02639953925523 3.1415926535898 0.012957768093744 -3.1232691613466
2.0080560563964 -0.22585956180316 -3.107852311183 -0.13870268155883 3.0773215582531 -0.076557345801295 3.1005689117913 -0.012957768093744 3.1415926535898 0.0054254148129986
-1.2210626399626 2.9261264494352 0.0230457025286 2.9742826762194 -0.074715565688853 3.053083179605 -0.049375902089706 3.1232691613466 -0.0054254148129986 3.1415926535898
