3.1415926535898 0.091633401589201 -3.0348877445504 0.1553998775919 -3.0346800260618 -0.038359278030854 -3.1142586982212 0.032145790069085 -3.0979186492011 0.06157233295432
-0.091633401589201 3.1415926535898 -0.074572631625017 3.1267376610419 -0.04957448449875 3.0949463640749 -0.0026361107638739 -3.1175376528523 0.040193881835407 -3.0771393119639
3.0348877445504 0.074572631625017 3.1415926535898 -0.05807833630112 3.0631602075051 -0.073217055699052 3.0992835979649 -0.034289165602084 3.1120954183775 -0.019378588560214
-0.1553998775919 -3.1267376610419 0.05807833630112 3.1415926535898 -0.00027016933772635 3.1374329478493 0.016449327588476 -3.1149880417625 0.036214252279278 -3.0949252882094
3.0346800260618 0.04957448449875 -3.0631602075051 0.00027016933772635 3.1415926535898 -0.0025258502576535 -3.1324173070204 0.014615192968151 -3.1205117935852 0.029929574741371
0.038359278030854 -3.0949463640749 0.073217055699052 -3.1374329478493 0.0025258502576535 3.1415926535898 0.0059916992826248 -3.1345840992026 0.011001645019362 -3.1248425563189
3.1142586982212 0.0026361107638739 -3.0992835979649 -0.016449327588476 3.1324173070204 -0.0059916992826248 3.1415926535898 0.00019709840916801 -3.13796317032 0.0080004785364997
-0.032145790069085 3.1175376528523 0.034289165602084 3.1149880417625 -0.014615192968151 3.1345840992026 -0.00019709840916801 3.1415926535898 0.0039236018643013 -3.133206283486
3.0979186492011 -0.040193881835407 -3.1120954183775 -0.036214252279278 3.1205117935852 -0.011001645019362 3.13796317032 -0.0039236018643013 3.1415926535898 0.0044350668819937
-0.06157233295432 3.0771393119639 0.019378588560214 3.0949252882094 -0.029929574741371 3.1248425563189 -0.0080004785364997 3.133206283486 -0.0044350668819937 3.1415926535898
