0.016691180334754 0.0037166899946254 0.0021546820783642 0.0020185599056375 0.0016927377256478 0.0013998964961515 0.0012412578711587 0.0011252966832262 0.0010508525136233 0.00099748545681041
0.0037166899946254 0.0053420602554221 0.0029758950067252 0.002414129868359 0.0019809530709116 0.0016938862233531 0.0015077911216515 0.0013391359651478 0.0012010806557711 0.001082899725504
0.0021546820783642 0.0029758950067252 0.0029801657499336 0.0023920456593234 0.0020528645309819 0.001823929753853 0.0016457839460457 0.001489014140038 0.0013552001695131 0.0012350857063822
0.0020185599056375 0.002414129868359 0.0023920456593234 0.0024020678660599 0.0021551801557338 0.0019611129886338 0.0017941511416276 0.0016412990137458 0.0015093788590451 0.0013863756156404
0.0016927377256478 0.0019809530709116 0.0020528645309819 0.0021551801557338 0.0021006566168266 0.001984884717943 0.0018639935108796 0.0017454608746294 0.0016374394057638 0.0015342021034534
0.0013998964961515 0.0016938862233531 0.001823929753853 0.0019611129886338 0.001984884717943 0.0019588393584701 0.0018856589429619 0.0018003303788802 0.0017154863040593 0.0016302882672384
0.0012412578711587 0.0015077911216515 0.0016457839460457 0.0017941511416276 0.0018639935108796 0.0018856589429619 0.0018586184860626 0.0018046666803111 0.0017422339029729 0.0016747113723939
0.0011252966832262 0.0013391359651478 0.001489014140038 0.0016412990137458 0.0017454608746294 0.0018003303788802 0.0018046666803111 0.0017805867174027 0.001740021436873 0.001690167493219
0.0010508525136233 0.0012010806557711 0.0013552001695131 0.0015093788590451 0.0016374394057638 0.0017154863040593 0.0017422339029729 0.001740021436873 0.0017193061307672 0.0016860062133126
0.00099748545681041 0.001082899725504 0.0012350857063822 0.0013863756156404 0.0015342021034534 0.0016302882672384 0.0016747113723939 0.001690167493219 0.0016860062133126 0.0016680387211961
