0.0008667516011316 0.00071221660769241 0.00058514134184943 0.00048928070610607 0.00042724730841116 0.0003888305282808 0.00036439603841965 0.00034552434476731 0.00033080408465483 0.00031892887584286
0.00071221660769241 0.00053360059253709 0.0004359352386741 0.00036070210812087 0.00031694569125012 0.0002896553000881 0.00027052177529898 0.00025676717799257 0.00024600514223291 0.00023725729025879
0.00058514134184943 0.0004359352386741 0.00035043848617031 0.00029253043727357 0.00025307012588301 0.00023056010863411 0.00021655819783167 0.00020556062150222 0.00019642346284995 0.00018885583218673
0.00048928070610607 0.00036070210812087 0.00029253043727357 0.00024641281417114 0.00021668946712813 0.00019730212864355 0.00018474215639374 0.00017553297218981 0.00016813520518116 0.00016219183695468
0.00042724730841116 0.00031694569125012 0.00025307012588301 0.00021668946712813 0.00018828129186091 0.00017035450892976 0.00015936175603948 0.00015166293682465 0.0001457158164785 0.00014108118857733
0.0003888305282808 0.0002896553000881 0.00023056010863411 0.00019730212864355 0.00017035450892976 0.00015319513501872 0.00014306944681696 0.00013612350364062 0.00013083653268939 0.00012678148368134
0.00036439603841965 0.00027052177529898 0.00021655819783167 0.00018474215639374 0.00015936175603948 0.00014306944681696 0.00013362641122556 0.00012712692509844 0.00012223193298366 0.00011849950484883
0.00034552434476731 0.00025676717799257 0.00020556062150222 0.00017553297218981 0.00015166293682465 0.00013612350364062 0.00012712692509844 0.0001209070164287 0.00011626781553282 0.00011277055610751
0.00033080408465483 0.00024600514223291 0.00019642346284995 0.00016813520518116 0.0001457158164785 0.00013083653268939 0.00012223193298366 0.00011626781553282 0.00011186890922007 0.00010859858481684
0.00031892887584286 0.00023725729025879 0.00018885583218673 0.00016219183695468 0.00014108118857733 0.00012678148368134 0.00011849950484883 0.00011277055610751 0.00010859858481684 0.0001055410183511
