0.0070733673951333 0.000904726719079 0.00037880982950978 0.00022032960318506 0.00035720260937785 0.00024329073938699 0.00026326777798903 0.00025544304721499 0.00023881506269732 0.00024039895215731 0.0002173763116485 0.00019916205451549 0.00018290179425252 0.00017839401567714 0.0001761700181265 0.00017107217543391 0.00017549791745909 0.00015780057164635 0.00017403627072743 0.00018073410804606
0.000904726719079 0.0058919407618147 0.0012618039844136 0.00083160461814357 0.00076480146434916 0.00056158591776826 0.00050116867191723 0.00042229770540511 0.00037364791990173 0.00033817220603694 0.00029692115792206 0.00026070173751876 0.00023893005788603 0.00022190859187876 0.00020953239920309 0.00018414213184901 0.00019772597553154 0.00020212801821066 0.00019040606932375 0.00018976377596868
0.00037880982950978 0.0012618039844136 0.0053140857781103 0.0017447462116715 0.001318067214278 0.0010572139297484 0.00082155252647428 0.00066707024249036 0.00059392134326334 0.00053608752887131 0.00048642105372885 0.00044456342625561 0.00041044328225052 0.00038107349690524 0.00035742771745841 0.00034662639829804 0.00031962394998259 0.00029383353013285 0.00028467379929355 0.00027632191553218
0.00022032960318506 0.00083160461814357 0.0017447462116715 0.0042585100007776 0.001974055713874 0.001502265694271 0.0011953976944124 0.00093019252716573 0.00077643285734572 0.00066024185806264 0.00057800857303809 0.00050765197304258 0.00045573787710939 0.00041431272509508 0.00037847752719243 0.00034287405299947 0.00032112492615942 0.0002813315764263 0.00027796673715955 0.00025083152959675
0.00035720260937785 0.00076480146434916 0.001318067214278 0.001974055713874 0.0031450631960713 0.0020595400845613 0.0015833687948359 0.0012979436802737 0.0011470228319924 0.001018438700245 0.00091735719639072 0.00083007965434754 0.00076142570457256 0.00070665164577262 0.00065791902575013 0.000614063764918 0.00057754788461069 0.00054749040580582 0.00051395100210314 0.00048450469755849
0.00024329073938699 0.00056158591776826 0.0010572139297484 0.001502265694271 0.0020595400845613 0.0026264177218281 0.001998140104652 0.0016168521872123 0.0014141917017866 0.0012574797419847 0.0011289893862316 0.0010147971766302 0.0009264918462877 0.00085157324513847 0.00078759531266745 0.00072770182402823 0.0006857461211522 0.00065267467132328 0.00060659102366025 0.00057352715322253
0.00026326777798903 0.00050116867191723 0.00082155252647428 0.0011953976944124 0.0015833687948359 0.001998140104652 0.0020113406404338 0.0016905014215877 0.0015019306747903 0.0013528152153726 0.0012213815260172 0.0011009409642485 0.0010033949666368 0.00092227811234243 0.00085168891437839 0.00078742228995913 0.00073831610279141 0.00069560884322388 0.0006494339363638 0.00061336243768834
0.00025544304721499 0.00042229770540511 0.00066707024249036 0.00093019252716573 0.0012979436802737 0.0016168521872123 0.0016905014215877 0.0016656262186785 0.0015356150102673 0.0014156468058875 0.001305047070137 0.0011975340911344 0.0011063985621334 0.001026420072441 0.00095586741385786 0.00088805038055906 0.00083880215178796 0.00078833658349131 0.00074365983410112 0.00070581786531553
0.00023881506269732 0.00037364791990173 0.00059392134326334 0.00077643285734572 0.0011470228319924 0.0014141917017866 0.0015019306747903 0.0015356150102673 0.0015161095942675 0.0014310102578235 0.0013406202310295 0.0012464462805818 0.001163894105422 0.0010894889767297 0.001022183329773 0.00095628116661905 0.00090839174319435 0.00086052378135694 0.00081376908168398 0.00077500536489691
0.00024039895215731 0.00033817220603694 0.00053608752887131 0.00066024185806264 0.001018438700245 0.0012574797419847 0.0013528152153726 0.0014156468058875 0.0014310102578235 0.0014037338732402 0.0013397263114801 0.0012634176032402 0.0011932960590265 0.0011269082525483 0.0010653846081736 0.0010037499350744 0.00095805221689298 0.00091111746461785 0.00086605183920384 0.00082760502423816
0.0002173763116485 0.00029692115792206 0.00048642105372885 0.00057800857303809 0.00091735719639072 0.0011289893862316 0.0012213815260172 0.001305047070137 0.0013406202310295 0.0013397263114801 0.0013093404975067 0.0012532952378153 0.0011973415002857 0.0011413187653879 0.0010875073006286 0.0010324092143045 0.0009901958844812 0.00094543759046015 0.00090413929640901 0.0008673235574347
0.00019916205451549 0.00026070173751876 0.00044456342625561 0.00050765197304258 0.00083007965434754 0.0010147971766302 0.0011009409642485 0.0011975340911344 0.0012464462805818 0.0012634176032402 0.0012532952378153 0.0012181521440395 0.001176477822803 0.0011313931882552 0.0010861935749034 0.0010387098767406 0.0010008622195236 0.00095951931865817 0.00092251653434191 0.00088840509825665
0.00018290179425252 0.00023893005788603 0.00041044328225052 0.00045573787710939 0.00076142570457256 0.0009264918462877 0.0010033949666368 0.0011063985621334 0.001163894105422 0.0011932960590265 0.0011973415002857 0.001176477822803 0.0011485512452988 0.0011140279512215 0.001077264588366 0.0010377626897221 0.0010041169826344 0.00096570765355509 0.00093382772223284 0.00090277774912128
0.00017839401567714 0.00022190859187876 0.00038107349690524 0.00041431272509508 0.00070665164577262 0.00085157324513847 0.00092227811234243 0.001026420072441 0.0010894889767297 0.0011269082525483 0.0011413187653879 0.0011313931882552 0.0011140279512215 0.0010894203881512 0.0010607923705593 0.0010288164406659 0.00099984201718357 0.00096473300702715 0.00093799941274666 0.00091024999571972
0.0001761700181265 0.00020953239920309 0.00035742771745841 0.00037847752719243 0.00065791902575013 0.00078759531266745 0.00085168891437839 0.00095586741385786 0.001022183329773 0.0010653846081736 0.0010875073006286 0.0010861935749034 0.001077264588366 0.0010607923705593 0.0010396095393004 0.0010146729429854 0.00099025792690973 0.00095869466587199 0.00093680564076125 0.00091236604613471
0.00017107217543391 0.00018414213184901 0.00034662639829804 0.00034287405299947 0.000614063764918 0.00072770182402823 0.00078742228995913 0.00088805038055906 0.00095628116661905 0.0010037499350744 0.0010324092143045 0.0010387098767406 0.0010377626897221 0.0010288164406659 0.0010146729429854 0.0010434146257261 0.00097756212433963 0.00095025682274527 0.00093344616729759 0.0009127456245923
0.00017549791745909 0.00019772597553154 0.00031962394998259 0.00032112492615942 0.00057754788461069 0.0006857461211522 0.00073831610279141 0.00083880215178796 0.00090839174319435 0.00095805221689298 0.0009901958844812 0.0010008622195236 0.0010041169826344 0.00099984201718357 0.00099025792690973 0.00097756212433963 0.00096092107087156 0.00093644376620545 0.00092297798974391 0.00090488867866166
0.00015780057164635 0.00020212801821066 0.00029383353013285 0.0002813315764263 0.00054749040580582 0.00065267467132328 0.00069560884322388 0.00078833658349131 0.00086052378135694 0.00091111746461785 0.00094543759046015 0.00095951931865817 0.00096570765355509 0.00096473300702715 0.00095869466587199 0.00095025682274527 0.00093644376620545 0.00095749071187423 0.00090497626824773 0.00088972674340838
0.00017403627072743 0.00019040606932375 0.00028467379929355 0.00027796673715955 0.00051395100210314 0.00060659102366025 0.0006494339363638 0.00074365983410112 0.00081376908168398 0.00086605183920384 0.00090413929640901 0.00092251653434191 0.00093382772223284 0.00093799941274666 0.00093680564076125 0.00093344616729759 0.00092297798974391 0.00090497626824773 0.00089913066767734 0.00088578002875571
0.00018073410804606 0.00018976377596868 0.00027632191553218 0.00025083152959675 0.00048450469755849 0.00057352715322253 0.00061336243768834 0.00070581786531553 0.00077500536489691 0.00082760502423816 0.0008673235574347 0.00088840509825665 0.00090277774912128 0.00091024999571972 0.00091236604613471 0.0009127456245923 0.00090488867866166 0.00088972674340838 0.00088578002875571 0.00087903145014528
