0.20360238092502 0.086118889461374 0.052348734059979 0.033470289661866 0.022374710062142 0.015664709728917 0.011441730266307 0.0086577207188333 0.0068521775186942 0.0054798787224098 0.0046262053473275 0.0039076845162529 0.0032495930252095 0.0030819655372956 0.00286085036094 0.0026436831183937 0.0025252671348421 0.0023957015859632 0.0022998272315221 0.0022179437126819
0.086118889461374 0.066025995647236 0.052751546241132 0.04039626649472 0.030698788767972 0.023531938588475 0.018301622308912 0.014449287301487 0.011539038229681 0.00931989536743 0.0075578101163645 0.0061696758817316 0.0050460323895927 0.0041124949267709 0.0033414170340539 0.0027114896998757 0.002178829598264 0.0017446076351131 0.001433870293969 0.0010571466400216
0.052348734059979 0.052751546241132 0.049997930804789 0.043432639985402 0.036414998080061 0.030188792036615 0.025023556827794 0.020832290106017 0.017417101258953 0.014647773979509 0.012338249890074 0.010435335105274 0.0088632397137591 0.0074621140852618 0.0062905611352953 0.00529930264448 0.0044350051361453 0.0036901761578667 0.0030593963642626 0.0024984458574078
0.033470289661866 0.04039626649472 0.043432639985402 0.041620295568906 0.037770518500501 0.033418143004 0.029249383446445 0.025507033908613 0.022220496311558 0.019385501038432 0.016913438638597 0.014785520452624 0.012954592436767 0.011306020110295 0.0098799897167924 0.0086370987417447 0.0075339085011241 0.0065550065199326 0.0056404544964904 0.0049541267532924
0.022374710062142 0.030698788767972 0.036414998080061 0.037770518500501 0.036589610281944 0.034188235790712 0.031336725353862 0.028433172881549 0.025653997417916 0.023092240906595 0.020747444846847 0.018638970439749 0.016743589739235 0.015026096209381 0.01348569016176 0.012107443202643 0.010861981313272 0.0097321882454544 0.0086254849727601 0.0078355543085119
0.015664709728917 0.023531938588475 0.030188792036615 0.033418143004 0.034188235790712 0.033450165124705 0.031887401535061 0.02992955583384 0.027822839575833 0.025719145913298 0.023680794007891 0.021759675277632 0.019950605366885 0.018296152531377 0.016756527061844 0.015343977045542 0.014042979780854 0.012839158366802 0.011627552967479 0.010763193996288
0.011441730266307 0.018301622308912 0.025023556827794 0.029249383446445 0.031336725353862 0.031887401535061 0.031436733138152 0.030377889055909 0.0289729195344 0.027399552609958 0.025757779722171 0.024122216097664 0.022499354602982 0.020996437094831 0.019542067992641 0.018173127616317 0.01688622294173 0.015671788027315 0.014426743653363 0.01352054261184
0.0086577207188333 0.014449287301487 0.020832290106017 0.025507033908613 0.028433172881549 0.02992955583384 0.030377889055909 0.030105774932966 0.029359627050662 0.02831995456913 0.027104719882245 0.025801473081464 0.024422476334311 0.023124867116503 0.02181252836055 0.020542676394822 0.019321847896714 0.018145712231549 0.016922061730127 0.016005335769873
0.0068521775186942 0.011539038229681 0.017417101258953 0.022220496311558 0.025653997417916 0.027822839575833 0.0289729195344 0.029359627050662 0.02919898731332 0.028659679388769 0.027865028264954 0.02690679751119 0.025798412779898 0.024734706888815 0.023599175392578 0.022464958911231 0.021346676654243 0.020244482844439 0.019082231142129 0.018182264169684
0.0054798787224098 0.00931989536743 0.014647773979509 0.019385501038432 0.023092240906595 0.025719145913298 0.027399552609958 0.02831995456913 0.028659679388769 0.02856911973578 0.028167049603222 0.027544542482904 0.026712062763935 0.02589179986236 0.024950438468158 0.023973335778166 0.022980827968204 0.021977138550435 0.0209036314606 0.020042727999613
0.0046262053473275 0.0075578101163645 0.012338249890074 0.016913438638597 0.020747444846847 0.023680794007891 0.025757779722171 0.027104719882245 0.027865028264954 0.028167049603222 0.02812138340605 0.027813630802089 0.027249066059761 0.026670707361508 0.025929518259924 0.025119934412822 0.024266778845331 0.023377090857414 0.0224101582609 0.021605306343063
0.0039076845162529 0.0061696758817316 0.010435335105274 0.014785520452624 0.018638970439749 0.021759675277632 0.024122216097664 0.025801473081464 0.02690679751119 0.027544542482904 0.027813630802089 0.027792951116512 0.027479623284017 0.027132683178528 0.026588671583728 0.025948823524843 0.025240644677355 0.024473570928101 0.023623179098596 0.022886878973673
0.0032495930252095 0.0050460323895927 0.0088632397137591 0.012954592436767 0.016743589739235 0.019950605366885 0.022499354602982 0.024422476334311 0.025798412779898 0.026712062763935 0.027249066059761 0.027479623284017 0.027606633344295 0.02725886589875 0.02690039038104 0.026423798874969 0.025858019075664 0.025214146570835 0.024482317764983 0.023820649158389
0.0030819655372956 0.0041124949267709 0.0074621140852618 0.011306020110295 0.015026096209381 0.018296152531377 0.020996437094831 0.023124867116503 0.024734706888815 0.02589179986236 0.026670707361508 0.027132683178528 0.02725886589875 0.027328395099832 0.027151345802354 0.02683744441222 0.026416747721611 0.025901099272334 0.025293638789101 0.024716717759493
0.00286085036094 0.0033414170340539 0.0062905611352953 0.0098799897167924 0.01348569016176 0.016756527061844 0.019542067992641 0.02181252836055 0.023599175392578 0.024950438468158 0.025929518259924 0.026588671583728 0.02690039038104 0.027151345802354 0.027138852794081 0.026975163788325 0.026690579229383 0.026297228355444 0.02580921628363 0.025317304933795
0.0026436831183937 0.0027114896998757 0.00529930264448 0.0086370987417447 0.012107443202643 0.015343977045542 0.018173127616317 0.020542676394822 0.022464958911231 0.023973335778166 0.025119934412822 0.025948823524843 0.026423798874969 0.02683744441222 0.026975163788325 0.026951023563827 0.026794817608895 0.026518740954755 0.026145812611756 0.02573959690702
0.0025252671348421 0.002178829598264 0.0044350051361453 0.0075339085011241 0.010861981313272 0.014042979780854 0.01688622294173 0.019321847896714 0.021346676654243 0.022980827968204 0.024266778845331 0.025240644677355 0.025858019075664 0.026416747721611 0.026690579229383 0.026794817608895 0.026758595046953 0.026593521266762 0.026330223944145 0.026008784330588
0.0023957015859632 0.0017446076351131 0.0036901761578667 0.0065550065199326 0.0097321882454544 0.012839158366802 0.015671788027315 0.018145712231549 0.020244482844439 0.021977138550435 0.023377090857414 0.024473570928101 0.025214146570835 0.025901099272334 0.026297228355444 0.026518740954755 0.026593521266762 0.02656732741965 0.026372917614512 0.026134410058342
0.0022998272315221 0.001433870293969 0.0030593963642626 0.0056404544964904 0.0086254849727601 0.011627552967479 0.014426743653363 0.016922061730127 0.019082231142129 0.0209036314606 0.0224101582609 0.023623179098596 0.024482317764983 0.025293638789101 0.02580921628363 0.026145812611756 0.026330223944145 0.026372917614512 0.026789945978016 0.026160752995815
0.0022179437126819 0.0010571466400216 0.0024984458574078 0.0049541267532924 0.0078355543085119 0.010763193996288 0.01352054261184 0.016005335769873 0.018182264169684 0.020042727999613 0.021605306343063 0.022886878973673 0.023820649158389 0.024716717759493 0.025317304933795 0.02573959690702 0.026008784330588 0.026134410058342 0.026160752995815 0.026088691029067
