0 3.0288212868851 -0.15237660198939 -2.9980690944042 -0.01776379222916 2.8766872204343 -0.19240955734074 2.9582578546365 -0.084664413050383 2.9111859529629
-3.0288212868851 0 3.128367550442 0.059814123957881 2.6863154478307 -0.79749872376705 2.4816344188866 -0.83292699267956 2.5541308687525 -0.65412923571216
0.15237660198939 -3.128367550442 0 3.1373077145722 0.0076694011277639 -2.927576870382 0.0900604895988 3.1197775198337 -0.13057488145024 2.9518182520445
2.9980690944042 -0.059814123957881 -3.1373077145722 0 3.1192579763175 0.027863546479838 -3.0738887537611 -0.032096951474067 3.0232408732547 -0.17122696216036
0.01776379222916 -2.6863154478307 -0.0076694011277639 -3.1192579763175 0 3.1369778102322 -0.038263156791536 3.1028252238158 -0.032375648267598 3.0931642017454
-2.8766872204343 0.79749872376705 2.927576870382 -0.027863546479838 -3.1369778102322 0 3.1067712484157 -0.035983947060921 3.1255651477296 -0.0058208546413832
0.19240955734074 -2.4816344188866 -0.0900604895988 3.0738887537611 0.038263156791536 -3.1067712484157 0 -3.131378243833 0.015839342750386 -3.1171237344806
-2.9582578546365 0.83292699267956 -3.1197775198337 0.032096951474067 -3.1028252238158 0.035983947060921 3.131378243833 0 -3.1266867761352 0.024719137454452
0.084664413050383 -2.5541308687525 0.13057488145024 -3.0232408732547 0.032375648267598 -3.1255651477296 -0.015839342750386 3.1266867761352 0 -3.1310083922735
-2.9111859529629 0.65412923571216 -2.9518182520445 0.17122696216036 -3.0931642017454 0.0058208546413832 3.1171237344806 -0.024719137454452 3.1310083922735 0
