0 3.1339618110771 -0.1491569901302 2.9543541870786 -0.14893649092723 2.9884728188701 -0.14440817521474 2.9759293477124 -0.1985584068908 2.9158948066729
-3.1339618110771 0 -3.1247316931289 -0.011946477673669 3.1378833837752 -0.019228516132139 3.1069311737392 -0.055460150333777 3.0605104923828 -0.1054132086907
0.1491569901302 3.1247316931289 0 3.1349580735378 -0.011241954367189 3.1190068595648 -0.028647356480552 3.1107182448209 -0.032622184040713 3.1085639784705
-2.9543541870786 0.011946477673669 -3.1349580735378 0 3.1404703529777 -0.0039931511676824 3.1394796892494 0.00023217011665788 -3.1402935179555 0.0016388115016269
0.14893649092723 -3.1378833837752 0.011241954367189 -3.1404703529777 0 -3.1407392458481 0.0048654811078057 -3.133384970726 0.010133497394752 -3.1304945347765
-2.9884728188701 0.019228516132139 -3.1190068595648 0.0039931511676824 3.1407392458481 0 -3.1380577038201 0.005520491979438 -3.1353184846273 0.0059996669441507
0.14440817521474 -3.1069311737392 0.028647356480552 -3.1394796892494 -0.0048654811078057 3.1380577038201 0 -3.1399014739733 0.0021445937562021 -3.1400389091385
-2.9759293477124 0.055460150333777 -3.1107182448209 -0.00023217011665788 3.133384970726 -0.005520491979438 3.1399014739733 0 -3.1412517855136 -0.00041028652275551
0.1985584068908 -3.0605104923828 0.032622184040713 3.1402935179555 -0.010133497394752 3.1353184846273 -0.0021445937562021 3.1412517855136 0 3.1408039575883
-2.9158948066729 0.1054132086907 -3.1085639784705 -0.0016388115016269 3.1304945347765 -0.0059996669441507 3.1400389091385 0.00041028652275551 -3.1408039575883 0
