0.00062836841570768 0.00049137235094405 0.00043478779427413 0.0003979158103858 0.00035664858335398 0.0003344723675829 0.0003201797047983 0.00030785700486383 0.00029968224784846 0.00029336112394521
0.00049137235094405 0.00038250465496292 0.00033713044360711 0.00030637821075015 0.00026981947371268 0.00024476329046748 0.00023193025058656 0.00022418181666433 0.00021925588452635 0.00021534464462081
0.00043478779427413 0.00033713044360711 0.00028932569391287 0.00026977201662184 0.00024551476301262 0.00022761930460179 0.00021717640343216 0.00020932799507558 0.00020404119625937 0.00019989024428288
0.0003979158103858 0.00030637821075015 0.00026977201662184 0.00024927372438656 0.00022642501336785 0.00021554077852379 0.00020683971498373 0.00020074164745739 0.0001960277248636 0.00019207222801152
0.00035664858335398 0.00026981947371268 0.00024551476301262 0.00022642501336785 0.00020827586474689 0.00019870358259616 0.00019273305699205 0.00018770036840709 0.00018400922363206 0.00018094910919383
0.0003344723675829 0.00024476329046748 0.00022761930460179 0.00021554077852379 0.00019870358259616 0.0001913282855725 0.00018703517465976 0.00018259521183267 0.00017885163165866 0.00017562224708321
0.0003201797047983 0.00023193025058656 0.00021717640343216 0.00020683971498373 0.00019273305699205 0.00018703517465976 0.00018359640410485 0.00018002066641259 0.00017669720083092 0.00017362431165983
0.00030785700486383 0.00022418181666433 0.00020932799507558 0.00020074164745739 0.00018770036840709 0.00018259521183267 0.00018002066641259 0.00017685335103914 0.00017387337884453 0.00017107457748589
0.00029968224784846 0.00021925588452635 0.00020404119625937 0.0001960277248636 0.00018400922363206 0.00017885163165866 0.00017669720083092 0.00017387337884453 0.0001713021660246 0.0001689078565611
0.00029336112394521 0.00021534464462081 0.00019989024428288 0.00019207222801152 0.00018094910919383 0.00017562224708321 0.00017362431165983 0.00017107457748589 0.0001689078565611 0.00016695299169793
