0.0012182847609468 0.0011700868043912 0.00088177246752864 0.00082880693858607 0.00076203726648036 0.00060691184806386 0.00060759460352905 0.00058584654014353 0.00058208627494099 0.00054310280877548
0.0011700868043912 0.0015394851682183 0.0008169762954342 0.0011068429429571 0.00088538361439206 0.00069296447317165 0.00075706803280662 0.00070935055908449 0.00071846666447131 0.00066333109638614
0.00088177246752864 0.0008169762954342 0.0014109772118279 0.0006679623270958 0.00058941958195054 0.00058002696026136 0.00062245370905331 0.0006257713517994 0.00063147760380049 0.0006134269816587
0.00082880693858607 0.0011068429429571 0.0006679623270958 0.0012712641962724 0.00084927082708622 0.0006287979737345 0.00066100988852036 0.00057730640199931 0.00059976627666138 0.00056354848524089
0.00076203726648036 0.00088538361439206 0.00058941958195054 0.00084927082708622 0.00062838959926149 0.00048703309391436 0.00045963045097315 0.00041459088419979 0.00041429012873856 0.00039175130267075
0.00060691184806386 0.00069296447317165 0.00058002696026136 0.0006287979737345 0.00048703309391436 0.00049801857659808 0.000465670061026 0.000454202421788 0.00043837290841117 0.00041832637053081
0.00060759460352905 0.00075706803280662 0.00062245370905331 0.00066100988852036 0.00045963045097315 0.000465670061026 0.00048550771484118 0.00048561899186668 0.0004720212701189 0.00045282900529393
0.00058584654014353 0.00070935055908449 0.0006257713517994 0.00057730640199931 0.00041459088419979 0.000454202421788 0.00048561899186668 0.00051895086967431 0.00049771930499492 0.00047338597388598
0.00058208627494099 0.00071846666447131 0.00063147760380049 0.00059976627666138 0.00041429012873856 0.00043837290841117 0.0004720212701189 0.00049771930499492 0.00048442934883404 0.00046216559585862
0.00054310280877548 0.00066333109638614 0.0006134269816587 0.00056354848524089 0.00039175130267075 0.00041832637053081 0.00045282900529393 0.00047338597388598 0.00046216559585862 0.0004438679650563
