0.00052533701833507 0.00037935957070415 0.00030791419516227 0.00026152470037669 0.00024240984855263 0.00023054342400952 0.00022022753817853 0.00021118050587536 0.00020369565522796 0.00019730322171799
0.00037935957070415 0.00026457584309813 0.0002160916637852 0.00018419642250315 0.000168740593484 0.00015967434183551 0.00015271991906374 0.00014693383064493 0.00014239481393376 0.00013854521627004
0.00030791419516227 0.0002160916637852 0.00017446110054623 0.00015328211014528 0.0001416741601779 0.00013377985005459 0.00012751169651331 0.00012192202745573 0.00011735908598704 0.00011353436819267
0.00026152470037669 0.00018419642250315 0.00015328211014528 0.0001354653194047 0.00012584366608741 0.00011858137166745 0.00011269860201584 0.00010760495367988 0.00010367723504662 0.00010061191789
0.00024240984855263 0.000168740593484 0.0001416741601779 0.00012584366608741 0.00011663144567565 0.00011000101701654 0.00010473049094935 0.00010037848153415 9.7103662858709e-05 9.4598687399083e-05
0.00023054342400952 0.00015967434183551 0.00013377985005459 0.00011858137166745 0.00011000101701654 0.00010375481803829 9.90298462227e-05 9.5283391812788e-05 9.24688497253e-05 9.0311130718622e-05
0.00022022753817853 0.00015271991906374 0.00012751169651331 0.00011269860201584 0.00010473049094935 9.90298462227e-05 9.4871413247283e-05 9.171134321465e-05 8.9334248781181e-05 8.7492755786596e-05
0.00021118050587536 0.00014693383064493 0.00012192202745573 0.00010760495367988 0.00010037848153415 9.5283391812788e-05 9.171134321465e-05 8.9067270550969e-05 8.7062996063285e-05 8.5478999925652e-05
0.00020369565522796 0.00014239481393376 0.00011735908598704 0.00010367723504662 9.7103662858709e-05 9.24688497253e-05 8.9334248781181e-05 8.7062996063285e-05 8.5334385940018e-05 8.3943939243785e-05
0.00019730322171799 0.00013854521627004 0.00011353436819267 0.00010061191789 9.4598687399083e-05 9.0311130718622e-05 8.7492755786596e-05 8.5478999925652e-05 8.3943939243785e-05 8.269369591947e-05
