0.0044389332883381 0.0024772970658999 0.0021812968756725 0.0021597343883207 0.0021926392408947 0.0022197402600522 0.0022158663212748 0.0021974370935113 0.002176222624985 0.0021553277394406
0.0024772970658999 0.0012999754910648 0.0012316038595118 0.0012562796194056 0.0012874730306286 0.001306866770924 0.0013082605865 0.001300622276274 0.0012903868857994 0.0012795938462381
0.0021812968756725 0.0012316038595118 0.0011645026653493 0.0011878160989543 0.0012206955026797 0.0012409478194016 0.0012451827777021 0.0012408953299856 0.0012339121722514 0.0012259927210853
0.0021597343883207 0.0012562796194056 0.0011878160989543 0.0012073400659802 0.00123952408299 0.0012595924473152 0.0012641506251128 0.0012604394116126 0.0012542662920905 0.0012472821053317
0.0021926392408947 0.0012874730306286 0.0012206955026797 0.00123952408299 0.0012710965874192 0.0012900551746496 0.00129367254859 0.0012891823810345 0.0012824508900349 0.0012750886619592
0.0022197402600522 0.001306866770924 0.0012409478194016 0.0012595924473152 0.0012900551746496 0.0013075749237418 0.001309991717548 0.0013045956061728 0.0012972685168573 0.0012895726119964
0.0022158663212748 0.0013082605865 0.0012451827777021 0.0012641506251128 0.00129367254859 0.001309991717548 0.0013114728126863 0.0013054630145807 0.001297794270555 0.0012899669553425
0.0021974370935113 0.001300622276274 0.0012408953299856 0.0012604394116126 0.0012891823810345 0.0013045956061728 0.0013054630145807 0.0012990828856601 0.0012912312225097 0.0012833653731408
0.002176222624985 0.0012903868857994 0.0012339121722514 0.0012542662920905 0.0012824508900349 0.0012972685168573 0.001297794270555 0.0012912312225097 0.0012832922485055 0.0012754214601543
0.0021553277394406 0.0012795938462381 0.0012259927210853 0.0012472821053317 0.0012750886619592 0.0012895726119964 0.0012899669553425 0.0012833653731408 0.0012754214601543 0.0012675767656839
