0.024350618176096 0.01388254564437 0.012551512151435 0.011916698998755 0.011471581913749 0.011100222914733 0.010766079394325 0.010455109832131 0.010161686762291 0.0098825219626508 0.009615536225647 0.0093604807502016 0.0091164068858935 0.008882582238384 0.0086597969635478 0.0084435629238733 0.0082383278213188 0.0080400718839526 0.0078516475123138 0.0076690718982159
0.01388254564437 0.0081687416672666 0.0075376805510363 0.007266992379804 0.0070798166515069 0.006916290744995 0.0067600002344151 0.0066063134720856 0.0064545639662193 0.0063047504631739 0.0061569757973372 0.0060125261840818 0.0058715490385932 0.0057342794440355 0.0056016051407451 0.0054714960444144 0.0053464039037993 0.0052245930388379 0.0051080295523148 0.0049942069689966
0.012551512151435 0.0075376805510363 0.0070565759701121 0.0068823486099899 0.0067692966679774 0.0066658900978611 0.0065593664911898 0.0064472922228302 0.0063304728146426 0.0062101595370637 0.0060872874558172 0.0059639772819402 0.0058409200837224 0.0057188423099134 0.0055989775418646 0.0054798260808574 0.0053638293781978 0.0052497836773257 0.0051396075705623 0.005031104989393
0.011916698998755 0.007266992379804 0.0068823486099899 0.0067783842669934 0.0067233234712316 0.0066690502694529 0.0066043346790164 0.0065277990465404 0.0064410438401991 0.0063461344464905 0.0062445716790242 0.006139086756075 0.006030824557454 0.0059209205358701 0.00581096466795 0.0056997770845818 0.0055899951773879 0.0054807488846401 0.0053740376704882 0.005267896692217
0.011471581913749 0.0070798166515069 0.0067692966679774 0.0067233234712316 0.0067188272002336 0.006709271774931 0.0066839500432533 0.0066418845184305 0.0065850282906108 0.006515936006808 0.0064364728132587 0.0063498015378827 0.0062574270378817 0.0061608162029488 0.0060618905149323 0.0059596790839114 0.0058570948875049 0.0057534842618415 0.0056510053758617 0.0055478851363783
0.011100222914733 0.006916290744995 0.0066658900978611 0.0066690502694529 0.006709271774931 0.0067407706850431 0.006752798849767 0.0067443445527395 0.0067173898443393 0.0066747172174262 0.0066183792187852 0.0065518154471687 0.0064767920365309 0.0063950292554782 0.0063087334993713 0.0062170686203311 0.0061232448334676 0.0060267474892913 0.0059299278567569 0.005831175578305
0.010766079394325 0.0067600002344151 0.0065593664911898 0.0066043346790164 0.0066839500432533 0.006752798849767 0.0067997945917651 0.0068236144216604 0.0068260425603903 0.0068098829309357 0.0067772271874304 0.0067316590580646 0.0066751099722196 0.0066094785122581 0.0065372000000917 0.0064575145813426 0.006373921387322 0.0062859897290192 0.0061962728257097 0.0061032933671698
0.010455109832131 0.0066063134720856 0.0064472922228302 0.0065277990465404 0.0066418845184305 0.0067443445527395 0.0068236144216604 0.0068779154089541 0.0069086622739787 0.0069185509587686 0.0069095869543096 0.0068853909704422 0.0068479731785904 0.0067993401262041 0.0067421015849555 0.0066755205835594 0.0066033600443283 0.0065252324252936 0.0064438906288646 0.0063579562543837
0.010161686762291 0.0064545639662193 0.0063304728146426 0.0064410438401991 0.0065850282906108 0.0067173898443393 0.0068260425603903 0.0069086622739787 0.0069662811290837 0.0070012539044674 0.0070155091007912 0.0070125879991483 0.0069945081474169 0.0069633239881077 0.0069217647170208 0.0068690723781513 0.0068092376402599 0.0067418864725034 0.0066699583533206 0.0065921427082184
0.0098825219626508 0.0063047504631739 0.0062101595370637 0.0063461344464905 0.006515936006808 0.0066747172174262 0.0068098829309357 0.0069185509587686 0.0070012539044674 0.0070601806810929 0.0070967905949662 0.0071146950895572 0.0071158090949016 0.0071021844406463 0.0070766249136552 0.0070383055676259 0.0069914125189428 0.0069355587809822 0.0068738540189693 0.0068050262916808
0.009615536225647 0.0061569757973372 0.0060872874558172 0.0062445716790242 0.0064364728132587 0.0066183792187852 0.0067772271874304 0.0069095869543096 0.0070155091007912 0.0070967905949662 0.0071547895310702 0.0071927890861191 0.007212660786432 0.0072164104262747 0.0072068728788066 0.0071831324719494 0.0071495360999976 0.0071056683556112 0.0070547695123695 0.0069955842920617
0.0093604807502016 0.0060125261840818 0.0059639772819402 0.006139086756075 0.0063498015378827 0.0065518154471687 0.0067316590580646 0.0068853909704422 0.0070125879991483 0.0071146950895572 0.0071927890861191 0.0072499666816997 0.0072879511206239 0.0073086685923406 0.0073149504774823 0.0073057756631319 0.0072856187084202 0.0072540123073548 0.0072143079207255 0.0071652380046814
0.0091164068858935 0.0058715490385932 0.0058409200837224 0.006030824557454 0.0062574270378817 0.0064767920365309 0.0066751099722196 0.0068479731785904 0.0069945081474169 0.0071158090949016 0.007212660786432 0.0072879511206239 0.0073432454154195 0.0073803538138581 0.0074020861517011 0.0074072823648914 0.0074005194365113 0.0073812633175325 0.007352955889149 0.0073143054296669
0.008882582238384 0.0057342794440355 0.0057188423099134 0.0059209205358701 0.0061608162029488 0.0063950292554782 0.0066094785122581 0.0067993401262041 0.0069633239881077 0.0071021844406463 0.0072164104262747 0.0073086685923406 0.0073803538138581 0.0074331631700489 0.0074698447980392 0.0074890787985281 0.007495513037012 0.0074885447855011 0.0074716893899191 0.0074436228938014
0.0086597969635478 0.0056016051407451 0.0055989775418646 0.00581096466795 0.0060618905149323 0.0063087334993713 0.0065372000000917 0.0067421015849555 0.0069217647170208 0.0070766249136552 0.0072068728788066 0.0073149504774823 0.0074020861517011 0.0074698447980392 0.0075210692765184 0.0075537753963303 0.0075731250302446 0.0075782922633881 0.0075728491670118 0.0075554341464617
0.0084435629238733 0.0054714960444144 0.0054798260808574 0.0056997770845818 0.0059596790839114 0.0062170686203311 0.0064575145813426 0.0066755205835594 0.0068690723781513 0.0070383055676259 0.0071831324719494 0.0073057756631319 0.0074072823648914 0.0074890787985281 0.0075537753963303 0.00759967993453 0.0076314811894645 0.0076484610880376 0.0076542229051017 0.0076473418236256
0.0082383278213188 0.0053464039037993 0.0053638293781978 0.0055899951773879 0.0058570948875049 0.0061232448334676 0.006373921387322 0.0066033600443283 0.0068092376402599 0.0069914125189428 0.0071495360999976 0.0072856187084202 0.0074005194365113 0.007495513037012 0.0075731250302446 0.0076314811894645 0.0076754569603728 0.0077038361538924 0.0077205835636764 0.0077241066834231
0.0080400718839526 0.0052245930388379 0.0052497836773257 0.0054807488846401 0.0057534842618415 0.0060267474892913 0.0062859897290192 0.0065252324252936 0.0067418864725034 0.0069355587809822 0.0071056683556112 0.0072540123073548 0.0073812633175325 0.0074885447855011 0.0075782922633881 0.0076484610880376 0.0077038361538924 0.0077435242058338 0.0077708794863456 0.0077845825990733
0.0078516475123138 0.0051080295523148 0.0051396075705623 0.0053740376704882 0.0056510053758617 0.0059299278567569 0.0061962728257097 0.0064438906288646 0.0066699583533206 0.0068738540189693 0.0070547695123695 0.0072143079207255 0.007352955889149 0.0074716893899191 0.0075728491670118 0.0076542229051017 0.0077205835636764 0.0077708794863456 0.0078086642744345 0.0078322966227796
0.0076690718982159 0.0049942069689966 0.005031104989393 0.005267896692217 0.0055478851363783 0.005831175578305 0.0061032933671698 0.0063579562543837 0.0065921427082184 0.0068050262916808 0.0069955842920617 0.0071652380046814 0.0073143054296669 0.0074436228938014 0.0075554341464617 0.0076473418236256 0.0077241066834231 0.0077845825990733 0.0078322966227796 0.0078655839400724
