-0.0074573768972411 -3.6773943099213e-05 -4.6016816752973e-05 6.8081643291014e-05 0.00010002654160491 -1.3160515505233e-05 3.6028856028929e-05 -2.263480348018e-05 1.869831755292e-05 -1.7942949068159e-05
-3.6773943099213e-05 -0.0063940410182305 0.00089060654007994 -0.00039552843830667 0.00038177314117546 -0.00027711169736801 0.00023662228704931 -0.00019596721220435 0.00016089612848596 -0.00013194886455907
-4.6016816752973e-05 0.00089060654007994 -0.0044488169013418 0.001328022751506 -0.00085736049255113 0.00062320315787124 -0.0004640990494963 0.00039033606511624 -0.00031661284226716 0.0002589308782976
6.8081643291014e-05 -0.00039552843830667 0.001328022751506 -0.0029657204107437 0.0015085034359329 -0.0010379837978117 0.00077444090685359 -0.00061082590689454 0.00050966999261155 -0.00042750040272981
0.00010002654160491 0.00038177314117546 -0.00085736049255113 0.0015085034359329 -0.0020348999290404 0.0014458720683802 -0.0011237568146944 0.00090734425555063 -0.00075558260704632 0.00064966902465057
-1.3160515505233e-05 -0.00027711169736801 0.00062320315787124 -0.0010379837978117 0.0014458720683802 -0.0015210207265387 0.0012634645894487 -0.0010650182121849 0.0009181964806772 -0.00080791194587387
3.6028856028929e-05 0.00023662228704931 -0.0004640990494963 0.00077444090685359 -0.0011237568146944 0.0012634645894487 -0.0012422138842859 0.0011044109573408 -0.00098565356110058 0.00088771253609837
-2.263480348018e-05 -0.00019596721220435 0.00039033606511624 -0.00061082590689454 0.00090734425555063 -0.0010650182121849 0.0011044109573408 -0.0010640877139814 0.00098574217211633 -0.00091016603367271
1.869831755292e-05 0.00016089612848596 -0.00031661284226716 0.00050966999261155 -0.00075558260704632 0.0009181964806772 -0.00098565356110058 0.00098574217211633 -0.00095232459328286 0.00090098813176677
-1.7942949068159e-05 -0.00013194886455907 0.0002589308782976 -0.00042750040272981 0.00064966902465057 -0.00080791194587387 0.00088771253609837 -0.00091016603367271 0.00090098813176677 -0.00087327401945909
