0 3.1365879031594 0.1883074479537 -3.0526984207023 0.18280434948535 -3.0276457021947 0.073737041492238 -3.0877714864975 0.020792102042405 -3.1184363694475
-3.1365879031594 0 -2.969525436616 0.19996054514243 -2.8094611627118 0.3571180370276 -2.7826363211401 0.34366977879015 -2.8504852390192 0.2517017717516
-0.1883074479537 2.969525436616 0 -3.0956305151821 0.10164466969392 -3.031928033112 0.1247289868766 -3.0098387857843 0.1139832829897 -3.0583306700969
3.0526984207023 -0.19996054514243 3.0956305151821 0 -3.0988354573785 0.066988019721548 -3.0609751523377 0.081174584275552 -3.0789766330892 0.04143204651116
-0.18280434948535 2.8094611627118 -0.10164466969392 3.0988354573785 0 -3.1197927978726 0.033234715503838 -3.1096868153426 0.0201935220351 -3.1340656041159
3.0276457021947 -0.3571180370276 3.031928033112 -0.066988019721548 3.1197927978726 0 -3.1341052595181 0.0018902624056519 3.1301017360039 -0.025394719610486
-0.073737041492238 2.7826363211401 -0.1247289868766 3.0609751523377 -0.033234715503838 3.1341052595181 0 3.1368751278038 -0.014694646078605 3.1163154031928
3.0877714864975 -0.34366977879015 3.0098387857843 -0.081174584275552 3.1096868153426 -0.0018902624056519 -3.1368751278038 0 3.1330170234289 -0.017654743621869
-0.020792102042405 2.8504852390192 -0.1139832829897 3.0789766330892 -0.0201935220351 -3.1301017360039 0.014694646078605 -3.1330170234289 0 3.1331478372172
3.1184363694475 -0.2517017717516 3.0583306700969 -0.04143204651116 3.1340656041159 0.025394719610486 -3.1163154031928 0.017654743621869 -3.1331478372172 0
