0.1013076424098 1.6022398551437e-05 2.1034056145454e-05 2.6106141267517e-05 3.0176320563712e-05 3.3897018456523e-05 3.7133740313358e-05 4.0508658557463e-05 4.3232040115856e-05 4.5910994947914e-05 4.8296471559754e-05 5.0570922600272e-05 5.2770327791487e-05 5.4940586441897e-05 5.71149434851e-05 0.0031122337793909 6.1074486742925e-05 6.2911242904708e-05 6.5194249820305e-05 6.7681311060988e-05
1.6022398551437e-05 0.053761704711647 0.060189144047303 0.063542259397811 0.065362072427952 0.066025204876109 0.065915270100651 0.065251596244954 0.064087384929062 0.062577094637232 0.060745944840616 0.058688917654275 0.056427866124351 0.05402764143848 0.051512399268228 0.050105151783515 0.046279840491387 0.043608402377872 0.040918942406024 0.038239395484557
2.1034056145454e-05 0.060189144047303 0.06921710982455 0.074314403978634 0.077379549150217 0.078961603685009 0.0795200136245 0.079323799137909 0.078469177389847 0.077131138372638 0.075359777315026 0.073263431508627 0.070880240456496 0.068284456593338 0.06551119887721 0.063799813295665 0.059607373450651 0.056537930055291 0.053418399235185 0.050281487677809
2.6106141267517e-05 0.063542259397811 0.074314403978634 0.08064549242387 0.084631810756482 0.086929624914778 0.088041503152824 0.088265689336578 0.087726750044936 0.086610685936839 0.084984304647936 0.082963235567206 0.080596490774613 0.077963622044476 0.075106997049266 0.07325041941074 0.068917540371502 0.065655810929107 0.062317481286349 0.058938189147068
3.0176320563712e-05 0.065362072427952 0.077379549150217 0.084631810756482 0.089331573322651 0.092205988785686 0.093783291540751 0.094379799235468 0.09413980278344 0.093255293135577 0.091804860793721 0.089908204550213 0.087621966057632 0.085028782599092 0.082176061164755 0.080261783121127 0.0759001072245 0.072554854144444 0.06911076812571 0.065605387037369
3.3897018456523e-05 0.066025204876109 0.078961603685009 0.086929624914778 0.092205988785686 0.095566413490716 0.097552874162995 0.098492215115311 0.098543186197611 0.097900010918887 0.096650038113601 0.094914636867566 0.092756052640443 0.090258346089637 0.087472519460705 0.085559291996182 0.081252764053715 0.077901591707027 0.074432313750231 0.070883594863532
3.7133740313358e-05 0.065915270100651 0.0795200136245 0.088041503152824 0.093783291540751 0.097552874162995 0.099897569443002 0.10114933066072 0.10147723294833 0.10107516082159 0.10003681473603 0.098483572487721 0.096481680406781 0.094115460340177 0.091438389661018 0.08956871799457 0.085372521425517 0.08206965896811 0.078632057786003 0.0750989533542
4.0508658557463e-05 0.065251596244954 0.079323799137909 0.088265689336578 0.094379799235468 0.098492215115311 0.10114933066072 0.10268410591813 0.10327259855344 0.10310648005526 0.10228383418325 0.10092482135245 0.099098380733843 0.096888228964077 0.094349414973887 0.092555574910516 0.088508406101166 0.085294049951945 0.08193068718068 0.078457697880625
4.3232040115856e-05 0.064087384929062 0.078469177389847 0.087726750044936 0.09413980278344 0.098543186197611 0.10147723294833 0.10327259855344 0.10410987471168 0.10417687148241 0.10357460844297 0.10242095665978 0.10078656955563 0.098753796569749 0.096378554241994 0.094685991424775 0.090822719224328 0.087730840060704 0.084477620267311 0.081102208892005
4.5910994947914e-05 0.062577094637232 0.077131138372638 0.086610685936839 0.093255293135577 0.097900010918887 0.10107516082159 0.10310648005526 0.10417687148241 0.10446911792553 0.10408585290953 0.10314188648487 0.10170870338327 0.099866726894277 0.097672125049395 0.096100815933903 0.092444676860651 0.089500538734123 0.08638461951759 0.083135544083036
4.8296471559754e-05 0.060745944840616 0.075359777315026 0.084984304647936 0.091804860793721 0.096650038113601 0.10003681473603 0.10228383418325 0.10357460844297 0.10408585290953 0.10392080661062 0.10319053741467 0.10196667704492 0.10032722421139 0.098328100552866 0.09689397239977 0.09346642816779 0.090691842968454 0.087736665360392 0.084638729501274
5.0570922600272e-05 0.058688917654275 0.073263431508627 0.082963235567206 0.089908204550213 0.094914636867566 0.098483572487721 0.10092482135245 0.10242095665978 0.10314188648487 0.10319053741467 0.10267374378438 0.10166266815824 0.10023251437828 0.098438518840621 0.097153874339554 0.093969214108026 0.091380480248217 0.088603937150828 0.085676412876453
5.2770327791487e-05 0.056427866124351 0.070880240456496 0.080596490774613 0.087621966057632 0.092756052640443 0.096481680406781 0.099098380733843 0.10078656955563 0.10170870338327 0.10196667704492 0.10166266815824 0.10086688159566 0.099651402690664 0.098070421891008 0.09694475884601 0.094015643854772 0.091626486506392 0.089043723578018 0.086302982872685
5.4940586441897e-05 0.05402764143848 0.068284456593338 0.077963622044476 0.085028782599092 0.090258346089637 0.094115460340177 0.096888228964077 0.098753796569749 0.099866726894277 0.10032722421139 0.10023251437828 0.099651402690664 0.098652620750393 0.097288994824673 0.096329296696438 0.093663437838149 0.09148373580968 0.089106009387143 0.086564529850087
5.71149434851e-05 0.051512399268228 0.06551119887721 0.075106997049266 0.082176061164755 0.087472519460705 0.091438389661018 0.094349414973887 0.096378554241994 0.097672125049395 0.098328100552866 0.098438518840621 0.098070421891008 0.097288994824673 0.096145434115399 0.095356659107681 0.092959886451548 0.090997314740733 0.088833555787659 0.086501389756332
0.0031122337793909 0.050105151783515 0.063799813295665 0.07325041941074 0.080261783121127 0.085559291996182 0.08956871799457 0.092555574910516 0.094685991424775 0.096100815933903 0.09689397239977 0.097153874339554 0.09694475884601 0.096329296696438 0.095356659107681 0.11309676598909 0.092520734133958 0.090733933251133 0.08874498498283 0.086585578601348
6.1074486742925e-05 0.046279840491387 0.059607373450651 0.068917540371502 0.0759001072245 0.081252764053715 0.085372521425517 0.088508406101166 0.090822719224328 0.092444676860651 0.09346642816779 0.093969214108026 0.094015643854772 0.093663437838149 0.092959886451548 0.092520734133958 0.09066843724362 0.089153361011913 0.087434242318827 0.085540578724805
6.2911242904708e-05 0.043608402377872 0.056537930055291 0.065655810929107 0.072554854144444 0.077901591707027 0.08206965896811 0.085294049951945 0.087730840060704 0.089500538734123 0.090691842968454 0.091380480248217 0.091626486506392 0.09148373580968 0.090997314740733 0.090733933251133 0.089153361011913 0.087864981909324 0.086372688360596 0.084704226932728
6.5194249820305e-05 0.040918942406024 0.053418399235185 0.062317481286349 0.06911076812571 0.074432313750231 0.078632057786003 0.08193068718068 0.084477620267311 0.08638461951759 0.087736665360392 0.088603937150828 0.089043723578018 0.089106009387143 0.088833555787659 0.08874498498283 0.087434242318827 0.086372688360596 0.085108254385743 0.083666884101706
6.7681311060988e-05 0.038239395484557 0.050281487677809 0.058938189147068 0.065605387037369 0.070883594863532 0.0750989533542 0.078457697880625 0.081102208892005 0.083135544083036 0.084638729501274 0.085676412876453 0.086302982872685 0.086564529850087 0.086501389756332 0.086585578601348 0.085540578724805 0.084704226932728 0.083666884101706 0.082452659570639
