9.7694084265381e-06 5.1159774134336e-05 5.0925346193243e-05 5.1301597821512e-05 4.642068089114e-05 4.1409807186342e-05 3.5662698010708e-05 3.307828070981e-05 3.0976243780622e-05 2.9587057266175e-05
5.1159774134336e-05 0.00022539140965861 0.0002351737394646 0.000234101117752 0.00022772462472439 0.00018445021505085 0.00016056995224468 0.0001518173223224 0.00014282994381357 0.00013496719726114
5.0925346193243e-05 0.0002351737394646 0.000232468221561 0.00024079188911644 0.00022200755870911 0.00018953040817438 0.00016712909667363 0.00015832311103717 0.00014730145722291 0.00013775016280376
5.1301597821512e-05 0.000234101117752 0.00024079188911644 0.00025684938962747 0.00021720445335409 0.0001828780364305 0.00016919094651926 0.00015363083348726 0.00014270596513412 0.00013303914044015
4.642068089114e-05 0.00022772462472439 0.00022200755870911 0.00021720445335409 0.00019716049168914 0.00017290500217897 0.0001567991198272 0.00014466383663934 0.00013415428955384 0.00012806196173452
4.1409807186342e-05 0.00018445021505085 0.00018953040817438 0.0001828780364305 0.00017290500217897 0.0001510333326331 0.00013530040637836 0.00012722220062199 0.00011779109378451 0.00011159011159459
3.5662698010708e-05 0.00016056995224468 0.00016712909667363 0.00016919094651926 0.0001567991198272 0.00013530040637836 0.00011957386754454 0.00010901442844784 0.00010063031990996 9.5026317892966e-05
3.307828070981e-05 0.0001518173223224 0.00015832311103717 0.00015363083348726 0.00014466383663934 0.00012722220062199 0.00010901442844784 9.961115729626e-05 9.3015914018009e-05 8.806412868485e-05
3.0976243780622e-05 0.00014282994381357 0.00014730145722291 0.00014270596513412 0.00013415428955384 0.00011779109378451 0.00010063031990996 9.3015914018009e-05 8.6819665306884e-05 8.2713426124817e-05
2.9587057266175e-05 0.00013496719726114 0.00013775016280376 0.00013303914044015 0.00012806196173452 0.00011159011159459 9.5026317892966e-05 8.806412868485e-05 8.2713426124817e-05 7.8871263918347e-05
