0.05081943137483 0.0091367340053106 0.0027746524921353 0.00042725576892689 0.0010927252346249 0.0017692101526055 0.0021787686428745 0.0024153790002346 0.0025416389288553 0.0025976051998717 0.0025907012726772 0.0025723098798824 0.002526419895441 0.0024741465432117 0.0024223520180378 0.002384012342365 0.0023108301836456 0.0022651214504635 0.0022200441613172 0.0021771264414513
0.0091367340053106 0.026710058224094 0.020784054133394 0.016007966363517 0.012376114291184 0.0097032096355471 0.0076890824193061 0.0061431261771238 0.0049384907117817 0.0039847178900178 0.003218658787713 0.0026097859031946 0.0021058396233524 0.001685955693263 0.0013389513095648 0.0010884551807413 0.00080261291898434 0.00058954684546944 0.00041686504543707 0.00025050607324401
0.0027746524921353 0.020784054133394 0.02278708549805 0.020802080602502 0.0181152704644 0.015587460798786 0.013371156299117 0.011468549162902 0.0098513416537551 0.0084754711747396 0.0073128584680128 0.0063153488080958 0.0054615170417674 0.0047319066000283 0.0040927926924593 0.0036014395768975 0.00305940451045 0.0026356049883493 0.0022645047666917 0.0018575480895053
0.00042725576892689 0.016007966363517 0.020802080602502 0.021480684150128 0.020363110174733 0.018668019316777 0.016849887454081 0.015086696006843 0.013456881840837 0.011980449392413 0.010666933103327 0.0094975956816436 0.0084623064548006 0.0075521026464294 0.0067365402456964 0.0060854911775377 0.0053797506763164 0.0048108328836688 0.0043044967143801 0.0038015285778368
0.0010927252346249 0.012376114291184 0.0181152704644 0.020363110174733 0.020589720307205 0.019844844145778 0.018655192221888 0.017285421456561 0.01588437057748 0.014523684590851 0.013247527896626 0.012066981122013 0.010986306728635 0.010008195647133 0.0091130971993005 0.0083756288839044 0.0075796136510558 0.0069199195981101 0.006324253090552 0.0057541589736942
0.0017692101526055 0.0097032096355471 0.015587460798786 0.018668019316777 0.019844844145778 0.019918615510073 0.019364325756511 0.018462097441813 0.017392108726406 0.016257420374012 0.015126491122788 0.014033661492185 0.012997074051346 0.012029996535032 0.011125046573373 0.010356737731189 0.0095269993405393 0.0088211716577282 0.0081746176861217 0.0075619061566098
0.0021787686428745 0.0076890824193061 0.013371156299117 0.016849887454081 0.018655192221888 0.019364325756511 0.019367327812364 0.018920490708586 0.018207936611987 0.01734615341092 0.016416706389991 0.015470542192928 0.014535716996883 0.013634316671614 0.012769787765897 0.012013409008498 0.011193949190424 0.010478306412344 0.0098133053535735 0.0091818271554997
0.0024153790002346 0.0061431261771238 0.011468549162902 0.015086696006843 0.017285421456561 0.018462097441813 0.018920490708586 0.018879449777034 0.018509626580281 0.017928984836987 0.017223453368072 0.016453709514558 0.015654226272832 0.014853573596876 0.014063540620755 0.01335044316986 0.012573607209225 0.011876551265845 0.011219304751832 0.010590100206533
0.0025416389288553 0.0049384907117817 0.0098513416537551 0.013456881840837 0.01588437057748 0.017392108726406 0.018207936611987 0.018509626580281 0.01844838996046 0.018135202674426 0.017654542738733 0.017071346602853 0.016423474313654 0.015743697620507 0.015049550476012 0.014401372546679 0.013689722437942 0.013032507503564 0.012403271161206 0.011794077075072
0.0025976051998717 0.0039847178900178 0.0084754711747396 0.011980449392413 0.014523684590851 0.016257420374012 0.01734615341092 0.017928984836987 0.018135202674426 0.018065594603753 0.017798155438289 0.017399459293593 0.016907865924127 0.016358426810065 0.015772165638224 0.015202872374419 0.014571232538232 0.013969053137313 0.013382890113275 0.012807946612631
0.0025907012726772 0.003218658787713 0.0073128584680128 0.010666933103327 0.013247527896626 0.015126491122788 0.016416706389991 0.017223453368072 0.017654542738733 0.017798155438289 0.017736620629714 0.017501371443726 0.017162238401767 0.016744331597979 0.016270351173037 0.015787271379494 0.015243815427238 0.014706332359305 0.014173417700675 0.013643098632063
0.0025723098798824 0.0026097859031946 0.0063153488080958 0.0094975956816436 0.012066981122013 0.014033661492185 0.015470542192928 0.016453709514558 0.017071346602853 0.017399459293593 0.017501371443726 0.017437241131398 0.017242603757405 0.016952898112419 0.016591140322337 0.016197499200066 0.015746078313173 0.015279175740132 0.014806234494767 0.014327964571263
0.002526419895441 0.0021058396233524 0.0054615170417674 0.0084623064548006 0.010986306728635 0.012997074051346 0.014535716996883 0.015654226272832 0.016423474313654 0.016907865924127 0.017162238401767 0.017242603757405 0.017182036561216 0.017013315637874 0.016760262740694 0.016455900040492 0.016096949968434 0.015703412317054 0.015294294423867 0.014872930258912
0.0024741465432117 0.001685955693263 0.0047319066000283 0.0075521026464294 0.010008195647133 0.012029996535032 0.013634316671614 0.014853573596876 0.015743697620507 0.016358426810065 0.016744331597979 0.016952898112419 0.017013315637874 0.016961830575915 0.016808288310112 0.016590928564784 0.016322631578545 0.016003057205599 0.015659509528124 0.015297903887388
0.0024223520180378 0.0013389513095648 0.0040927926924593 0.0067365402456964 0.0091130971993005 0.011125046573373 0.012769787765897 0.014063540620755 0.015049550476012 0.015772165638224 0.016270351173037 0.016591140322337 0.016760262740694 0.016808288310112 0.016754324378034 0.016619548441811 0.016437896501661 0.016190607890078 0.015912139112165 0.015610922535136
0.002384012342365 0.0010884551807413 0.0036014395768975 0.0060854911775377 0.0083756288839044 0.010356737731189 0.012013409008498 0.01335044316986 0.014401372546679 0.015202872374419 0.015787271379494 0.016197499200066 0.016455900040492 0.016590928564784 0.016619548441811 0.016621418888241 0.016453240748261 0.016271875709064 0.016053756259874 0.015809679817557
0.0023108301836456 0.00080261291898434 0.00305940451045 0.0053797506763164 0.0075796136510558 0.0095269993405393 0.011193949190424 0.012573607209225 0.013689722437942 0.014571232538232 0.015243815427238 0.015746078313173 0.016096949968434 0.016322631578545 0.016437896501661 0.016453240748261 0.016433289940148 0.016319785971976 0.016166716695276 0.015984470239507
0.0022651214504635 0.00058954684546944 0.0026356049883493 0.0048108328836688 0.0069199195981101 0.0088211716577282 0.010478306412344 0.011876551265845 0.013032507503564 0.013969053137313 0.014706332359305 0.015279175740132 0.015703412317054 0.016003057205599 0.016190607890078 0.016271875709064 0.016319785971976 0.016271341213852 0.016176534864866 0.016050638300996
0.0022200441613172 0.00041686504543707 0.0022645047666917 0.0043044967143801 0.006324253090552 0.0081746176861217 0.0098133053535735 0.011219304751832 0.012403271161206 0.013382890113275 0.014173417700675 0.014806234494767 0.015294294423867 0.015659509528124 0.015912139112165 0.016053756259874 0.016166716695276 0.016176534864866 0.016136795869608 0.016064694127697
0.0021771264414513 0.00025050607324401 0.0018575480895053 0.0038015285778368 0.0057541589736942 0.0075619061566098 0.0091818271554997 0.010590100206533 0.011794077075072 0.012807946612631 0.013643098632063 0.014327964571263 0.014872930258912 0.015297903887388 0.015610922535136 0.015809679817557 0.015984470239507 0.016050638300996 0.016064694127697 0.016192258851246
