0.00099436892880731 0.0006276541020138 0.00054442013768546 0.00047197583381397 0.00042900189204911 0.00041036694987009 0.0003931549805028 0.00037327259248895 0.00035619009602776 0.0003427538320878
0.0006276541020138 0.00077843519162356 0.00059355007829842 0.00047721413747178 0.00042403879321832 0.00039620452328654 0.00037170754759653 0.00034823186742543 0.00033049267777202 0.00031816113997225
0.00054442013768546 0.00059355007829842 0.00064220551020486 0.00049965847796836 0.00043250881243785 0.00039132717112505 0.00036185489351067 0.00033900434066515 0.00032251534268216 0.00031044008011185
0.00047197583381397 0.00047721413747178 0.00049965847796836 0.00049715445659545 0.00044557379144477 0.00040604541035077 0.00037420595782467 0.0003470039425326 0.00032577866236472 0.00030962733481022
0.00042900189204911 0.00042403879321832 0.00043250881243785 0.00044557379144477 0.00043401426346824 0.00040805693283961 0.00037964221499029 0.00035221357040654 0.00032956659695026 0.00031198147416442
0.00041036694987009 0.00039620452328654 0.00039132717112505 0.00040604541035077 0.00040805693283961 0.00039917048528122 0.00037954017960787 0.00035647756992409 0.00033576660620381 0.00031858219938189
0.0003931549805028 0.00037170754759653 0.00036185489351067 0.00037420595782467 0.00037964221499029 0.00037954017960787 0.000368250635801 0.00035104679319394 0.00033411034307013 0.00031909752663127
0.00037327259248895 0.00034823186742543 0.00033900434066515 0.0003470039425326 0.00035221357040654 0.00035647756992409 0.00035104679319394 0.00033956741323886 0.00032705439686946 0.00031511338714569
0.00035619009602776 0.00033049267777202 0.00032251534268216 0.00032577866236472 0.00032956659695026 0.00033576660620381 0.00033411034307013 0.00032705439686946 0.0003186446176426 0.00030994470793244
0.0003427538320878 0.00031816113997225 0.00031044008011185 0.00030962733481022 0.00031198147416442 0.00031858219938189 0.00031909752663127 0.00031511338714569 0.00030994470793244 0.00030410669377619
