0.043061881209414 0.013746011168516 0.0091685030180042 0.0070582845876146 0.0057994110902064 0.004951292463952 0.004321446354406 0.0038261937562593 0.003419329882008 0.0030848162894386 0.0027971983032927 0.0025532245651509 0.0023455194463238 0.0021662397427842 0.0020058717193663 0.0018669012125422 0.0017434571511027 0.0016311776687965 0.0015325898315637 0.0014358073791277
0.013746011168516 0.01257664221594 0.0094027519954837 0.0075686293235455 0.006336600970085 0.00542038759669 0.0047162353487251 0.0041616990016334 0.0037147725667125 0.0033505463573825 0.0030476128730525 0.0027937101348312 0.0025759934086611 0.0023908164639587 0.0022328899342266 0.0020849585292078 0.0019644534157265 0.0018541726789427 0.0017578469781967 0.0016667978512732
0.0091685030180042 0.0094027519954837 0.0091546501291311 0.0081544894282006 0.0072034361223382 0.0063696737778763 0.0056621059433953 0.005067727240208 0.0045680313942647 0.0041459619335821 0.0037873941904937 0.0034812315000439 0.0032126771207123 0.002980693959747 0.0027796261804673 0.0025959804901272 0.0024407831338243 0.0022996137155828 0.0021727959939816 0.0020578314532328
0.0070582845876146 0.0075686293235455 0.0081544894282006 0.0079898346032313 0.0074631459249562 0.0068496953675011 0.0062536950278367 0.0057098989551119 0.0052275021503776 0.0048047279127042 0.0044325757107934 0.0041076559409122 0.0038172034885098 0.0035617819152556 0.0033352107348672 0.0031304462186039 0.0029520964393023 0.0027893805609016 0.0026419611613824 0.0025078296750672
0.0057994110902064 0.006336600970085 0.0072034361223382 0.0074631459249562 0.0073116658687684 0.0069466710040494 0.0065084181864442 0.0060624833509135 0.0056396517470544 0.0052511380066813 0.0048965098535891 0.0045783292456678 0.0042869992061084 0.0040259678718373 0.0037894116969742 0.003574858496627 0.0033839314903281 0.0032082926234744 0.0030479929867833 0.0029006123983916
0.004951292463952 0.00542038759669 0.0063696737778763 0.0068496953675011 0.0069466710040494 0.0067983599999552 0.0065238626225727 0.0061957550100457 0.0058558244684509 0.0055240865780636 0.0052081149464804 0.0049148847624693 0.0046393463250377 0.004386824859992 0.0041535784358014 0.003938970495794 0.0037445564144562 0.0035639218648906 0.0033973957046916 0.0032429914204928
0.004321446354406 0.0047162353487251 0.0056621059433953 0.0062536950278367 0.0065084181864442 0.0065238626225727 0.0063948353360687 0.0061842787373194 0.0059352396264036 0.0056715486619507 0.0054066013064679 0.0051501286837809 0.0049018223061804 0.0046680263035089 0.0044476648661345 0.0042410090747451 0.004050513581758 0.003871475931196 0.0037045744369633 0.0035484184848302
0.0038261937562593 0.0041616990016334 0.005067727240208 0.0057098989551119 0.0060624833509135 0.0061957550100457 0.0061842787373194 0.0060786777149597 0.0059172078851453 0.0057236978768581 0.0055145771824686 0.0053009817446624 0.0050866475035155 0.0048782226429252 0.0046771488739007 0.0044843432394699 0.0043035303012106 0.0041312333184226 0.0039686525558764 0.0038150135165883
0.003419329882008 0.0037147725667125 0.0045680313942647 0.0052275021503776 0.0056396517470544 0.0058558244684509 0.0059352396264036 0.0059172078851453 0.0058339264692819 0.0057066979581356 0.0055528951297482 0.0053839056462761 0.0052064622886537 0.0050270407329402 0.0048490969398637 0.0046741086441849 0.0045070869229439 0.0043453347867241 0.0041906507027165 0.0040429401615502
0.0030848162894386 0.0033505463573825 0.0041459619335821 0.0048047279127042 0.0052511380066813 0.0055240865780636 0.0056715486619507 0.0057236978768581 0.0057066979581356 0.0056401764853874 0.0055368961247124 0.0054114244097766 0.0052711939351527 0.0051222130140216 0.0049693613371774 0.0048146043450216 0.0046640702141713 0.0045155200518383 0.0043713741867958 0.004232131062618
0.0027971983032927 0.0030476128730525 0.0037873941904937 0.0044325757107934 0.0048965098535891 0.0052081149464804 0.0054066013064679 0.0055145771824686 0.0055528951297482 0.0055368961247124 0.0054815007746005 0.0053967525114622 0.0052923680101667 0.0051736901081286 0.0050465085241763 0.0049131559467514 0.0047806483869133 0.0046469924814211 0.0045151911359368 0.0043862080649875
0.0025532245651509 0.0027937101348312 0.0034812315000439 0.0041076559409122 0.0045783292456678 0.0049148847624693 0.0051501286837809 0.0053009817446624 0.0053839056462761 0.0054114244097766 0.0053967525114622 0.0053507403354844 0.0052775957711521 0.005187845576539 0.0050857742740346 0.004973968257601 0.0048600471301939 0.0047421577268818 0.0046237942618829 0.0045062581771253
0.0023455194463238 0.0025759934086611 0.0032126771207123 0.0038172034885098 0.0042869992061084 0.0046393463250377 0.0049018223061804 0.0050866475035155 0.0052064622886537 0.0052711939351527 0.0052923680101667 0.0052775957711521 0.005237201647948 0.0051747744665288 0.0050969554794088 0.0050064301686192 0.004911185372559 0.0048094615999508 0.0047051459107471 0.0045997746962767
0.0021662397427842 0.0023908164639587 0.002980693959747 0.0035617819152556 0.0040259678718373 0.004386824859992 0.0046680263035089 0.0048782226429252 0.0050270407329402 0.0051222130140216 0.0051736901081286 0.005187845576539 0.0051747744665288 0.0051374084188976 0.0050822117247277 0.0050119733985126 0.0049348301416762 0.0048490858966617 0.0047589121961583 0.0046659852669097
0.0020058717193663 0.0022328899342266 0.0027796261804673 0.0033352107348672 0.0037894116969742 0.0041535784358014 0.0044476648661345 0.0046771488739007 0.0048490969398637 0.0049693613371774 0.0050465085241763 0.0050857742740346 0.0050969554794088 0.0050822117247277 0.0050503867369629 0.004996683862547 0.0049367947237472 0.004866546624169 0.0047903002102284 0.0047097957307227
0.0018669012125422 0.0020849585292078 0.0025959804901272 0.0031304462186039 0.003574858496627 0.003938970495794 0.0042410090747451 0.0044843432394699 0.0046741086441849 0.0048146043450216 0.0049131559467514 0.004973968257601 0.0050064301686192 0.0050119733985126 0.004996683862547 0.0049639707533844 0.0049195673188019 0.0048641407137531 0.0048013946352515 0.0047330804863104
0.0017434571511027 0.0019644534157265 0.0024407831338243 0.0029520964393023 0.0033839314903281 0.0037445564144562 0.004050513581758 0.0043035303012106 0.0045070869229439 0.0046640702141713 0.0047806483869133 0.0048600471301939 0.004911185372559 0.0049348301416762 0.0049367947237472 0.0049195673188019 0.0048910129069675 0.0048495175365298 0.0047995990991224 0.0047429809002689
0.0016311776687965 0.0018541726789427 0.0022996137155828 0.0027893805609016 0.0032082926234744 0.0035639218648906 0.003871475931196 0.0041312333184226 0.0043453347867241 0.0045155200518383 0.0046469924814211 0.0047421577268818 0.0048094615999508 0.0048490858966617 0.004866546624169 0.0048641407137531 0.0048495175365298 0.0048210764773043 0.0047833132828996 0.0047379082263013
0.0015325898315637 0.0017578469781967 0.0021727959939816 0.0026419611613824 0.0030479929867833 0.0033973957046916 0.0037045744369633 0.0039686525558764 0.0041906507027165 0.0043713741867958 0.0045151911359368 0.0046237942618829 0.0047051459107471 0.0047589121961583 0.0047903002102284 0.0048013946352515 0.0047995990991224 0.0047833132828996 0.0047594533336279 0.0047222448147498
0.0014358073791277 0.0016667978512732 0.0020578314532328 0.0025078296750672 0.0029006123983916 0.0032429914204928 0.0035484184848302 0.0038150135165883 0.0040429401615502 0.004232131062618 0.0043862080649875 0.0045062581771253 0.0045997746962767 0.0046659852669097 0.0047097957307227 0.0047330804863104 0.0047429809002689 0.0047379082263013 0.0047222448147498 0.0046979337285011
