0.0060594289149628 -0.0016940653314884 0.00095590240319959 -0.0014795076318066 0.0022888860801288 -0.0014760295079634 0.0010266891657344 -0.00077223241311337 0.00050419105869657 -0.00034951708126014
-0.0016940653314884 0.0071375815301151 -0.0011179198487551 0.0012490802716676 -0.0015998644284413 0.0010441605712916 -0.00059600903361902 0.00041387550620623 -0.0001969854849317 0.00011868204221468
0.00095590240319959 -0.0011179198487551 0.0049214610282298 -0.00087359533772173 0.0013820068631002 -0.0010479166499475 0.00098676748782679 -0.00086464821928473 0.00076872950139874 -0.0007457809981778
-0.0014795076318066 0.0012490802716676 -0.00087359533772173 0.0043405469968853 -0.0031282380578407 0.0023351836975911 -0.0017082432983033 0.0015115711628567 -0.0012155031391194 0.0010500844861545
0.0022888860801288 -0.0015998644284413 0.0013820068631002 -0.0031282380578407 0.0048197901260095 -0.0028433670949687 0.0018417377134662 -0.0014079341408182 0.0011572560046879 -0.00098239363027105
-0.0014760295079634 0.0010441605712916 -0.0010479166499475 0.0023351836975911 -0.0028433670949687 0.0031549314230736 -0.0019991966052133 0.0016845875315512 -0.0013446130111568 0.0011497911689752
0.0010266891657344 -0.00059600903361902 0.00098676748782679 -0.0017082432983033 0.0018417377134662 -0.0019991966052133 0.0019925812750486 -0.0017507820224331 0.0014985186944634 -0.0013287493469787
-0.00077223241311337 0.00041387550620623 -0.00086464821928473 0.0015115711628567 -0.0014079341408182 0.0016845875315512 -0.0017507820224331 0.001905452335311 -0.0016895348199207 0.0015214708188183
0.00050419105869657 -0.0001969854849317 0.00076872950139874 -0.0012155031391194 0.0011572560046879 -0.0013446130111568 0.0014985186944634 -0.0016895348199207 0.0016629993633621 -0.0015285505150544
-0.00034951708126014 0.00011868204221468 -0.0007457809981778 0.0010500844861545 -0.00098239363027105 0.0011497911689752 -0.0013287493469787 0.0015214708188183 -0.0015285505150544 0.0014639367189427
