0.00031830834026901 0.00028924363552188 0.00026287840565045 0.00021563970450003 0.00017625938213837 0.00015257353414718 0.00013858341628378 0.0001291137669208 0.00012320888110027 0.0001187855870148
0.00028924363552188 0.00025648217334467 0.00023531937552504 0.00018459794549437 0.00015515988011281 0.00013282547146608 0.00011976753971383 0.00011123366533196 0.0001047949928548 0.00010043152653306
0.00026287840565045 0.00023531937552504 0.00022149566475087 0.00017807549282729 0.00014379592434831 0.00012518385775178 0.0001147105951368 0.00010709795362158 0.00010191505277806 9.7952471664413e-05
0.00021563970450003 0.00018459794549437 0.00017807549282729 0.00014688088053288 0.00012142411965692 0.00010612627349262 9.589531379645e-05 8.8360209273917e-05 8.3887837130019e-05 8.0537196465136e-05
0.00017625938213837 0.00015515988011281 0.00014379592434831 0.00012142411965692 0.00010231761024297 8.784762551005e-05 7.8688685549006e-05 7.2428597902649e-05 6.8733659548689e-05 6.6102414559667e-05
0.00015257353414718 0.00013282547146608 0.00012518385775178 0.00010612627349262 8.784762551005e-05 7.5678361652848e-05 6.8630992498316e-05 6.3460511319512e-05 6.0227115711891e-05 5.8023875843424e-05
0.00013858341628378 0.00011976753971383 0.0001147105951368 9.589531379645e-05 7.8688685549006e-05 6.8630992498316e-05 6.2522635256422e-05 5.7966763473819e-05 5.5454344429892e-05 5.3658782072389e-05
0.0001291137669208 0.00011123366533196 0.00010709795362158 8.8360209273917e-05 7.2428597902649e-05 6.3460511319512e-05 5.7966763473819e-05 5.3976922827334e-05 5.1833418842866e-05 5.0334659672963e-05
0.00012320888110027 0.0001047949928548 0.00010191505277806 8.3887837130019e-05 6.8733659548689e-05 6.0227115711891e-05 5.5454344429892e-05 5.1833418842866e-05 4.9938243597973e-05 4.8590494349408e-05
0.0001187855870148 0.00010043152653306 9.7952471664413e-05 8.0537196465136e-05 6.6102414559667e-05 5.8023875843424e-05 5.3658782072389e-05 5.0334659672963e-05 4.8590494349408e-05 4.7324809680536e-05
