0.04929713613281 0.016432665311293 0.011365743070211 0.0087676716936166 0.0071888952194263 0.00609844505404 0.0053165193286067 0.0047367102393642 0.0043125899044851 0.0040032346023359
0.016432665311293 0.013367339711868 0.010904103579007 0.0090956745364753 0.0076609169688249 0.0065093912671864 0.0055681388441153 0.0047868158674708 0.0041409216177382 0.003609259136318
0.011365743070211 0.010904103579007 0.01047074187632 0.0094333376348576 0.008408709812591 0.0074791928993865 0.0066588743446542 0.0059326873949186 0.0052932701059098 0.0047294590295081
0.0087676716936166 0.0090956745364753 0.0094333376348576 0.0090508433550942 0.0084448599751547 0.0077791841530203 0.007121886093593 0.0064914722894171 0.0059030905499454 0.0053588360333893
0.0071888952194263 0.0076609169688249 0.008408709812591 0.0084448599751547 0.0081999957181366 0.0077995763135478 0.0073317110979136 0.0068323342131311 0.006332320993768 0.0058442540379631
0.00609844505404 0.0065093912671864 0.0074791928993865 0.0077791841530203 0.0077995763135478 0.0076250423121322 0.0073368379525626 0.0069750299760743 0.0065778457866916 0.006164200636019
0.0053165193286067 0.0055681388441153 0.0066588743446542 0.007121886093593 0.0073317110979136 0.0073368379525626 0.007205659040941 0.0069740846120144 0.0066816508207276 0.0063498463693933
0.0047367102393642 0.0047868158674708 0.0059326873949186 0.0064914722894171 0.0068323342131311 0.0069750299760743 0.0069740846120144 0.00685846985123 0.0066651884730322 0.0064156683291672
0.0043125899044851 0.0041409216177382 0.0052932701059098 0.0059030905499454 0.006332320993768 0.0065778457866916 0.0066816508207276 0.0066651884730322 0.0065613342602344 0.0063898623824237
0.0040032346023359 0.003609259136318 0.0047294590295081 0.0053588360333893 0.0058442540379631 0.006164200636019 0.0063498463693933 0.0064156683291672 0.0063898623824237 0.0062897603106549
