0.027972219624668 -0.0058549081673993 0.003837697614787 -0.003103075184971 0.0026224778768341 -0.0022398635126142 0.0019143136377893 -0.0016726192450726 0.0015015328347238 -0.0013895104955723
-0.0058549081673993 0.014146872368407 -0.0057422917206696 0.0042585195161152 -0.0033864601994291 0.0028178685204564 -0.0024037231277343 0.0021150270950095 -0.0019117045987902 0.0017611054954615
0.003837697614787 -0.0057422917206696 0.0091548136879591 -0.0060238439880796 0.0046860967171874 -0.0038988029047519 0.0033771151804637 -0.0029921159678681 0.0026885449415206 -0.0024484675331829
-0.003103075184971 0.0042585195161152 -0.0060238439880796 0.0070090930245309 -0.0056113959814659 0.0047208106135143 -0.0040711130349378 0.003588999272241 -0.0032083118717451 0.002908893576769
0.0026224778768341 -0.0033864601994291 0.0046860967171874 -0.0056113959814659 0.0057468697540063 -0.0052136475363047 0.0046785328569028 -0.0042179661971142 0.0038315070506526 -0.0035121936472991
-0.0022398635126142 0.0028178685204564 -0.0038988029047519 0.0047208106135143 -0.0052136475363047 0.0051964942996338 -0.0048993427792419 0.0045578462538502 -0.0042317290398805 0.0039437462107068
0.0019143136377893 -0.0024037231277343 0.0033771151804637 -0.0040711130349378 0.0046785328569028 -0.0048993427792419 0.0048379187712613 -0.0046500727208659 0.0044221473244406 -0.0041975804311976
-0.0016726192450726 0.0021150270950095 -0.0029921159678681 0.003588999272241 -0.0042179661971142 0.0045578462538502 -0.0046500727208659 0.0045949034960861 -0.0044659405362019 0.0043134324994893
0.0015015328347238 -0.0019117045987902 0.0026885449415206 -0.0032083118717451 0.0038315070506526 -0.0042317290398805 0.0044221473244406 -0.0044659405362019 0.0044222428709852 -0.0043373590600525
-0.0013895104955723 0.0017611054954615 -0.0024484675331829 0.002908893576769 -0.0035121936472991 0.0039437462107068 -0.0041975804311976 0.0043134324994893 -0.0043373590600525 0.0043151387153101
