3.1415926535898 3.1341853638311 0.066362969338918 -3.1298955686487 -0.020421003039765 -3.1241529912922 0.045226369930476 -3.0636822969695 0.11395547389644 -3.0179716614334
-3.1341853638311 3.1415926535898 -0.0085573057250268 3.0454249689868 -0.20747820819772 3.0524656384953 0.068651851237227 -2.9807021113782 0.22689891522485 -2.876857492874
-0.066362969338918 0.0085573057250268 3.1415926535898 0.034248322749742 -3.0923417772889 0.073172733162591 -3.0274329048115 0.14167860326589 -2.9753844124779 0.18853180338694
3.1298955686487 -3.0454249689868 -0.034248322749742 3.1415926535898 -0.0021336483941197 -3.1234400433118 0.033008672418145 -3.0797599315532 0.080643650919527 -3.0392069646697
0.020421003039765 0.20747820819772 3.0923417772889 0.0021336483941197 3.1415926535898 0.00048089748998642 -3.129438814627 0.028376087298718 -3.1132376113516 0.033590590011033
3.1241529912922 -3.0524656384953 -0.073172733162591 3.1234400433118 -0.00048089748998642 3.1415926535898 0.009002170634683 -3.1228412904828 0.00945453491803 -3.1388831479206
-0.045226369930476 -0.068651851237227 3.0274329048115 -0.033008672418145 3.129438814627 -0.009002170634683 3.1415926535898 0.0060964126484 3.1393056840999 -0.0078686925354736
3.0636822969695 2.9807021113782 -0.14167860326589 3.0797599315532 -0.028376087298718 3.1228412904828 -0.0060964126484 3.1415926535898 -0.0057783221134387 3.1325860765427
-0.11395547389644 -0.22689891522485 2.9753844124779 -0.080643650919527 3.1132376113516 -0.00945453491803 -3.1393056840999 0.0057783221134387 3.1415926535898 -0.0034955535226655
3.0179716614334 2.876857492874 -0.18853180338694 3.0392069646697 -0.033590590011033 3.1388831479206 0.0078686925354736 -3.1325860765427 0.0034955535226655 3.1415926535898
