3.1415926535898 0.44035430867077 -2.9687688327828 -0.38067832136615 2.8594106219342 -2.1348429042791 1.0947715984158 -1.9998234535435 1.0444321571677 -2.1277999731158
-0.44035430867077 3.1415926535898 -0.3511969824236 2.9926507801139 -0.90826666636087 1.6407981302101 -1.6067122555681 1.4016424975647 -1.9719587446748 0.98788992227277
2.9687688327828 0.3511969824236 3.1415926535898 0.045405679270354 2.8608126410751 -0.44125822483805 2.7254077351468 -0.40867840633366 2.7942055285693 -0.28670983686148
0.38067832136615 -2.9926507801139 -0.045405679270354 3.1415926535898 -0.20954297335101 2.857791497564 -0.30253030778952 2.8260957515044 -0.30487652330161 2.8621055635765
-2.8594106219342 0.90826666636087 -2.8608126410751 0.20954297335101 3.1415926535898 -0.022362848618182 3.1331199606033 0.013659242592499 -3.1056785354305 0.052732121561695
2.1348429042791 -1.6407981302101 0.44125822483805 -2.857791497564 0.022362848618182 3.1415926535898 0.026833742923933 -3.0918973129544 0.071972680633028 -3.0507088751524
-1.0947715984158 1.6067122555681 -2.7254077351468 0.30253030778952 -3.1331199606033 -0.026833742923933 3.1415926535898 0.020223585323758 -3.1083024265088 0.045554766643062
1.9998234535435 -1.4016424975647 0.40867840633366 -2.8260957515044 -0.013659242592499 3.0918973129544 -0.020223585323758 3.1415926535898 0.0073901646745013 -3.1262279593159
-1.0444321571677 1.9719587446748 -2.7942055285693 0.30487652330161 3.1056785354305 -0.071972680633028 3.1083024265088 -0.0073901646745013 3.1415926535898 0.0076560615594141
2.1277999731158 -0.98788992227277 0.28670983686148 -2.8621055635765 -0.052732121561695 3.0507088751524 -0.045554766643062 3.1262279593159 -0.0076560615594141 3.1415926535898
