1.0628731640959e-05 4.8723752724918e-05 5.2532745017897e-05 4.9060539469498e-05 4.4556582813389e-05 3.9287423453094e-05 3.6867570476021e-05 3.4721760250181e-05 3.3121009411052e-05 3.1953944882372e-05
4.8723752724918e-05 0.00022071561451464 0.00024036277647922 0.00021644349287145 0.00019381126329684 0.00017116573084869 0.0001539664284864 0.00014345611245552 0.00013557804146191 0.00012945034725435
5.2532745017897e-05 0.00024036277647922 0.00025510915962022 0.00023407073894774 0.00021741806916953 0.00018732463338555 0.00017705107709901 0.0001664893037256 0.00015846157286507 0.00015250554453164
4.9060539469498e-05 0.00021644349287145 0.00023407073894774 0.00020889976787132 0.0002001998143672 0.00017589151667904 0.00016384430976371 0.00015435661532544 0.00014879722105847 0.00014508281206641
4.4556582813389e-05 0.00019381126329684 0.00021741806916953 0.0002001998143672 0.0001859628496794 0.00016490390034751 0.00015343051744335 0.00014495715446039 0.0001394686174233 0.00013466796933227
3.9287423453094e-05 0.00017116573084869 0.00018732463338555 0.00017589151667904 0.00016490390034751 0.00014668873710533 0.00013915673303568 0.00013209344577322 0.00012731380663084 0.00012303265703412
3.6867570476021e-05 0.0001539664284864 0.00017705107709901 0.00016384430976371 0.00015343051744335 0.00013915673303568 0.00013187272707539 0.00012738383584551 0.00012359595015295 0.00012028041654722
3.4721760250181e-05 0.00014345611245552 0.0001664893037256 0.00015435661532544 0.00014495715446039 0.00013209344577322 0.00012738383584551 0.00012226375439467 0.0001193588705394 0.00011719848153706
3.3121009411052e-05 0.00013557804146191 0.00015846157286507 0.00014879722105847 0.0001394686174233 0.00012731380663084 0.00012359595015295 0.0001193588705394 0.00011669360016616 0.00011528242191938
3.1953944882372e-05 0.00012945034725435 0.00015250554453164 0.00014508281206641 0.00013466796933227 0.00012303265703412 0.00012028041654722 0.00011719848153706 0.00011528242191938 0.00011457353712027
