0.01850693548602 -0.0059911367585783 0.0049095480583537 -0.0036784178997385 0.0033311670113328 -0.0028293347698926 0.0024297620320765 -0.0020845092135997 0.0018096965030902 -0.0015884712643976
-0.0059911367585783 0.011533159211143 -0.0041887602808968 0.0031077539768025 -0.0025200636894896 0.0020184550869787 -0.0016917613326749 0.0014504670372632 -0.0012602757533158 0.0011139298212225
0.0049095480583537 -0.0041887602808968 0.0084797165185053 -0.0044928318070132 0.0033399886516869 -0.0026073826771431 0.0021621408202997 -0.0018206875418016 0.0015658071672589 -0.0013641589858252
-0.0036784178997385 0.0031077539768025 -0.0044928318070132 0.0058895876749853 -0.0041976837611846 0.0032920745951681 -0.0026540612034673 0.002212356090636 -0.0018809604950729 0.0016311688752304
0.0033311670113328 -0.0025200636894896 0.0033399886516869 -0.0041976837611846 0.0044540171676222 -0.0036696595988461 0.0030560039267844 -0.0025886767995641 0.0022283448795346 -0.0019494317015807
-0.0028293347698926 0.0020184550869787 -0.0026073826771431 0.0032920745951681 -0.0036696595988461 0.0035512359203818 -0.0031136877230327 0.0027240660115331 -0.0023971958413206 0.0021306259998559
0.0024297620320765 -0.0016917613326749 0.0021621408202997 -0.0026540612034673 0.0030560039267844 -0.0031136877230327 0.0029354334395655 -0.0026672560861345 0.0024109580655652 -0.0021866097688945
-0.0020845092135997 0.0014504670372632 -0.0018206875418016 0.002212356090636 -0.0025886767995641 0.0027240660115331 -0.0026672560861345 0.0025191256096235 -0.0023384536717988 0.0021649524294004
0.0018096965030902 -0.0012602757533158 0.0015658071672589 -0.0018809604950729 0.0022283448795346 -0.0023971958413206 0.0024109580655652 -0.0023384536717988 0.0022255491198214 -0.0021008318692315
-0.0015884712643976 0.0011139298212225 -0.0013641589858252 0.0016311688752304 -0.0019494317015807 0.0021306259998559 -0.0021866097688945 0.0021649524294004 -0.0021008318692315 0.0020180245201239
