0.0092244528965305 0.0011486601937487 0.00087339687831542 0.00065436351479718 0.00051473415725173 0.0004500549265439 0.00033385531568948 0.00024633965063341 0.00021156815312339 0.0001727067688222
0.0011486601937487 0.0075581229439652 0.0019271246854466 0.0014437401830057 0.0010932845546768 0.0010034316181481 0.00088668160210606 0.00073488552345722 0.00060761273409001 0.00051027519122104
0.00087339687831542 0.0019271246854466 0.006057974740407 0.0023543240125845 0.0014625003680251 0.0010537385706219 0.00087785485580552 0.00073312171392573 0.00062214597812366 0.00051688655816037
0.00065436351479718 0.0014437401830057 0.0023543240125845 0.0049133358674118 0.0026552655579342 0.0020160395630957 0.0017740170670846 0.0014750572766598 0.0012599942310649 0.0010875440594422
0.00051473415725173 0.0010932845546768 0.0014625003680251 0.0026552655579342 0.0036064020522993 0.0025998974579962 0.0022137867125306 0.0018635367985478 0.0016197939224017 0.0014131390129628
0.0004500549265439 0.0010034316181481 0.0010537385706219 0.0020160395630957 0.0025998974579962 0.0028185638523937 0.0024603689574244 0.0021364036929614 0.0018921287758354 0.0016947203047758
0.00033385531568948 0.00088668160210606 0.00087785485580552 0.0017740170670846 0.0022137867125306 0.0024603689574244 0.0025324997594174 0.0022819801590397 0.0020780488890717 0.0018943825361324
0.00024633965063341 0.00073488552345722 0.00073312171392573 0.0014750572766598 0.0018635367985478 0.0021364036929614 0.0022819801590397 0.0022360403730488 0.002105495837031 0.0019655375610879
0.00021156815312339 0.00060761273409001 0.00062214597812366 0.0012599942310649 0.0016197939224017 0.0018921287758354 0.0020780488890717 0.002105495837031 0.002070240039224 0.0019795367994898
0.0001727067688222 0.00051027519122104 0.00051688655816037 0.0010875440594422 0.0014131390129628 0.0016947203047758 0.0018943825361324 0.0019655375610879 0.0019795367994898 0.0019455587104706
