3.1415926535898 -3.1204741781633 -0.053722845631194 3.0711029202362 0.038219614701708 -3.1346604908448 0.046740239009075 -3.1077488672606 0.030809220611519 -3.1234995411007
3.1204741781633 3.1415926535898 -0.2514471340753 3.0287955390201 -0.04279228782665 3.1120896141517 -0.028654679353721 3.0929747702602 -0.047626154095758 3.0579232112014
0.053722845631194 0.2514471340753 3.1415926535898 0.11585936075498 -3.0133495508376 0.092703130007028 -3.0232805748959 0.15358267110535 -2.9633924486057 0.17607947150993
-3.0711029202362 -3.0287955390201 -0.11585936075498 3.1415926535898 0.032004759041601 -3.093383611585 0.1005043825865 -3.0008340461323 0.17723539425399 -2.9453327864468
-0.038219614701708 0.04279228782665 3.0133495508376 -0.032004759041601 3.1415926535898 -0.012455424929694 -3.1354722571562 0.025560061896324 -3.1003404367401 0.053993889553084
3.1346604908448 -3.1120896141517 -0.092703130007028 3.093383611585 0.012455424929694 3.1415926535898 0.015879283786556 -3.1150180265583 0.036785730900628 -3.0984806634124
-0.046740239009075 0.028654679353721 3.0232805748959 -0.1005043825865 3.1354722571562 -0.015879283786556 3.1415926535898 0.0075686405162988 -3.1258583021682 0.021465258323351
3.1077488672606 -3.0929747702602 -0.15358267110535 3.0008340461323 -0.025560061896324 3.1150180265583 -0.0075686405162988 3.1415926535898 0.008693388492656 -3.1266343465884
-0.030809220611519 0.047626154095758 2.9633924486057 -0.17723539425399 3.1003404367401 -0.036785730900628 3.1258583021682 -0.008693388492656 3.1415926535898 0.0058336129646536
3.1234995411007 -3.0579232112014 -0.17607947150993 2.9453327864468 -0.053993889553084 3.0984806634124 -0.021465258323351 3.1266343465884 -0.0058336129646536 3.1415926535898
