0.0002384120357569 0.00022200778083721 0.00018829157728351 0.00015774771482995 0.00012872834246858 0.00010772728370413 9.6641850918597e-05 8.9591440039925e-05 8.4602179781385e-05 8.0891997393854e-05
0.00022200778083721 0.00018532543551479 0.00017404152572373 0.00013988733220578 0.00011651752392651 9.7205992790121e-05 8.7538278638439e-05 8.1817332257996e-05 7.7571905998156e-05 7.4193787940654e-05
0.00018829157728351 0.00017404152572373 0.00014752499896748 0.00011996009586312 9.4975592659107e-05 8.0021133814238e-05 7.169437500753e-05 6.6823269043163e-05 6.3275942094065e-05 6.0708791378144e-05
0.00015774771482995 0.00013988733220578 0.00011996009586312 9.5593130261867e-05 7.8059163087188e-05 6.7259934173768e-05 6.0668591851671e-05 5.5905935259085e-05 5.2788100130603e-05 5.0536368436245e-05
0.00012872834246858 0.00011651752392651 9.4975592659107e-05 7.8059163087188e-05 6.4138703295945e-05 5.5005021204532e-05 5.0178695932378e-05 4.6993765571646e-05 4.4810573492565e-05 4.3075363036717e-05
0.00010772728370413 9.7205992790121e-05 8.0021133814238e-05 6.7259934173768e-05 5.5005021204532e-05 4.7831236915673e-05 4.3775913697085e-05 4.1423017444166e-05 3.9826497548375e-05 3.8528338822549e-05
9.6641850918597e-05 8.7538278638439e-05 7.169437500753e-05 6.0668591851671e-05 5.0178695932378e-05 4.3775913697085e-05 3.9480202857248e-05 3.7327726961936e-05 3.5927368037132e-05 3.4810298706394e-05
8.9591440039925e-05 8.1817332257996e-05 6.6823269043163e-05 5.5905935259085e-05 4.6993765571646e-05 4.1423017444166e-05 3.7327726961936e-05 3.5275554377404e-05 3.39830597757e-05 3.2945597862859e-05
8.4602179781385e-05 7.7571905998156e-05 6.3275942094065e-05 5.2788100130603e-05 4.4810573492565e-05 3.9826497548375e-05 3.5927368037132e-05 3.39830597757e-05 3.280599024141e-05 3.1833472820494e-05
8.0891997393854e-05 7.4193787940654e-05 6.0708791378144e-05 5.0536368436245e-05 4.3075363036717e-05 3.8528338822549e-05 3.4810298706394e-05 3.2945597862859e-05 3.1833472820494e-05 3.0884918679798e-05
