0.00033245699743123 0.0007025078927528 0.000562090760591 0.00040490715995633 0.00037684718626988 0.00033860293063464 0.00028763063621667 0.00026746443972043 0.0002602766567699 0.00024974247314811 0.00023771635971276 0.00022642610729378 0.00021706821508258 0.00020966788463832 0.00020329611858659 0.00019738114996423 0.00019049001789334 0.00018461117227589 0.00017773846898429 0.0001716002951158
0.0007025078927528 0.0059802725423312 0.0012999337986716 0.00059288916446141 0.00060260757321472 0.00047275858722401 0.0003302483670825 0.00024864405995542 0.0002547979095652 0.00024723936190555 0.000230874156957 0.00021897914023348 0.00021190351227818 0.00020256325534887 0.00019618472177836 0.00018766710088597 0.00018451788063718 0.0001791275421616 0.00016586834760806 0.00016639130329808
0.000562090760591 0.0012999337986716 0.0069091535059837 0.0021157651386024 0.0015507809730483 0.0012218537967128 0.00096132794203662 0.00077804992952885 0.00073757497140161 0.0006964364248073 0.00065704528663152 0.00062095870589726 0.000593635453824 0.00056724331469886 0.00054333575749734 0.00051820535594912 0.00049475667942285 0.00047073295535788 0.00043717313063215 0.00042100425176818
0.00040490715995633 0.00059288916446141 0.0021157651386024 0.0058688340204329 0.0026426355971068 0.0018656865478863 0.0015415283560508 0.0013502039553834 0.0011616932816491 0.0010768614717381 0.00097510290688035 0.00090227579992121 0.00084201604146967 0.00079368385160327 0.00075482130507551 0.00072065849336763 0.00068876002067936 0.00066039898799855 0.00064156915541124 0.00060638181154793
0.00037684718626988 0.00060260757321472 0.0015507809730483 0.0026426355971068 0.0048662887691439 0.0029893236694964 0.0023136151254858 0.0018929773370305 0.0016516802884177 0.0014444026521764 0.0012499561053498 0.0011039869432282 0.00099418236703025 0.00090629869632734 0.00083470849896321 0.00077083159708325 0.00071988794611099 0.00067420101025098 0.00063601643421084 0.00059117900892142
0.00033860293063464 0.00047275858722401 0.0012218537967128 0.0018656865478863 0.0029893236694964 0.0038450622177494 0.0029211686896877 0.0024339603100145 0.0021190395967427 0.0018955712796061 0.0016799516482121 0.0015076039177968 0.0013700795070485 0.0012544809487784 0.0011570565616977 0.0010711750528536 0.00099659734628034 0.00093019107090508 0.0008735079181006 0.00081269842627036
0.00028763063621667 0.0003302483670825 0.00096132794203662 0.0015415283560508 0.0023136151254858 0.0029211686896877 0.0031520477114748 0.0026851734823824 0.0023765674412328 0.0021395484845321 0.0019276660951278 0.0017367049440272 0.0015838505309458 0.0014502254402049 0.0013377910578748 0.0012376865020411 0.0011534443054392 0.0010772806825642 0.0010153188213774 0.00094256495528794
0.00026746443972043 0.00024864405995542 0.00077804992952885 0.0013502039553834 0.0018929773370305 0.0024339603100145 0.0026851734823824 0.0026909642904237 0.0024883887412204 0.0023076729105106 0.0021220783001942 0.0019478745780141 0.001801932601654 0.001671331868942 0.0015573150618438 0.0014541506889385 0.0013656946879182 0.0012847665637532 0.0012161774285211 0.0011411087137355
0.0002602766567699 0.0002547979095652 0.00073757497140161 0.0011616932816491 0.0016516802884177 0.0021190395967427 0.0023765674412328 0.0024883887412204 0.0024699075640604 0.0023612255687184 0.0022179776711295 0.002069550218501 0.0019391831716607 0.0018175371048119 0.0017082792890026 0.0016073112067525 0.0015197515527906 0.0014386113884182 0.0013654674955858 0.0012917241189707
0.00024974247314811 0.00024723936190555 0.0006964364248073 0.0010768614717381 0.0014444026521764 0.0018955712796061 0.0021395484845321 0.0023076729105106 0.0023612255687184 0.0023500828186276 0.0022570650195922 0.0021423337051753 0.0020339367356454 0.0019277822460602 0.0018285030105672 0.0017345969402715 0.0016510383635856 0.0015724137659443 0.0015002283873812 0.0014269816207877
0.00023771635971276 0.000230874156957 0.00065704528663152 0.00097510290688035 0.0012499561053498 0.0016799516482121 0.0019276660951278 0.0021220783001942 0.0022179776711295 0.0022570650195922 0.0022215709884664 0.0021390261853584 0.0020564567298187 0.0019694931390237 0.0018844691308052 0.001801516789391 0.0017256749375673 0.0016529572126595 0.001584972785787 0.0015153703688
0.00022642610729378 0.00021897914023348 0.00062095870589726 0.00090227579992121 0.0011039869432282 0.0015076039177968 0.0017367049440272 0.0019478745780141 0.002069550218501 0.0021423337051753 0.0021390261853584 0.0020947257449099 0.0020376647420173 0.0019705331024495 0.0019006406107725 0.0018297558735053 0.0017631093512788 0.0016976527041421 0.0016354252894918 0.0015704685483096
0.00021706821508258 0.00021190351227818 0.000593635453824 0.00084201604146967 0.00099418236703025 0.0013700795070485 0.0015838505309458 0.001801932601654 0.0019391831716607 0.0020339367356454 0.0020564567298187 0.0020376647420173 0.0020042228842833 0.0019558753765902 0.0019009552705702 0.001842297572269 0.0017852317390707 0.0017275696484493 0.0016715180108528 0.0016120404669579
0.00020966788463832 0.00020256325534887 0.00056724331469886 0.00079368385160327 0.00090629869632734 0.0012544809487784 0.0014502254402049 0.001671331868942 0.0018175371048119 0.0019277822460602 0.0019694931390237 0.0019705331024495 0.0019558753765902 0.0019247114601456 0.001883930166892 0.0018370674264202 0.0017895890427806 0.0017398931289227 0.0016903367409398 0.0016366980362779
0.00020329611858659 0.00019618472177836 0.00054333575749734 0.00075482130507551 0.00083470849896321 0.0011570565616977 0.0013377910578748 0.0015573150618438 0.0017082792890026 0.0018285030105672 0.0018844691308052 0.0019006406107725 0.0019009552705702 0.001883930166892 0.0018557970439865 0.0018198258770266 0.0017813781427217 0.0017393912447786 0.0016962485695117 0.0016485115025991
0.00019738114996423 0.00018766710088597 0.00051820535594912 0.00072065849336763 0.00077083159708325 0.0010711750528536 0.0012376865020411 0.0014541506889385 0.0016073112067525 0.0017345969402715 0.001801516789391 0.0018297558735053 0.001842297572269 0.0018370674264202 0.0018198258770266 0.0017953795541122 0.0017635486249162 0.0017288211167927 0.001691899681963 0.0016498517811481
0.00019049001789334 0.00018451788063718 0.00049475667942285 0.00068876002067936 0.00071988794611099 0.00099659734628034 0.0011534443054392 0.0013656946879182 0.0015197515527906 0.0016510383635856 0.0017256749375673 0.0017631093512788 0.0017852317390707 0.0017895890427806 0.0017813781427217 0.0017635486249162 0.0017408754336589 0.0017127533166993 0.0016815963932096 0.0016448981277996
0.00018461117227589 0.0001791275421616 0.00047073295535788 0.00066039898799855 0.00067420101025098 0.00093019107090508 0.0010772806825642 0.0012847665637532 0.0014386113884182 0.0015724137659443 0.0016529572126595 0.0016976527041421 0.0017275696484493 0.0017398931289227 0.0017393912447786 0.0017288211167927 0.0017127533166993 0.0016906600718413 0.0016648578106546 0.0016332501252907
0.00017773846898429 0.00016586834760806 0.00043717313063215 0.00064156915541124 0.00063601643421084 0.0008735079181006 0.0010153188213774 0.0012161774285211 0.0013654674955858 0.0015002283873812 0.001584972785787 0.0016354252894918 0.0016715180108528 0.0016903367409398 0.0016962485695117 0.001691899681963 0.0016815963932096 0.0016648578106546 0.0016518437698017 0.0016169627867488
0.0001716002951158 0.00016639130329808 0.00042100425176818 0.00060638181154793 0.00059117900892142 0.00081269842627036 0.00094256495528794 0.0011411087137355 0.0012917241189707 0.0014269816207877 0.0015153703688 0.0015704685483096 0.0016120404669579 0.0016366980362779 0.0016485115025991 0.0016498517811481 0.0016448981277996 0.0016332501252907 0.0016169627867488 0.0015977031212723
