0.0002188744095322 0.00021306886756293 0.00024553196915642 0.00021853221017624 0.00019582585639696 0.00018593120139385 0.00015456857683439 0.00014594197194982 0.00013505816315681 0.00012763119304132
0.00021306886756293 0.00024993637956783 0.00024588333529209 0.00021997448831383 0.00020740078200638 0.00017645295077909 0.00015596052974383 0.00014418336920318 0.00013359109162754 0.0001281697718714
0.00024553196915642 0.00024588333529209 0.00028232355457813 0.00025749987425661 0.0002202190169462 0.00019541098445856 0.00016850277450768 0.00015575035630029 0.0001472897747357 0.00014166029219357
0.00021853221017624 0.00021997448831383 0.00025749987425661 0.00022371153519404 0.00020294438778263 0.00018125771996325 0.00015414591475572 0.00014317399879761 0.00013540102336582 0.00012960685615764
0.00019582585639696 0.00020740078200638 0.0002202190169462 0.00020294438778263 0.0001862993223699 0.00016071097126307 0.00013765113990026 0.00012808075475098 0.00011979527785576 0.00011520036945259
0.00018593120139385 0.00017645295077909 0.00019541098445856 0.00018125771996325 0.00016071097126307 0.00014249580087053 0.00012349109739235 0.0001174050131892 0.00010987892907404 0.00010376128815671
0.00015456857683439 0.00015596052974383 0.00016850277450768 0.00015414591475572 0.00013765113990026 0.00012349109739235 0.00010310915423196 9.7070244416247e-05 9.0945958697046e-05 8.8029175587546e-05
0.00014594197194982 0.00014418336920318 0.00015575035630029 0.00014317399879761 0.00012808075475098 0.0001174050131892 9.7070244416247e-05 9.1704849849037e-05 8.5690560124407e-05 8.2729637884965e-05
0.00013505816315681 0.00013359109162754 0.0001472897747357 0.00013540102336582 0.00011979527785576 0.00010987892907404 9.0945958697046e-05 8.5690560124407e-05 8.0089085208709e-05 7.7726018148319e-05
0.00012763119304132 0.0001281697718714 0.00014166029219357 0.00012960685615764 0.00011520036945259 0.00010376128815671 8.8029175587546e-05 8.2729637884965e-05 7.7726018148319e-05 7.5739175718835e-05
