3.1415926535898 0.0087577393843664 -3.1268572476736 0.019532837874597 -3.1184871476106 0.025071702400082 -3.1167655819569 0.02148463499692 -3.1276416478608 0.00061093275107817
-0.0087577393843664 3.1415926535898 0.0051389418668035 -3.1330425406968 0.01029216381195 -3.13151919467 0.0073902512632377 -3.1400977007037 -0.0084723869385801 3.1178331409996
3.1268572476736 -0.0051389418668035 3.1415926535898 0.0030040779494433 -3.1375195784243 0.0030380730800598 3.1411218467975 -0.0070284684461714 3.1243382809875 -0.032039691434692
-0.019532837874597 3.1330425406968 -0.0030040779494433 3.1415926535898 0.00084303718345732 3.1410880906093 -0.0042761186325679 3.130705502875 -0.020759543739548 3.107080799314
3.1184871476106 -0.01029216381195 3.1375195784243 -0.00084303718345732 3.1415926535898 -0.0014220424633937 3.1363824869685 -0.011641171035701 3.1206102693341 -0.033653177631937
-0.025071702400082 3.13151919467 -0.0030380730800598 -3.1410880906093 0.0014220424633937 3.1415926535898 -0.0037352202682597 3.1316517570984 -0.018764029477818 3.1111139470694
3.1167655819569 -0.0073902512632377 -3.1411218467975 0.0042761186325679 -3.1363824869685 0.0037352202682597 3.1415926535898 -0.0060502259090143 3.1271239674891 -0.025422978637096
-0.02148463499692 3.1400977007037 0.0070284684461714 -3.130705502875 0.011641171035701 -3.1316517570984 0.0060502259090143 3.1415926535898 -0.0081916340917676 3.1229773299769
3.1276416478608 0.0084723869385801 -3.1243382809875 0.020759543739548 -3.1206102693341 0.018764029477818 -3.1271239674891 0.0081916340917676 3.1415926535898 -0.010145334906666
-0.00061093275107817 -3.1178331409996 0.032039691434692 -3.107080799314 0.033653177631937 -3.1111139470694 0.025422978637096 -3.1229773299769 0.010145334906666 3.1415926535898
