0.10139999785935 0.00044837868926454 -0.00032214608760283 0.00028763343340345 -0.00022123476163327 0.00018936132606725 -0.00017488105898593 0.00015726146546176 -0.00014510232281329 0.00013576873197141
0.00044837868926454 0.0079290848158249 -0.00096252701323309 0.00071388480157514 -0.00057980828230516 0.00027144373906325 -0.00010447606436529 3.5982318476401e-05 -1.1283126137016e-05 7.9188576346644e-06
-0.00032214608760283 -0.00096252701323309 0.0088439757331243 -0.0021206249162703 0.001181538883363 -0.00093185807996389 0.00075236303846366 -0.00057708240515542 0.00048539702207134 -0.00042177387831599
0.00028763343340345 0.00071388480157514 -0.0021206249162703 0.0064670414225783 -0.0032475663549516 0.0021694873760383 -0.001686965797489 0.0013578018363166 -0.0011460714269418 0.00097176803973318
-0.00022123476163327 -0.00057980828230516 0.001181538883363 -0.0032475663549516 0.0048714705737433 -0.003302044067864 0.0025613051406412 -0.0020623225826363 0.0017218818004614 -0.0014667998092206
0.00018936132606725 0.00027144373906325 -0.00093185807996389 0.0021694873760383 -0.003302044067864 0.0035039923063734 -0.0029552026745096 0.0024911572826583 -0.0021416315415364 0.0018654375687336
-0.00017488105898593 -0.00010447606436529 0.00075236303846366 -0.001686965797489 0.0025613051406412 -0.0029552026745096 0.0029716896094416 -0.0026686306098353 0.0023867194202209 -0.0021397496169444
0.00015726146546176 3.5982318476401e-05 -0.00057708240515542 0.0013578018363166 -0.0020623225826363 0.0024911572826583 -0.0026686306098353 0.0025938314757955 -0.0024220531414709 0.0022359013463209
-0.00014510232281329 -1.1283126137016e-05 0.00048539702207134 -0.0011460714269418 0.0017218818004614 -0.0021416315415364 0.0023867194202209 -0.0024220531414709 0.0023548964571475 -0.0022340600596485
0.00013576873197141 7.9188576346644e-06 -0.00042177387831599 0.00097176803973318 -0.0014667998092206 0.0018654375687336 -0.0021397496169444 0.0022359013463209 -0.0022340600596485 0.0021697146142461
