0.00033941947981823 0.00027344557881537 0.00022787284935887 0.00022067785871108 0.00021207206419841 0.00018261018063055 0.00015006505313388 0.00013148016314219 0.00012320021756417 0.0001158842651032
0.00027344557881537 0.00035670750028596 0.00027164393352751 0.00021690205236882 0.00019898524089916 0.00019173810196541 0.00016432153125155 0.00015212274825806 0.00014369394417446 0.00013583965089742
0.00022787284935887 0.00027164393352751 0.00037720654798388 0.00024410010255948 0.00021652658748916 0.00021602713025339 0.00019428994322541 0.00017985928346398 0.00016691790290195 0.00015583503698989
0.00022067785871108 0.00021690205236882 0.00024410010255948 0.0002965811900965 0.00020879867988498 0.00019166949482567 0.00016938756229347 0.00014337190090297 0.00013517259597964 0.00012630772813503
0.00021207206419841 0.00019898524089916 0.00021652658748916 0.00020879867988498 0.00023660097385188 0.00018725015118152 0.00015382133334866 0.00013596398975366 0.00012908761044249 0.00012279089544542
0.00018261018063055 0.00019173810196541 0.00021602713025339 0.00019166949482567 0.00018725015118152 0.00022237862561387 0.00017239527352329 0.00014787975919129 0.0001377871263589 0.00012620221381487
0.00015006505313388 0.00016432153125155 0.00019428994322541 0.00016938756229347 0.00015382133334866 0.00017239527352329 0.00016494376305061 0.00014313166565902 0.00013178256200712 0.00012037291279038
0.00013148016314219 0.00015212274825806 0.00017985928346398 0.00014337190090297 0.00013596398975366 0.00014787975919129 0.00014313166565902 0.00013977965219238 0.00013099393556309 0.0001186925196412
0.00012320021756417 0.00014369394417446 0.00016691790290195 0.00013517259597964 0.00012908761044249 0.0001377871263589 0.00013178256200712 0.00013099393556309 0.00013084019939994 0.00012041980528172
0.0001158842651032 0.00013583965089742 0.00015583503698989 0.00012630772813503 0.00012279089544542 0.00012620221381487 0.00012037291279038 0.0001186925196412 0.00012041980528172 0.00011335148203203
