-0.00034660286949129 -0.00083297000936904 0.00067229596433648 -0.00052906231406043 0.00048592932428372 -0.00039393091051215 0.00036061966139441 -0.00031096537422445 0.00028611474612241 -0.0002730929819549
-0.00083297000936904 -0.0069333815528694 0.0016959218536552 -0.0010443386789003 0.0010379997801452 -0.0008653266215102 0.00069459632885516 -0.0005414504093287 0.00047036163204682 -0.00044878934260229
0.00067229596433648 0.0016959218536552 -0.0080706743781655 0.0025385857526845 -0.001909028110374 0.0015333627077521 -0.0012874973635524 0.0010841786936759 -0.00095167965023952 0.00087309284648475
-0.00052906231406043 -0.0010443386789003 0.0025385857526845 -0.0066659841146969 0.0029730192193111 -0.002047294535787 0.0016855414749872 -0.0014668314218332 0.0013717074285816 -0.0012718138099202
0.00048592932428372 0.0010379997801452 -0.001909028110374 0.0029730192193111 -0.005527755192932 0.0032804239655564 -0.0025592760414007 0.0021427203068847 -0.001867944213102 0.0016676970177151
-0.00039393091051215 -0.0008653266215102 0.0015333627077521 -0.002047294535787 0.0032804239655564 -0.0042637534468234 0.0032939432820947 -0.0027422922031522 0.0023648822328006 -0.0021004994160681
0.00036061966139441 0.00069459632885516 -0.0012874973635524 0.0016855414749872 -0.0025592760414007 0.0032939432820947 -0.0036990430609398 0.003173497654395 -0.0027710134706638 0.0024596149735144
-0.00031096537422445 -0.0005414504093287 0.0010841786936759 -0.0014668314218332 0.0021427203068847 -0.0027422922031522 0.003173497654395 -0.0032183438979645 0.0029354800247751 -0.0026603738341474
0.00028611474612241 0.00047036163204682 -0.00095167965023952 0.0013717074285816 -0.001867944213102 0.0023648822328006 -0.0027710134706638 0.0029354800247751 -0.0028860005003014 0.0027176170332354
-0.0002730929819549 -0.00044878934260229 0.00087309284648475 -0.0012718138099202 0.0016676970177151 -0.0021004994160681 0.0024596149735144 -0.0026603738341474 0.0027176170332354 -0.0026666723667827
