0.0014918917005254 0.00085322661580705 0.00075382785703529 0.00061969841956461 0.00055690706927249 0.00053242796622035 0.00052084202997166 0.00051848216999824 0.00052144670033695 0.00052556320828998
0.00085322661580705 0.00044135242323277 0.00041200338318666 0.00035266554155211 0.00031922449209301 0.00030306546943758 0.00029412692106908 0.00028899472688987 0.00028685845414387 0.00028696734793675
0.00075382785703529 0.00041200338318666 0.00036131572785315 0.00031568406275075 0.00028196698588572 0.00026848578134755 0.00026152084733946 0.00025738187741121 0.00025517676006999 0.00025380865816893
0.00061969841956461 0.00035266554155211 0.00031568406275075 0.00027207620664175 0.00024494826791371 0.00023582296371898 0.00023260715348109 0.00022966890488068 0.00022795978231562 0.00022653637600334
0.00055690706927249 0.00031922449209301 0.00028196698588572 0.00024494826791371 0.00022222211313335 0.00021612942028937 0.0002136747290505 0.00021201571220025 0.00021132963340537 0.0002104570234553
0.00053242796622035 0.00030306546943758 0.00026848578134755 0.00023582296371898 0.00021612942028937 0.00021243997933676 0.00021167873765745 0.00021163937501915 0.0002122791003453 0.00021214978429136
0.00052084202997166 0.00029412692106908 0.00026152084733946 0.00023260715348109 0.0002136747290505 0.00021167873765745 0.00021201906049914 0.00021293278636929 0.00021451518032519 0.00021504845166741
0.00051848216999824 0.00028899472688987 0.00025738187741121 0.00022966890488068 0.00021201571220025 0.00021163937501915 0.00021293278636929 0.00021486471941886 0.00021739193111067 0.00021866498652373
0.00052144670033695 0.00028685845414387 0.00025517676006999 0.00022795978231562 0.00021132963340537 0.0002122791003453 0.00021451518032519 0.00021739193111067 0.00022059942337016 0.00022237741289393
0.00052556320828998 0.00028696734793675 0.00025380865816893 0.00022653637600334 0.0002104570234553 0.00021214978429136 0.00021504845166741 0.00021866498652373 0.00022237741289393 0.00022453583696921
