0.0017489457846536 0.0012163348070957 0.00094913314310942 0.00077930987257826 0.00073405548940459 0.0007109612302109 0.00067899572606271 0.00065805178797741 0.00063626546000861 0.00061270065497706
0.0012163348070957 0.00092445070412947 0.00077301852809135 0.00063588126386097 0.00058021224062806 0.00055081158853972 0.00052193990979721 0.00049344711320786 0.00046855831869379 0.00044491648248705
0.00094913314310942 0.00077301852809135 0.00060270143338408 0.00047064624184844 0.00042054947188557 0.00041257604718578 0.0003950559128509 0.00038014658113116 0.00036519024691789 0.00035049388073929
0.00077930987257826 0.00063588126386097 0.00047064624184844 0.00036193234914595 0.0003454404683787 0.0003385641755852 0.00032854029817697 0.00031724229377146 0.00030618526049367 0.00029571369454916
0.00073405548940459 0.00058021224062806 0.00042054947188557 0.0003454404683787 0.00033600613251435 0.0003372731281619 0.00032962544784529 0.00031961427543836 0.00030901418030273 0.00029826604702946
0.0007109612302109 0.00055081158853972 0.00041257604718578 0.0003385641755852 0.0003372731281619 0.0003449405344089 0.00033950885852614 0.00033125363159305 0.00032114965541487 0.00031021674094584
0.00067899572606271 0.00052193990979721 0.0003950559128509 0.00032854029817697 0.00032962544784529 0.00033950885852614 0.00033563308933212 0.0003288647041109 0.00031958428579766 0.00030920598612765
0.00065805178797741 0.00049344711320786 0.00038014658113116 0.00031724229377146 0.00031961427543836 0.00033125363159305 0.0003288647041109 0.00032343207170395 0.00031505961396304 0.00030540955641614
0.00063626546000861 0.00046855831869379 0.00036519024691789 0.00030618526049367 0.00030901418030273 0.00032114965541487 0.00031958428579766 0.00031505961396304 0.00030743100736309 0.00029848582388728
0.00061270065497706 0.00044491648248705 0.00035049388073929 0.00029571369454916 0.00029826604702946 0.00031021674094584 0.00030920598612765 0.00030540955641614 0.00029848582388728 0.00029022218452331
