0.0014172734464681 0.00098958200903711 0.00084170527652852 0.00072345228302008 0.00063457180777136 0.00056811112027541 0.00052457775795204 0.00050156591768875 0.00048005468905106 0.00046916130665149
0.00098958200903711 0.0005449298001162 0.0005281212396297 0.0004440284898208 0.00041321112036873 0.00035384239666264 0.00032420563636072 0.00030995674867243 0.00029756342214223 0.00028596266167078
0.00084170527652852 0.0005281212396297 0.00041424786329796 0.0004032274962938 0.00034888178884903 0.00030756042077629 0.00028980055399545 0.00027670474788236 0.00026679000317524 0.00025926845848183
0.00072345228302008 0.0004440284898208 0.0004032274962938 0.00033205948328608 0.0003027492986833 0.0002528847951328 0.00023120527389666 0.00021674656906309 0.00021013748950299 0.00020443808905444
0.00063457180777136 0.00041321112036873 0.00034888178884903 0.0003027492986833 0.00024687562556789 0.00020106691675043 0.00018248110425035 0.00016299797708022 0.00015888682599472 0.00015609256318289
0.00056811112027541 0.00035384239666264 0.00030756042077629 0.0002528847951328 0.00020106691675043 0.00015761886184558 0.00014206286069202 0.00012651221967746 0.0001278362334293 0.00012845169180585
0.00052457775795204 0.00032420563636072 0.00028980055399545 0.00023120527389666 0.00018248110425035 0.00014206286069202 0.00012757230689122 0.00011661910443394 0.00011927921433594 0.0001204255987827
0.00050156591768875 0.00030995674867243 0.00027670474788236 0.00021674656906309 0.00016299797708022 0.00012651221967746 0.00011661910443394 0.00010977323253662 0.00011313154657773 0.00011395186266335
0.00048005468905106 0.00029756342214223 0.00026679000317524 0.00021013748950299 0.00015888682599472 0.0001278362334293 0.00011927921433594 0.00011313154657773 0.0001150320225643 0.00011470586654344
0.00046916130665149 0.00028596266167078 0.00025926845848183 0.00020443808905444 0.00015609256318289 0.00012845169180585 0.0001204255987827 0.00011395186266335 0.00011470586654344 0.00011330322859423
