0 -3.1406704134075 0.0017286393104743 -3.1387041733646 0.0046455599286037 -3.1344263429277 0.010609347412675 -3.1264463492989 0.020961830672842 -3.1133201915229
3.1406704134075 0 -3.1405034468782 0.0025906601715145 -3.1369087464626 0.0074951228070194 -3.130441530654 0.015785792275878 -3.1200510671989 0.028581247879497
-0.0017286393104743 3.1405034468782 0 -3.1400566840778 0.0036246881909487 -3.1352423672552 0.0098064257029431 -3.1274985313004 0.019319831231296 -3.1159892768753
3.1387041733646 -0.0025906601715145 3.1400566840778 0 -3.139547142244 0.0046452388997269 -3.1337284912658 0.011777764927009 -3.125126790048 0.022017137789291
-0.0046455599286037 3.1369087464626 -0.0036246881909487 3.139547142244 0 -3.1390730047251 0.005554611199524 -3.1324309297105 0.01340233791412 -3.123248779292
3.1344263429277 -0.0074951228070194 3.1352423672552 -0.0046452388997269 3.1390730047251 0 -3.1386565427145 0.006332999802781 -3.1313521582885 0.014712677245488
-0.010609347412675 3.130441530654 -0.0098064257029431 3.1337284912658 -0.005554611199524 3.1386565427145 0 -3.1383015292172 0.0069815931927311 -3.1304740314369
3.1264463492989 -0.015785792275878 3.1274985313004 -0.011777764927009 3.1324309297105 -0.006332999802781 3.1383015292172 0 -3.138007837481 0.0075092267420748
-0.020961830672842 3.1200510671989 -0.019319831231296 3.125126790048 -0.01340233791412 3.1313521582885 -0.0069815931927311 3.138007837481 0 -3.1377700841008
3.1133201915229 -0.028581247879497 3.1159892768753 -0.022017137789291 3.123248779292 -0.014712677245488 3.1304740314369 -0.0075092267420748 3.1377700841008 0
