3.1415926535898 0.62340536562058 -2.3160937038177 1.1747262197498 -2.2373686271478 0.64953801095233 -2.46203649234 0.50187565950125 -2.9006428748842 0.086833927292847
-0.62340536562058 3.1415926535898 0.010659476866167 3.0424595866243 -0.022157999109493 -3.0737687987921 0.20588827063379 -2.9152752336873 0.19836010359987 -2.9551959378328
2.3160937038177 -0.010659476866167 3.1415926535898 -0.0052113276118761 3.1347145296393 0.0059463859701813 -3.1294761886602 0.041713386919885 -3.0778327747363 0.091988927199816
-1.1747262197498 -3.0424595866243 0.0052113276118761 3.1415926535898 -0.02674101438592 3.1354872497859 -0.0015050253375836 -3.1360422141819 0.0093912031843009 -3.1253957631442
2.2373686271478 0.022157999109493 -3.1347145296393 0.02674101438592 3.1415926535898 0.018574953633347 -3.1243937266149 0.021187414825036 -3.1159233684916 0.031985059768478
-0.64953801095233 3.0737687987921 -0.0059463859701813 -3.1354872497859 -0.018574953633347 3.1415926535898 0.00090386911039174 -3.140907884616 0.0024214757459097 -3.1320279982868
2.46203649234 -0.20588827063379 3.1294761886602 0.0015050253375836 3.1243937266149 -0.00090386911039174 3.1415926535898 -0.0015145309642895 3.1413612313844 0.005386073279064
-0.50187565950125 2.9152752336873 -0.041713386919885 3.1360422141819 -0.021187414825036 3.140907884616 0.0015145309642895 3.1415926535898 0.0021866391747851 -3.1343482156606
2.9006428748842 -0.19836010359987 3.0778327747363 -0.0093912031843009 3.1159233684916 -0.0024214757459097 -3.1413612313844 -0.0021866391747851 3.1415926535898 0.0043020046643597
-0.086833927292847 2.9551959378328 -0.091988927199816 3.1253957631442 -0.031985059768478 3.1320279982868 -0.005386073279064 3.1343482156606 -0.0043020046643597 3.1415926535898
