0.0018650688503021 0.00099995129248698 0.00082718523054443 0.00075302995994581 0.00070296514952136 0.00067199342441816 0.00065479350192212 0.00064080560659668 0.00062777796147893 0.00061672092303642
0.00099995129248698 0.0004977581274314 0.0003934100831114 0.00036288796191738 0.00033718911086157 0.00032516228320558 0.00031730940836553 0.00030971409960813 0.0003030042976316 0.00029764449096764
0.00082718523054443 0.0003934100831114 0.00033115677636368 0.00029833105794015 0.00027714318603221 0.00026621835519794 0.00025971405968544 0.00025386143287386 0.00024865863134 0.00024458597565646
0.00075302995994581 0.00036288796191738 0.00029833105794015 0.00026742008871758 0.00024661399567858 0.00023549036967658 0.0002292078515124 0.00022371551735276 0.0002189605030023 0.00021550340108305
0.00070296514952136 0.00033718911086157 0.00027714318603221 0.00024661399567858 0.00022659546433067 0.00021533412970434 0.00020840583796714 0.00020251031205481 0.00019765722138192 0.00019435584723745
0.00067199342441816 0.00032516228320558 0.00026621835519794 0.00023549036967658 0.00021533412970434 0.00020406845810501 0.000197102636182 0.00019157326086866 0.00018729640453501 0.00018464008434125
0.00065479350192212 0.00031730940836553 0.00025971405968544 0.0002292078515124 0.00020840583796714 0.000197102636182 0.00019018900768793 0.00018526407612658 0.0001818788398962 0.00018015471812051
0.00064080560659668 0.00030971409960813 0.00025386143287386 0.00022371551735276 0.00020251031205481 0.00019157326086866 0.00018526407612658 0.0001814742598567 0.00017938938751935 0.00017888889175227
0.00062777796147893 0.0003030042976316 0.00024865863134 0.0002189605030023 0.00019765722138192 0.00018729640453501 0.0001818788398962 0.00017938938751935 0.00017861040713754 0.00017925337520904
0.00061672092303642 0.00029764449096764 0.00024458597565646 0.00021550340108305 0.00019435584723745 0.00018464008434125 0.00018015471812051 0.00017888889175227 0.00017925337520904 0.00018084521046083
