0.013161312302864 0.0034265549940724 0.0024116745552954 0.0024220557321513 0.0022012935818684 0.0018242812632103 0.0015046691543223 0.0013180590116144 0.0011880819954192 0.0010795597367583
0.0034265549940724 0.0050684801085484 0.002716140105424 0.0022136873452393 0.0019716098349281 0.0016219653296596 0.0014087308354851 0.0012829560477436 0.0011948578713919 0.0011159526644447
0.0024116745552954 0.002716140105424 0.0029681830290737 0.0023763228747623 0.0019046710646719 0.001517380270524 0.001299858945873 0.0011659311287539 0.0010583547562068 0.00096469926979611
0.0024220557321513 0.0022136873452393 0.0023763228747623 0.0025689083317146 0.0021837708965175 0.001826075285487 0.0015908342632267 0.0014481435090363 0.0013313266371036 0.0012283442273712
0.0022012935818684 0.0019716098349281 0.0019046710646719 0.0021837708965175 0.0021053110067713 0.0018558877165023 0.001670632224406 0.0015447722531472 0.0014364519936246 0.0013404865887367
0.0018242812632103 0.0016219653296596 0.001517380270524 0.001826075285487 0.0018558877165023 0.0017352508857208 0.0016153813961877 0.0015222752008852 0.0014347042138912 0.0013553360390462
0.0015046691543223 0.0014087308354851 0.001299858945873 0.0015908342632267 0.001670632224406 0.0016153813961877 0.0015526619870035 0.0014864223376987 0.001416148390535 0.001349648635248
0.0013180590116144 0.0012829560477436 0.0011659311287539 0.0014481435090363 0.0015447722531472 0.0015222752008852 0.0014864223376987 0.0014433939223563 0.0013900232482115 0.0013358292388999
0.0011880819954192 0.0011948578713919 0.0010583547562068 0.0013313266371036 0.0014364519936246 0.0014347042138912 0.001416148390535 0.0013900232482115 0.0013553057071509 0.0013153959661009
0.0010795597367583 0.0011159526644447 0.00096469926979611 0.0012283442273712 0.0013404865887367 0.0013553360390462 0.001349648635248 0.0013358292388999 0.0013153959661009 0.0012886868841145
