3.1415926535898 -0.029781029306794 3.1390863752327 -0.0072556546670954 3.1271419746554 -0.035492774225387 3.0704129737959 -0.12085021035946 2.955580491634 -0.26521003096008
0.029781029306794 3.1415926535898 0.021532110683865 -3.1129368840379 0.039701223193441 -3.0913766547779 0.056234494753556 -3.0839909271207 0.054962095811705 -3.0941648774758
-3.1390863752327 -0.021532110683865 3.1415926535898 0.0070184742363076 -3.1228915582916 0.030482941514801 -3.1029792696948 0.042736454315062 -3.0976185043361 0.041958099418201
0.0072556546670954 3.1129368840379 -0.0070184742363076 3.1415926535898 0.013229817366655 -3.1151123753345 0.036115253404836 -3.0998397215542 0.044611982212817 -3.0967969651759
-3.1271419746554 -0.039701223193441 3.1228915582916 -0.013229817366655 3.1415926535898 0.013154317588411 -3.1188224747382 0.028503318029881 -3.1099241368844 0.032540283787129
0.035492774225387 3.0913766547779 -0.030482941514801 3.1151123753345 -0.013154317588411 3.1415926535898 0.0095601850311708 -3.1263425252586 0.018530541627294 -3.1218522647502
-3.0704129737959 -0.056234494753556 3.1029792696948 -0.036115253404836 3.1188224747382 -0.0095601850311708 3.1415926535898 0.0057010368972239 -3.1324546449693 0.010664440557021
0.12085021035946 3.0839909271207 -0.042736454315062 3.0998397215542 -0.028503318029881 3.1263425252586 -0.0057010368972239 3.1415926535898 0.003563639387815 -3.136257445805
-2.955580491634 -0.054962095811705 3.0976185043361 -0.044611982212817 3.1099241368844 -0.018530541627294 3.1324546449693 -0.003563639387815 3.1415926535898 0.0018843709352343
0.26521003096008 3.0941648774758 -0.041958099418201 3.0967969651759 -0.032540283787129 3.1218522647502 -0.010664440557021 3.136257445805 -0.0018843709352343 3.1415926535898
