-0.0002467443295031 -0.00058207050585386 0.00027568102808719 -0.00027037955668569 0.00029654367616859 -0.00024273742036957 0.00021992011184817 -0.00018713274002602 0.00018198737600969 -0.00016927027312834
-0.00058207050585386 -0.0053511232002192 0.00061238071213877 -0.00063111986518636 0.00040578943730268 -0.00037784172168335 0.00036588374399874 -0.00031172947891837 0.0003395174292506 -0.00032000854817443
0.00027568102808719 0.00061238071213877 -0.0053119566277641 0.0012971686898822 -0.00098684517400355 0.00066579773990037 -0.00062036820615901 0.0005487667310152 -0.00054726162377927 0.00052253044046881
-0.00027037955668569 -0.00063111986518636 0.0012971686898822 -0.0061300309477956 0.0023405368517476 -0.001668549719539 0.001359152909321 -0.0010270563549847 0.00090594425692891 -0.00078255844616425
0.00029654367616859 0.00040578943730268 -0.00098684517400355 0.0023405368517476 -0.0048878543618731 0.0022823269776501 -0.0017454715292322 0.0013832807155023 -0.0012043835763926 0.0010615718205601
-0.00024273742036957 -0.00037784172168335 0.00066579773990037 -0.001668549719539 0.0022823269776501 -0.003628824620201 0.0023269405662049 -0.0017447879059238 0.0014814962067432 -0.0013102395270769
0.00021992011184817 0.00036588374399874 -0.00062036820615901 0.001359152909321 -0.0017454715292322 0.0023269405662049 -0.0028062550452701 0.0021722595629689 -0.0018257795109999 0.0016016585220172
-0.00018713274002602 -0.00031172947891837 0.0005487667310152 -0.0010270563549847 0.0013832807155023 -0.0017447879059238 0.0021722595629689 -0.0023322483222213 0.0020445627029214 -0.0018129003900795
0.00018198737600969 0.0003395174292506 -0.00054726162377927 0.00090594425692891 -0.0012043835763926 0.0014814962067432 -0.0018257795109999 0.0020445627029214 -0.0020945034655954 0.0019441346737725
-0.00016927027312834 -0.00032000854817443 0.00052253044046881 -0.00078255844616425 0.0010615718205601 -0.0013102395270769 0.0016016585220172 -0.0018129003900795 0.0019441346737725 -0.001935349648342
