0.016015056736336 0.010784412884023 0.0095305120480574 0.0080877728386495 0.0064409750397434 0.0047017486062665 0.003001907573876 0.0015820510592437 0.0013598629478541 0.0023950081503658
0.010784412884023 0.01039599411306 0.011097348598244 0.011023439332315 0.010332046905275 0.0092077764196071 0.007808070703693 0.0062629681295709 0.0046736867442073 0.0031184569691052
0.0095305120480574 0.011097348598244 0.012913095089622 0.013718277137003 0.013698996605521 0.013056723324875 0.011967387468961 0.010582778418889 0.0090256629608979 0.0073944177208213
0.0080877728386495 0.011023439332315 0.013718277137003 0.015343048206875 0.016057485046411 0.016040188889223 0.01545517959 0.014451997555542 0.013157551226899 0.011679317995747
0.0064409750397434 0.010332046905275 0.013698996605521 0.016057485046411 0.017511251229374 0.018191514050376 0.018229786952833 0.017755835954144 0.016886668373246 0.015727700254343
0.0047017486062665 0.0092077764196071 0.013056723324875 0.016040188889223 0.018191514050376 0.019581142974692 0.020295523034181 0.020433011411436 0.020090678747605 0.019363328137992
0.003001907573876 0.007808070703693 0.011967387468961 0.01545517959 0.018229786952833 0.020295523034181 0.021687478090324 0.02246581955906 0.022701174327516 0.022471653902236
0.0015820510592437 0.0062629681295709 0.010582778418889 0.014451997555542 0.017755835954144 0.020433011411436 0.02246581955906 0.023873402029569 0.02469644127061 0.024992501990705
0.0013598629478541 0.0046736867442073 0.0090256629608979 0.013157551226899 0.016886668373246 0.020090678747605 0.022701174327516 0.02469644127061 0.026086121659505 0.026905245661817
0.0023950081503658 0.0031184569691052 0.0073944177208213 0.011679317995747 0.015727700254343 0.019363328137992 0.022471653902236 0.024992501990705 0.026905245661817 0.02822193504402
