0.15439720660487 0.070892344142462 0.033609535790959 0.017269054917557 0.0092236580032127 0.0049456639633836 0.0020397035155469 0.00047686437262754 0.00059533158364338 0.0012260323625189
0.070892344142462 0.0658147167386 0.053792498251972 0.042224190441074 0.032532096862417 0.024615762176665 0.018154892621959 0.012956937586468 0.0088034463146178 0.0055411491246177
0.033609535790959 0.053792498251972 0.056545670643163 0.051394786779381 0.043768971796816 0.035828863519544 0.028493932911472 0.021969743846199 0.016409718443459 0.011772153549
0.017269054917557 0.042224190441074 0.051394786779381 0.051328837105403 0.04691046969944 0.040734804323919 0.034215036459423 0.027890064883877 0.022159775618294 0.01713420933083
0.0092236580032127 0.032532096862417 0.043768971796816 0.04691046969944 0.045350177428638 0.041327839506287 0.036284795061999 0.030903396973519 0.025709206351043 0.020925760165653
0.0049456639633836 0.024615762176665 0.035828863519544 0.040734804323919 0.041327839506287 0.039278525819205 0.035837555587068 0.031691508287543 0.02739475271408 0.023231175852428
0.0020397035155469 0.018154892621959 0.028493932911472 0.034215036459423 0.036284795061999 0.035837555587068 0.033870719549189 0.030994283918621 0.027731553087125 0.024380118296922
0.00047686437262754 0.012956937586468 0.021969743846199 0.027890064883877 0.030903396973519 0.031691508287543 0.030994283918621 0.029314313834618 0.027105684648434 0.024648145872654
0.00059533158364338 0.0088034463146178 0.016409718443459 0.022159775618294 0.025709206351043 0.02739475271408 0.027731553087125 0.027105684648434 0.025887122044126 0.024317534574651
0.0012260323625189 0.0055411491246177 0.011772153549 0.01713420933083 0.020925760165653 0.023231175852428 0.024380118296922 0.024648145872654 0.024317534574651 0.023581602421907
