3.1415926535898 3.0784855834751 0.020248770456062 -3.0986800562965 0.055972298234394 -3.0742191361592 0.06624146030886 -3.0907525972546 0.030081967516796 -3.1362703946478
-3.0784855834751 3.1415926535898 0.069847749098976 -3.014339146551 0.17662470931114 -2.893108756878 0.29705671631172 -2.8371773509657 0.28176146855101 -2.9514495782068
-0.020248770456062 -0.069847749098976 3.1415926535898 0.012781600644087 3.1372740420939 -0.025509286456215 3.0830911146331 -0.10379975342069 2.9786710738019 -0.24030413127558
3.0986800562965 3.014339146551 -0.012781600644087 3.1415926535898 -0.008145392555318 3.1264866638795 -0.027382159545261 3.1022944527347 -0.049642142875956 3.084015636938
-0.055972298234394 -0.17662470931114 -3.1372740420939 0.008145392555318 3.1415926535898 -0.0076018780609744 3.1257117704786 -0.020936326155409 3.1193666439583 -0.020429492464944
3.0742191361592 2.893108756878 0.025509286456215 -3.1264866638795 0.0076018780609744 3.1415926535898 -0.0056438066916505 3.1336682186038 -0.0067417619694915 3.1378485289103
-0.06624146030886 -0.29705671631172 -3.0830911146331 0.027382159545261 -3.1257117704786 0.0056438066916505 3.1415926535898 -0.0024527071457436 3.1396574113382 -0.00054833001277441
3.0907525972546 2.8371773509657 0.10379975342069 -3.1022944527347 0.020936326155409 -3.1336682186038 0.0024527071457436 3.1415926535898 2.1912374496507e-05 -3.1413413576852
-0.030081967516796 -0.28176146855101 -2.9786710738019 0.049642142875956 -3.1193666439583 0.0067417619694915 -3.1396574113382 -2.1912374496507e-05 3.1415926535898 -0.00028042283623045
3.1362703946478 2.9514495782068 0.24030413127558 -3.084015636938 0.020429492464944 -3.1378485289103 0.00054833001277441 3.1413413576852 0.00028042283623045 3.1415926535898
