0.00044856399225472 0.00033685472792376 0.00027303785174126 0.00022713300411603 0.00019911520933564 0.00017839360753406 0.00016480531191981 0.00015531041330836 0.00014806074117586 0.00014248544885141
0.00033685472792376 0.00026781824123023 0.0002111414982328 0.00017091069076389 0.00015027419222667 0.00013600402698981 0.00012647608011022 0.00011997544480044 0.00011502227181538 0.00011120505457777
0.00027303785174126 0.0002111414982328 0.00016846466757751 0.00014138671058981 0.00012346957911957 0.00011292174226927 0.00010527083824642 9.9994277090187e-05 9.5619882487772e-05 9.2032526871433e-05
0.00022713300411603 0.00017091069076389 0.00014138671058981 0.000114656004542 0.00010183769857194 9.4157141828797e-05 8.8159328886462e-05 8.3693930201914e-05 8.0090397621552e-05 7.7167558528739e-05
0.00019911520933564 0.00015027419222667 0.00012346957911957 0.00010183769857194 9.0434753067447e-05 8.3599300761047e-05 7.8109547886617e-05 7.4259068847139e-05 7.121622380391e-05 6.8835010256094e-05
0.00017839360753406 0.00013600402698981 0.00011292174226927 9.4157141828797e-05 8.3599300761047e-05 7.6962357138172e-05 7.1813728066637e-05 6.8227733332715e-05 6.5393134923032e-05 6.3207120597869e-05
0.00016480531191981 0.00012647608011022 0.00010527083824642 8.8159328886462e-05 7.8109547886617e-05 7.1813728066637e-05 6.7191143428995e-05 6.4078451764555e-05 6.1646711229819e-05 5.9791404179011e-05
0.00015531041330836 0.00011997544480044 9.9994277090187e-05 8.3693930201914e-05 7.4259068847139e-05 6.8227733332715e-05 6.4078451764555e-05 6.1260546039316e-05 5.912073280948e-05 5.7495741711579e-05
0.00014806074117586 0.00011502227181538 9.5619882487772e-05 8.0090397621552e-05 7.121622380391e-05 6.5393134923032e-05 6.1646711229819e-05 5.912073280948e-05 5.7228521388509e-05 5.579319415526e-05
0.00014248544885141 0.00011120505457777 9.2032526871433e-05 7.7167558528739e-05 6.8835010256094e-05 6.3207120597869e-05 5.9791404179011e-05 5.7495741711579e-05 5.579319415526e-05 5.449693784472e-05
