2.4953268779903e-05 0.00012060502593243 0.00014745403471466 0.00013349720703274 0.00012448809478941 0.00010155967116173 8.9794033888886e-05 8.0682267165909e-05 7.6169107441308e-05 6.6960783136271e-05
0.00012060502593243 0.00053474220152371 0.00067622424570993 0.00078025395906696 0.00052512726164456 0.00049164598321014 0.00045791199779621 0.00040177911951419 0.00037124836805028 0.00033747073244727
0.00014745403471466 0.00067622424570993 0.00088933663615333 0.00075462709186205 0.00066390420335557 0.00053629511902006 0.00048274623675143 0.00044690516375692 0.00041514374673445 0.00037341742110974
0.00013349720703274 0.00078025395906696 0.00075462709186205 0.00081450606232699 0.00074649609442555 0.00065018997693715 0.00053211960719279 0.00047454045075896 0.00047595164144815 0.0004341844922218
0.00012448809478941 0.00052512726164456 0.00066390420335557 0.00074649609442555 0.00062273012348272 0.00049418442731693 0.00048129602252679 0.00043621376926072 0.00044946482171696 0.00041061659068166
0.00010155967116173 0.00049164598321014 0.00053629511902006 0.00065018997693715 0.00049418442731693 0.00034601531226095 0.000362379463975 0.00034049185439804 0.0003454837649039 0.00031627982954875
8.9794033888886e-05 0.00045791199779621 0.00048274623675143 0.00053211960719279 0.00048129602252679 0.000362379463975 0.00034807064435173 0.00034116488942471 0.00033830133640368 0.00031843662661829
8.0682267165909e-05 0.00040177911951419 0.00044690516375692 0.00047454045075896 0.00043621376926072 0.00034049185439804 0.00034116488942471 0.00032581148813807 0.00032044121111766 0.00030414946653331
7.6169107441308e-05 0.00037124836805028 0.00041514374673445 0.00047595164144815 0.00044946482171696 0.0003454837649039 0.00033830133640368 0.00032044121111766 0.00031268442803533 0.00029526283421397
6.6960783136271e-05 0.00033747073244727 0.00037341742110974 0.0004341844922218 0.00041061659068166 0.00031627982954875 0.00031843662661829 0.00030414946653331 0.00029526283421397 0.00027527098906426
