0.059160531661836 0.031790497035512 0.02701705235958 0.024036115532802 0.02165022163571 0.01958835565638 0.017764798447984 0.016143156022652 0.014701461558427 0.013425146932055
0.031790497035512 0.017698489346854 0.015424090684111 0.014016747325237 0.012865197449437 0.011840277444251 0.010908480756007 0.010059740963475 0.0092892251131043 0.0085944402116005
0.02701705235958 0.015424090684111 0.013721111821126 0.01270532441602 0.011867819451372 0.011104895238735 0.010393710774261 0.0097306540802971 0.0091156282487285 0.0085500772835014
0.024036115532802 0.014016747325237 0.01270532441602 0.011977560312002 0.011382287305341 0.010828193029568 0.010297015861856 0.0097880008635134 0.0093033913009005 0.0088469615466787
0.02165022163571 0.012865197449437 0.011867819451372 0.011382287305341 0.010999784018604 0.010635821576565 0.010273455854676 0.0099125352313343 0.0095560140472438 0.0092088176427024
0.01958835565638 0.011840277444251 0.011104895238735 0.010828193029568 0.010635821576565 0.010447194759151 0.010244715044281 0.010027311794664 0.0097974636400936 0.0095603249765345
0.017764798447984 0.010908480756007 0.010393710774261 0.010297015861856 0.010273455854676 0.010244715044281 0.010191450422318 0.010110731729899 0.010003762305788 0.0098752371005897
0.016143156022652 0.010059740963475 0.0097306540802971 0.0097880008635134 0.0099125352313343 0.010027311794664 0.010110731729899 0.010157524219693 0.010167133163109 0.010143322127791
0.014701461558427 0.0092892251131043 0.0091156282487285 0.0093033913009005 0.0095560140472438 0.0097974636400936 0.010003762305788 0.010167133163109 0.010285041805819 0.010360015159144
0.013425146932055 0.0085944402116005 0.0085500772835014 0.0088469615466787 0.0092088176427024 0.0095603249765345 0.0098752371005897 0.010143322127791 0.010360015159144 0.010526461160395
