0.163613598353 0.046923663565868 0.027341201132086 0.017377543803364 0.011264125728176 0.0071750633558845 0.0043796583398819 0.0024579935316538 0.0011094712099655 0.00018880727999513
0.046923663565868 0.055095240590577 0.039218350470689 0.028917225747281 0.021737928281416 0.016255960831606 0.01207514142048 0.0088493640283645 0.0063746791598961 0.0044881920987927
0.027341201132086 0.039218350470689 0.038059444005955 0.032520969103008 0.026891734332445 0.021737103596998 0.017316551282252 0.013623577369959 0.01058478420392 0.0081196074323225
0.017377543803364 0.028917225747281 0.032520969103008 0.031357898174484 0.02803702077532 0.024050201707054 0.020120592441148 0.016552222423001 0.013441571239406 0.010801528831034
0.011264125728176 0.021737928281416 0.026891734332445 0.02803702077532 0.026725462852866 0.024174481750653 0.021179727269832 0.018188893854938 0.015410352282821 0.012935416606048
0.0071750633558845 0.016255960831606 0.021737103596998 0.024050201707054 0.024174481750653 0.022908462323182 0.02092601007041 0.018688639663042 0.016448909594654 0.014343746678596
0.0043796583398819 0.01207514142048 0.017316551282252 0.020120592441148 0.021179727269832 0.02092601007041 0.019858777048979 0.018382168869871 0.01674476818867 0.015099223024519
0.0024579935316538 0.0088493640283645 0.013623577369959 0.016552222423001 0.018188893854938 0.018688639663042 0.018382168869871 0.017591923097789 0.016536229299997 0.015363396785515
0.0011094712099655 0.0063746791598961 0.01058478420392 0.013441571239406 0.015410352282821 0.016448909594654 0.01674476818867 0.016536229299997 0.016000968066677 0.015271559801828
0.00018880727999513 0.0044881920987927 0.0081196074323225 0.010801528831034 0.012935416606048 0.014343746678596 0.015099223024519 0.015363396785515 0.015271559801828 0.014935403403666
