-0.0043863124236715 -6.8965993990751e-05 -0.00014143001973391 7.1322287337213e-05 1.0955722323981e-05 6.0021931750048e-06 5.4999421756676e-06 -2.6296648498137e-05 6.2166093960343e-05 -8.0925019877627e-05
-6.8965993990751e-05 -0.0072077222576456 0.0010169650195177 -0.00045970689245764 0.0003162107927775 -0.00021930236798187 0.00014827138805439 -0.00011859238526344 9.7331106432755e-05 -8.1114269983345e-05
-0.00014143001973391 0.0010169650195177 -0.0068483788185728 0.0020582145499297 -0.0012165460993223 0.00081344284447797 -0.00055257462403105 0.00039891355503674 -0.00029198844354102 0.00024226555657175
7.1322287337213e-05 -0.00045970689245764 0.0020582145499297 -0.0048785420222543 0.0022127009097695 -0.001481478316578 0.0011030918019247 -0.00084888661670611 0.00070429787823228 -0.00059929820808652
1.0955722323981e-05 0.0003162107927775 -0.0012165460993223 0.0022127009097695 -0.0033701470469299 0.002204207704542 -0.0017123371711315 0.0013914539912176 -0.0011573707343005 0.00099802642658351
6.0021931750048e-06 -0.00021930236798187 0.00081344284447797 -0.001481478316578 0.002204207704542 -0.0024959223902518 0.0020658853960857 -0.0017485909510782 0.0014918110319365 -0.0013007280971321
5.4999421756676e-06 0.00014827138805439 -0.00055257462403105 0.0011030918019247 -0.0017123371711315 0.0020658853960857 -0.0020877360565003 0.0018674834294759 -0.0016496305514805 0.0014720164386459
-2.6296648498137e-05 -0.00011859238526344 0.00039891355503674 -0.00084888661670611 0.0013914539912176 -0.0017485909510782 0.0018674834294759 -0.001811919143557 0.0016638826726593 -0.0015232095958958
6.2166093960343e-05 9.7331106432755e-05 -0.00029198844354102 0.00070429787823228 -0.0011573707343005 0.0014918110319365 -0.0016496305514805 0.0016638826726593 -0.0015954165739148 0.0014995988789126
-8.0925019877627e-05 -8.1114269983345e-05 0.00024226555657175 -0.00059929820808652 0.00099802642658351 -0.0013007280971321 0.0014720164386459 -0.0015232095958958 0.0014995988789126 -0.0014451479522578
