0.1013204552338 8.406679000991e-07 1.2313825636952e-06 1.4548039783781e-06 1.5764317079811e-06 1.8285866589472e-06 2.0150244497383e-06 2.245926333998e-06 2.2804205384725e-06 2.3723613309739e-06 2.4273617139831e-06 2.4381454127417e-06 2.5323212753791e-06 2.6636231254941e-06 2.8952288838235e-06 3.3105140466454e-06 0.00073713559611966 3.2052074063232e-06 3.0084556806838e-06 2.9223489355025e-06
8.406679000991e-07 0.010172328183351 0.0037728806874556 0.0024902491920516 0.0017995088739272 0.0013662199455204 0.0011946813714425 0.0010097458240521 0.00085756653728287 0.00071854468135253 0.00063214551111195 0.00056421007967797 0.00051167124677163 0.00046593981558394 0.00042509431616201 0.0003927257936104 7.2449229845553e-05 0.00034619513796868 0.00032960735901005 0.00031457500710676
1.2313825636952e-06 0.0037728806874556 0.011365182938171 0.0043838993895334 0.003186253999963 0.0025079554822126 0.0020560305490217 0.0017416305309637 0.0015099070144391 0.0013159172169746 0.0011592256416776 0.0010259370652992 0.00090410938808759 0.0008093640543861 0.00072764745888213 0.00066672311896523 4.3608989379222e-05 0.00057191026357977 0.00053259230936714 0.00050548951551554
1.4548039783781e-06 0.0024902491920516 0.0043838993895334 0.0092784647741388 0.0048606620804477 0.0036567082765518 0.0029107388736333 0.0023735271781849 0.0020292200346292 0.0017587909582671 0.0015588654483309 0.0013823739352731 0.0012321198044175 0.0010958998954319 0.00098649873867203 0.00089081311715205 0.00084021281485378 0.00075210352813701 0.00070320697059732 0.00065380092940515
1.5764317079811e-06 0.0017995088739272 0.003186253999963 0.0048606620804477 0.0073173814679278 0.0050781566006557 0.0040234763781002 0.003340638564616 0.0028192323151687 0.0024394933219467 0.002150445353783 0.001907919857163 0.0016994619984901 0.0015236187745149 0.0013714767062366 0.00124884204798 0.0010164673068701 0.0010534570876233 0.00097243327246137 0.00090820942540504
1.8285866589472e-06 0.0013662199455204 0.0025079554822126 0.0036567082765518 0.0050781566006557 0.0059267623027728 0.0048459113234827 0.0040816545501398 0.0034979018739863 0.0030321125706258 0.0026659345307111 0.0023587371176405 0.0021004590224247 0.0018781415425718 0.0016933520888127 0.0015360642832718 0.0012540418754385 0.0012892031980827 0.0011920327991799 0.0011049690733737
2.0150244497383e-06 0.0011946813714425 0.0020560305490217 0.0029107388736333 0.0040234763781002 0.0048459113234827 0.005037580648449 0.0044616808111169 0.0039287911097158 0.0034721349037996 0.0030954684571163 0.0027746006051662 0.0025003582004687 0.0022628124582131 0.002059979840183 0.0018887407600454 0.0015873242975732 0.0016148961839464 0.0015040800589038 0.0014083269382319
2.245926333998e-06 0.0010097458240521 0.0017416305309637 0.0023735271781849 0.003340638564616 0.0040816545501398 0.0044616808111169 0.0044263907507124 0.0040791760205284 0.0037151179061217 0.0033823818558863 0.0030835024634768 0.0028175417948026 0.0025805222077672 0.0023743893435817 0.0021961986878505 0.0019278635645377 0.0019052195667836 0.0017855107017495 0.0016793730671086
2.2804205384725e-06 0.00085756653728287 0.0015099070144391 0.0020292200346292 0.0028192323151687 0.0034979018739863 0.0039287911097158 0.0040791760205284 0.0039713302846518 0.003736456196382 0.0034820103051504 0.0032325450651127 0.0029984746231313 0.0027814512937541 0.0025870115660493 0.0024148228263681 0.0021643257956372 0.0021253943837465 0.0020031898993869 0.0018935451737916
2.3723613309739e-06 0.00071854468135253 0.0013159172169746 0.0017587909582671 0.0024394933219467 0.0030321125706258 0.0034721349037996 0.0037151179061217 0.003736456196382 0.0036366683105398 0.0034671518660922 0.0032759555822527 0.0030823942405165 0.0028936907517039 0.0027185668001324 0.0025591832476679 0.0023083738597057 0.0022830050202674 0.0021634880920049 0.002054682373036
2.4273617139831e-06 0.00063214551111195 0.0011592256416776 0.0015588654483309 0.002150445353783 0.0026659345307111 0.0030954684571163 0.0033823818558863 0.0034820103051504 0.0034671518660922 0.0033767855730373 0.0032434324825426 0.0030928041224181 0.002936485558962 0.0027853337841661 0.002643516990725 0.0024208826948232 0.0023892409796136 0.002276092413264 0.0021716586504417
2.4381454127417e-06 0.00056421007967797 0.0010259370652992 0.0013823739352731 0.001907919857163 0.0023587371176405 0.0027746006051662 0.0030835024634768 0.0032325450651127 0.0032759555822527 0.0032434324825426 0.0031621965622572 0.0030527948083834 0.0029291951265011 0.002803610993553 0.0026815390878949 0.0024767812107013 0.0024541214534254 0.0023498779359775 0.0022522140334506
2.5323212753791e-06 0.00051167124677163 0.00090410938808759 0.0012321198044175 0.0016994619984901 0.0021004590224247 0.0025003582004687 0.0028175417948026 0.0029984746231313 0.0030823942405165 0.0030928041224181 0.0030527948083834 0.0029802598198489 0.0028875475080329 0.0027871691101805 0.0026854169522732 0.0025066525207757 0.0024873855203365 0.0023936042726332 0.0023043226245795
2.6636231254941e-06 0.00046593981558394 0.0008093640543861 0.0010958998954319 0.0015236187745149 0.0018781415425718 0.0022628124582131 0.0025805222077672 0.0027814512937541 0.0028936907517039 0.002936485558962 0.0029291951265011 0.0028875475080329 0.0028227933845739 0.002746207691468 0.0026643500258292 0.0025072486930421 0.0024963886530003 0.0024138003720206 0.0023338072151263
2.8952288838235e-06 0.00042509431616201 0.00072764745888213 0.00098649873867203 0.0013714767062366 0.0016933520888127 0.002059979840183 0.0023743893435817 0.0025870115660493 0.0027185668001324 0.0027853337841661 0.002803610993553 0.0027871691101805 0.002746207691468 0.0026909421975508 0.0026275060725998 0.0024935083533499 0.0024885935882996 0.0024172724095565 0.0023467942071435
3.3105140466454e-06 0.0003927257936104 0.00066672311896523 0.00089081311715205 0.00124884204798 0.0015360642832718 0.0018887407600454 0.0021961986878505 0.0024148228263681 0.0025591832476679 0.002643516990725 0.0026815390878949 0.0026854169522732 0.0026643500258292 0.0026275060725998 0.0025806144096624 0.0024664364109467 0.002468795358148 0.0024083213906865 0.0023472445657364
0.00073713559611966 7.2449229845553e-05 4.3608989379222e-05 0.00084021281485378 0.0010164673068701 0.0012540418754385 0.0015873242975732 0.0019278635645377 0.0021643257956372 0.0023083738597057 0.0024208826948232 0.0024767812107013 0.0025066525207757 0.0025072486930421 0.0024935083533499 0.0024664364109467 0.00779807869776 0.0023904994725747 0.0023455881531712 0.0022978115174008
3.2052074063232e-06 0.00034619513796868 0.00057191026357977 0.00075210352813701 0.0010534570876233 0.0012892031980827 0.0016148961839464 0.0019052195667836 0.0021253943837465 0.0022830050202674 0.0023892409796136 0.0024541214534254 0.0024873855203365 0.0024963886530003 0.0024885935882996 0.002468795358148 0.0023904994725747 0.0024038645691253 0.0023631039377793 0.0023195104583147
3.0084556806838e-06 0.00032960735901005 0.00053259230936714 0.00070320697059732 0.00097243327246137 0.0011920327991799 0.0015040800589038 0.0017855107017495 0.0020031898993869 0.0021634880920049 0.002276092413264 0.0023498779359775 0.0023936042726332 0.0024138003720206 0.0024172724095565 0.0024083213906865 0.0023455881531712 0.0023631039377793 0.0023310297751413 0.0022952862728301
2.9223489355025e-06 0.00031457500710676 0.00050548951551554 0.00065380092940515 0.00090820942540504 0.0011049690733737 0.0014083269382319 0.0016793730671086 0.0018935451737916 0.002054682373036 0.0021716586504417 0.0022522140334506 0.0023043226245795 0.0023338072151263 0.0023467942071435 0.0023472445657364 0.0022978115174008 0.0023195104583147 0.0022952862728301 0.0022668216947888
