3.1415926535898 2.8155148059424 -0.20777873888387 2.1593182254414 -0.79246829533149 -0.47697407829843 2.2375943406439 -1.4067794221255 2.3080156938415 -0.17616801801978
-2.8155148059424 3.1415926535898 0.72403496679489 -1.4960143829164 0.32609132150075 -1.1997580202585 0.60094066737195 -2.4594152260239 1.5872372034897 0.59955111391905
0.20777873888387 -0.72403496679489 3.1415926535898 -0.21382128614536 2.7955659674486 -1.3376661645251 1.9319514662558 -1.4189194685453 1.8746544280906 -1.2020147637468
-2.1593182254414 1.4960143829164 0.21382128614536 3.1415926535898 -0.14803854257064 -3.1091438196006 -0.24101370849142 3.0463095014138 -0.038207645273427 3.1046703432747
0.79246829533149 -0.32609132150075 -2.7955659674486 0.14803854257064 3.1415926535898 -0.0071032319735465 -3.072815314173 0.15830048428409 -2.95704637306 0.13267740973381
0.47697407829843 1.1997580202585 1.3376661645251 3.1091438196006 0.0071032319735465 3.1415926535898 -0.015845570708185 3.1117227838547 -0.043854551390094 3.0586939997859
-2.2375943406439 -0.60094066737195 -1.9319514662558 0.24101370849142 3.072815314173 0.015845570708185 3.1415926535898 -0.0072870930246244 3.123072980666 -0.045610176730688
1.4067794221255 2.4594152260239 1.4189194685453 -3.0463095014138 -0.15830048428409 -3.1117227838547 0.0072870930246244 3.1415926535898 -0.0072635407717016 3.1097994554211
-2.3080156938415 -1.5872372034897 -1.8746544280906 0.038207645273427 2.95704637306 0.043854551390094 -3.123072980666 0.0072635407717016 3.1415926535898 -0.017278523099595
0.17616801801978 -0.59955111391905 1.2020147637468 -3.1046703432747 -0.13267740973381 -3.0586939997859 0.045610176730688 -3.1097994554211 0.017278523099595 3.1415926535898
