3.1415926535898 0.098702885676833 -3.0018924132928 0.10196348819684 -3.0908080505188 0.013027415135675 3.136628749184 -0.039630645060997 3.0727717848233 -0.095581399320399
-0.098702885676833 3.1415926535898 -0.027439536022772 3.1273187531644 -0.049233743097879 3.0687321576383 -0.083780030884375 3.0431931030509 -0.11103833409359 3.0232819173764
3.0018924132928 0.027439536022772 3.1415926535898 0.017657974380411 -3.1370353048012 -0.0040461055646666 3.1375297231776 -0.006682922350779 3.1340272529945 -0.0046750840104857
-0.10196348819684 -3.1273187531644 -0.017657974380411 3.1415926535898 -0.0095448337225166 3.1224249996702 -0.017947503607694 3.1216756854454 -0.020755989226977 3.1230681044162
3.0908080505188 0.049233743097879 3.1370353048012 0.0095448337225166 3.1415926535898 -0.0095193879967558 3.1319394278702 -0.013101641724447 3.1262661500963 -0.014409684436002
-0.013027415135675 -3.0687321576383 0.0040461055646666 -3.1224249996702 0.0095193879967558 3.1415926535898 -0.0014967072645623 3.1347214455474 -0.011187006508464 3.129096627763
-3.136628749184 0.083780030884375 -3.1375297231776 0.017947503607694 -3.1319394278702 0.0014967072645623 3.1415926535898 -0.0058871352912793 3.1305921177256 -0.013284155609106
0.039630645060997 -3.0431931030509 0.006682922350779 -3.1216756854454 0.013101641724447 -3.1347214455474 0.0058871352912793 3.1415926535898 -0.0053448022140967 3.1336395950492
-3.0727717848233 0.11103833409359 -3.1340272529945 0.020755989226977 -3.1262661500963 0.011187006508464 -3.1305921177256 0.0053448022140967 3.1415926535898 -0.0026881758853272
0.095581399320399 -3.0232819173764 0.0046750840104857 -3.1230681044162 0.014409684436002 -3.129096627763 0.013284155609106 -3.1336395950492 0.0026881758853272 3.1415926535898
