0.00038688806370328 0.00032244178883841 0.00027417580981574 0.00022687974751695 0.00020326901101203 0.00018839367598951 0.00017823777627825 0.0001697170008188 0.00016293957592238 0.0001574140238985
0.00032244178883841 0.00026129949921609 0.00022263907069344 0.00018594439837717 0.00016587355256419 0.00015282709822979 0.00014412881161594 0.00013733717111259 0.00013208638415716 0.00012751242148882
0.00027417580981574 0.00022263907069344 0.00018151786290474 0.00015203392609798 0.00013826681152573 0.00012866964457962 0.00012159588797745 0.00011648493557495 0.00011253053156849 0.0001092418333224
0.00022687974751695 0.00018594439837717 0.00015203392609798 0.00012840821077822 0.00011778355183652 0.00010940609831521 0.0001037735897208 9.9543049327538e-05 9.6340624701749e-05 9.3797220016928e-05
0.00020326901101203 0.00016587355256419 0.00013826681152573 0.00011778355183652 0.00010643678408078 9.8996023015252e-05 9.4141639951987e-05 9.0520547208215e-05 8.7789161466173e-05 8.5563830395129e-05
0.00018839367598951 0.00015282709822979 0.00012866964457962 0.00010940609831521 9.8996023015252e-05 9.3117260318732e-05 8.9106961497024e-05 8.5970569803e-05 8.3606046143971e-05 8.1687197109949e-05
0.00017823777627825 0.00014412881161594 0.00012159588797745 0.0001037735897208 9.4141639951987e-05 8.9106961497024e-05 8.5466943086331e-05 8.2585810802051e-05 8.0401470329355e-05 7.8654412670653e-05
0.0001697170008188 0.00013733717111259 0.00011648493557495 9.9543049327538e-05 9.0520547208215e-05 8.5970569803e-05 8.2585810802051e-05 7.9889025743999e-05 7.786882626406e-05 7.6298213654796e-05
0.00016293957592238 0.00013208638415716 0.00011253053156849 9.6340624701749e-05 8.7789161466173e-05 8.3606046143971e-05 8.0401470329355e-05 7.786882626406e-05 7.5988214393992e-05 7.4567289932754e-05
0.0001574140238985 0.00012751242148882 0.0001092418333224 9.3797220016928e-05 8.5563830395129e-05 8.1687197109949e-05 7.8654412670653e-05 7.6298213654796e-05 7.4567289932754e-05 7.3288026366728e-05
