0.0018904164575903 0.001355519080449 0.001219651035354 0.0010974083886373 0.00094194943481813 0.00081534821973154 0.00072676302454085 0.00067781520703801 0.00064515805693379 0.00061613623557212
0.001355519080449 0.00077440024142719 0.00076100109214429 0.00067791468292278 0.00056335248774922 0.00050520214968692 0.00046791002958462 0.00045063580693663 0.00043555690716404 0.00042609394123396
0.001219651035354 0.00076100109214429 0.00071783832195134 0.00070562955731045 0.00055411350598274 0.00048791696880459 0.00045194889364467 0.00043108895895827 0.00041610294671402 0.00040412242348033
0.0010974083886373 0.00067791468292278 0.00070562955731045 0.00063509931712383 0.00049054449949532 0.00042195271742697 0.00038676228886971 0.00036916047947675 0.00035629952000408 0.00034533964344295
0.00094194943481813 0.00056335248774922 0.00055411350598274 0.00049054449949532 0.00037202967629268 0.00031597314188145 0.00029146290578203 0.00028074655920919 0.00027297421952867 0.00026599639815613
0.00081534821973154 0.00050520214968692 0.00048791696880459 0.00042195271742697 0.00031597314188145 0.00026590517169012 0.00024444243648882 0.00023788079403663 0.00023449805072359 0.00023058136292459
0.00072676302454085 0.00046791002958462 0.00045194889364467 0.00038676228886971 0.00029146290578203 0.00024444243648882 0.00021945177466823 0.00021010452453864 0.0002072210014909 0.00020422238351106
0.00067781520703801 0.00045063580693663 0.00043108895895827 0.00036916047947675 0.00028074655920919 0.00023788079403663 0.00021010452453864 0.00019952213751261 0.00019766819392481 0.00019657556140375
0.00064515805693379 0.00043555690716404 0.00041610294671402 0.00035629952000408 0.00027297421952867 0.00023449805072359 0.0002072210014909 0.00019766819392481 0.00019770323088613 0.00019869530493046
0.00061613623557212 0.00042609394123396 0.00040412242348033 0.00034533964344295 0.00026599639815613 0.00023058136292459 0.00020422238351106 0.00019657556140375 0.00019869530493046 0.00020167576924223
