3.1415926535898 3.0880771384358 0.015635756025935 -3.1129182678543 0.03193340597054 -3.1071533256209 0.037743089306189 -3.0981339012764 0.046025563848985 -3.0904091241392
-3.0880771384358 3.1415926535898 0.017455640581803 -3.1242381426825 0.014462084226553 -3.1227343822687 0.049128190548839 -2.9166469649506 2.4516076794457 -0.3247071889257
-0.015635756025935 -0.017455640581803 3.1415926535898 -0.0007000205796354 3.1404216465512 -0.00041696213623755 -3.1409350793964 0.0047073448776193 3.141586141905 -0.0021961438407876
3.1129182678543 3.1242381426825 0.0007000205796354 3.1415926535898 0.00037077515752641 -3.1406490391158 0.00034135424044809 -3.140972095888 -0.0079472912098659 3.125563230082
-0.03193340597054 -0.014462084226553 -3.1404216465512 -0.00037077515752641 3.1415926535898 0.00026135863088609 3.1406844700498 -0.0016313907872018 3.1320431705796 -0.016840792138726
3.1071533256209 3.1227343822687 0.00041696213623755 3.1406490391158 -0.00026135863088609 3.1415926535898 -0.0012706966535123 3.1391887277459 -0.0090671022962705 3.1265514760072
-0.037743089306189 -0.049128190548839 3.1409350793964 -0.00034135424044809 -3.1406844700498 0.0012706966535123 3.1415926535898 -0.0014344126475027 3.1346635767251 -0.011804146576829
3.0981339012764 2.9166469649506 -0.0047073448776193 3.140972095888 0.0016313907872018 -3.1391887277459 0.0014344126475027 3.1415926535898 -0.0042202559720375 3.1336089085149
-0.046025563848985 -2.4516076794457 -3.141586141905 0.0079472912098659 -3.1320431705796 0.0090671022962705 -3.1346635767251 0.0042202559720375 3.1415926535898 -0.0038464836332915
3.0904091241392 0.3247071889257 0.0021961438407876 -3.125563230082 0.016840792138726 -3.1265514760072 0.011804146576829 -3.1336089085149 0.0038464836332915 3.1415926535898
