3.1415926535898 3.1362895414947 -0.031005602504623 -3.0626554568405 0.048457197698174 -3.0896771841176 0.047357828394716 -3.0962005186231 0.045073403707624 -3.0970718509507
-3.1362895414947 3.1415926535898 0.031327947375684 -3.0635838483135 0.028387507447452 3.0864889429918 -0.075902436080762 3.0978862546751 -0.044873756743169 3.0952293675419
0.031005602504623 -0.031327947375684 3.1415926535898 0.054431217771565 -3.1166814862202 0.032409638538228 -3.0744652480866 0.085937135226188 -3.0376072019078 0.11785083394656
3.0626554568405 3.0635838483135 -0.054431217771565 3.1415926535898 0.016573670172899 -3.1240329959281 0.010599627684818 -3.1346466275718 0.0047167937796364 -3.1408745911979
-0.048457197698174 -0.028387507447452 3.1166814862202 -0.016573670172899 3.1415926535898 -0.0012379317526411 3.1364764128597 -0.0056799715378275 3.1388220608839 -0.00080081734653118
3.0896771841176 -3.0864889429918 -0.032409638538228 3.1240329959281 0.0012379317526411 3.1415926535898 -0.0036578653251034 3.1389838682904 -0.00043835997940819 3.1412025864728
-0.047357828394716 0.075902436080762 3.0744652480866 -0.010599627684818 -3.1364764128597 0.0036578653251034 3.1415926535898 0.0016319847891463 -3.138164052841 0.0030815773361259
3.0962005186231 -3.0978862546751 -0.085937135226188 3.1346466275718 0.0056799715378275 -3.1389838682904 -0.0016319847891463 3.1415926535898 0.00099493419888417 -3.1415385591679
-0.045073403707624 0.044873756743169 3.0376072019078 -0.0047167937796364 -3.1388220608839 0.00043835997940819 3.138164052841 -0.00099493419888417 3.1415926535898 -0.00074921368214202
3.0970718509507 -3.0952293675419 -0.11785083394656 3.1408745911979 0.00080081734653118 -3.1412025864728 -0.0030815773361259 3.1415385591679 0.00074921368214202 3.1415926535898
