0.12770294421869 0.036053234920373 0.022264720205549 0.013430015657633 0.009497634929548 0.0073076466923014 0.0062698010803228 0.0055821718683777 0.0051026130567846 0.0047080279108337
0.036053234920373 0.04758973412712 0.026356356311448 0.017680894038147 0.012415122744793 0.0094094618146426 0.0075312878086092 0.0061627230220648 0.0050467283320627 0.0041289866091332
0.022264720205549 0.026356356311448 0.027786668435008 0.020904983944847 0.01621989134953 0.012687054731661 0.010263374893972 0.008435660083501 0.0069807816410456 0.00579134586005
0.013430015657633 0.017680894038147 0.020904983944847 0.019514911794812 0.017207634283062 0.01477149160927 0.012675289206933 0.010836088945364 0.0092379850421379 0.0078558707798105
0.009497634929548 0.012415122744793 0.01621989134953 0.017207634283062 0.016860613430007 0.015567585618672 0.014090657479208 0.012554663596387 0.011087468137254 0.0097401192443166
0.0073076466923014 0.0094094618146426 0.012687054731661 0.01477149160927 0.015567585618672 0.015311480133577 0.014571486487123 0.013536223556158 0.012393382032738 0.011248584788871
0.0062698010803228 0.0075312878086092 0.010263374893972 0.012675289206933 0.014090657479208 0.014571486487123 0.014471012071103 0.013935219470063 0.013159161896114 0.012274420445861
0.0055821718683777 0.0061627230220648 0.008435660083501 0.010836088945364 0.012554663596387 0.013536223556158 0.013935219470063 0.013836457100158 0.013412813157018 0.012800916232236
0.0051026130567846 0.0050467283320627 0.0069807816410456 0.0092379850421379 0.011087468137254 0.012393382032738 0.013159161896114 0.013412813157018 0.013297323895438 0.012941228415288
0.0047080279108337 0.0041289866091332 0.00579134586005 0.0078558707798105 0.0097401192443166 0.011248584788871 0.012274420445861 0.012800916232236 0.012941228415288 0.012810386964874
