0.066701558666753 0.055574834674597 0.059054691917537 0.061842491777829 0.063740025090897 0.064823128363917 0.065325551525646 0.06525948221988 0.064784889200811 0.063915647010427 0.062755516880342 0.061295476194827 0.059673279182989 0.057840046420831 0.055869270144245 0.053770916833156 0.051586385278265 0.049323533871187 0.047062414130255 0.044668314847406
0.055574834674597 0.047781147489468 0.051506543456957 0.05446876813024 0.056565512189554 0.057902241811151 0.058668076779727 0.058907279131532 0.058744308118707 0.058211107071157 0.057388317566115 0.056293896786693 0.055003184502214 0.053519814509713 0.051891664445582 0.050134069914207 0.048279641002802 0.046342885562566 0.044372444479034 0.04230648843332
0.059054691917537 0.051506543456957 0.055916199600108 0.05943086632278 0.061967780498898 0.063657025145596 0.064696634871345 0.06514860031633 0.065141191560703 0.064717397333127 0.063960339985431 0.062899401738305 0.061600301865979 0.060083580694461 0.058395296863489 0.056555015611406 0.054596562135094 0.052539369568116 0.05042555382709 0.04821619201183
0.061842491777829 0.05446876813024 0.05943086632278 0.063400427912789 0.066306816903214 0.068297734521867 0.069578099123769 0.070222704652422 0.070362973507625 0.070049903755593 0.069368685893462 0.06835654586754 0.067073934985089 0.065552221178245 0.063836840983292 0.061950498436091 0.059928079614639 0.057792669949067 0.055581866018722 0.053273328865419
0.063740025090897 0.056565512189554 0.061967780498898 0.066306816903214 0.0695208933332 0.071770371300591 0.073264186502007 0.074086671169132 0.074370878753857 0.074173745075181 0.073581552769032 0.072637196592893 0.071397403665943 0.069901087972653 0.068193219299608 0.066298842848089 0.064253511773442 0.06208308254895 0.059821337946325 0.057459410889863
0.064823128363917 0.057902241811151 0.063657025145596 0.068297734521867 0.071770371300591 0.074244569620306 0.075930575783473 0.076920141238919 0.077346356764758 0.077270711915034 0.076779549171664 0.075920144299259 0.074745711941997 0.073301028585451 0.071630329529117 0.069760435506551 0.067727153144692 0.065558491251892 0.063284607736515 0.060908494210098
0.065325551525646 0.058668076779727 0.064696634871345 0.069578099123769 0.073264186502007 0.075930575783473 0.077787027558401 0.078930512388907 0.07949321118055 0.079539772877467 0.079155953444999 0.078392013998718 0.077298518925348 0.075924081769546 0.074312251812626 0.072491072237499 0.070496327176004 0.068357618888103 0.066101870171704 0.063741952429258
0.06525948221988 0.058907279131532 0.06514860031633 0.070222704652422 0.074086671169132 0.076920141238919 0.078930512388907 0.080218729311939 0.080914884436194 0.081085926127049 0.080816310188373 0.080158530189697 0.079160278212601 0.077873223303083 0.07633990399778 0.074589212461922 0.072656616711244 0.070572861676256 0.068361732119076 0.066045009948212
0.064784889200811 0.058744308118707 0.065141191560703 0.070362973507625 0.074370878753857 0.077346356764758 0.07949321118055 0.080914884436194 0.08173874900137 0.082033040179026 0.081880519574841 0.081334995266053 0.080441709434512 0.079254143194929 0.077813783835359 0.076149987280721 0.074297694252458 0.072288401598939 0.070143011271471 0.067890815894102
0.063915647010427 0.058211107071157 0.064717397333127 0.070049903755593 0.074173745075181 0.077270711915034 0.079539772877467 0.081085926127049 0.082033040179026 0.082450932305275 0.082417709232003 0.08199035319099 0.081210707819296 0.080133523922975 0.07879899569952 0.077236672058562 0.075480727018858 0.073563140431309 0.071501957860559 0.069333207693562
0.062755516880342 0.057388317566115 0.063960339985431 0.069368685893462 0.073581552769032 0.076779549171664 0.079155953444999 0.080816310188373 0.081880519574841 0.082417709232003 0.082505914250838 0.082199496414927 0.081539174544865 0.080579988578558 0.079360770019712 0.077910991513371 0.076263928003608 0.074451659179408 0.072489635578001 0.070419550166196
0.061295476194827 0.056293896786693 0.062899401738305 0.06835654586754 0.072637196592893 0.075920144299259 0.078392013998718 0.080158530189697 0.081334995266053 0.08199035319099 0.082199496414927 0.082045606954784 0.081481169976778 0.080646686240385 0.079551011330859 0.078223396089727 0.076695995224784 0.075000835308981 0.073150756414748 0.071192580926209
0.059673279182989 0.055003184502214 0.061600301865979 0.067073934985089 0.071397403665943 0.074745711941997 0.077298518925348 0.079160278212601 0.080441709434512 0.081210707819296 0.081539174544865 0.081481169976778 0.081072389474409 0.080366601850768 0.07940046838316 0.078202366626995 0.076803285807887 0.075234858143889 0.073507649807627 0.071672391094911
0.057840046420831 0.053519814509713 0.060083580694461 0.065552221178245 0.069901087972653 0.073301028585451 0.075924081769546 0.077873223303083 0.079254143194929 0.080133523922975 0.080579988578558 0.080646686240385 0.080366601850768 0.0797939165722 0.07896176872279 0.077899044520472 0.076635138212646 0.075201146774401 0.073605389641085 0.071902027342462
0.055869270144245 0.051891664445582 0.058395296863489 0.063836840983292 0.068193219299608 0.071630329529117 0.074312251812626 0.07633990399778 0.077813783835359 0.07879899569952 0.079360770019712 0.079551011330859 0.07940046838316 0.07896176872279 0.078267124513313 0.07734379511978 0.076220051196003 0.074926279422363 0.073468740541669 0.07190424575081
0.053770916833156 0.050134069914207 0.056555015611406 0.061950498436091 0.066298842848089 0.069760435506551 0.072491072237499 0.074589212461922 0.076149987280721 0.077236672058562 0.077910991513371 0.078223396089727 0.078202366626995 0.077899044520472 0.07734379511978 0.076563050910297 0.075583427376374 0.074434609343408 0.073120848828727 0.071701067787851
0.051586385278265 0.048279641002802 0.054596562135094 0.059928079614639 0.064253511773442 0.067727153144692 0.070496327176004 0.072656616711244 0.074297694252458 0.075480727018858 0.076263928003608 0.076695995224784 0.076803285807887 0.076635138212646 0.076220051196003 0.075583427376374 0.074751864918547 0.073749812106184 0.07258378365285 0.071312933664433
0.049323533871187 0.046342885562566 0.052539369568116 0.057792669949067 0.06208308254895 0.065558491251892 0.068357618888103 0.070572861676256 0.072288401598939 0.073563140431309 0.074451659179408 0.075000835308981 0.075234858143889 0.075201146774401 0.074926279422363 0.074434609343408 0.073749812106184 0.07289925341169 0.071883696005797 0.070764742501874
0.047062414130255 0.044372444479034 0.05042555382709 0.055581866018722 0.059821337946325 0.063284607736515 0.066101870171704 0.068361732119076 0.070143011271471 0.071501957860559 0.072489635578001 0.073150756414748 0.073507649807627 0.073605389641085 0.073468740541669 0.073120848828727 0.07258378365285 0.071883696005797 0.071034369650859 0.070054319929511
0.044668314847406 0.04230648843332 0.04821619201183 0.053273328865419 0.057459410889863 0.060908494210098 0.063741952429258 0.066045009948212 0.067890815894102 0.069333207693562 0.070419550166196 0.071192580926209 0.071672391094911 0.071902027342462 0.07190424575081 0.071701067787851 0.071312933664433 0.070764742501874 0.070054319929511 0.069244216788324
