0.034580564492145 0.0086473582257631 0.0056879535264141 0.0040962176431668 0.0032408405031455 0.0026784876782611 0.0022812828780166 0.0019788422603593 0.0017419348357127 0.0015461545180105 0.001383010888569 0.0012455074784462 0.0011269958072649 0.001035330432669 0.00093174663966796 0.00085308465150807 0.000777961967126 0.00068029270881634 0.00063069017497503 0.00061166191942217
0.0086473582257631 0.01291928190437 0.0076538911685917 0.0055206917433689 0.0042390338609301 0.003400088869757 0.0028033918538467 0.0023628268293914 0.0020301767010297 0.001766862316711 0.0015553604269747 0.001382007381187 0.0012371390485084 0.0011033676557908 0.0010101673558777 0.00092243853134573 0.00085343203472335 0.00078116069819342 0.00071535230998599 0.00067356434569441
0.0056879535264141 0.0076538911685917 0.0083803221817282 0.0068136765922312 0.0056187322350468 0.0047154743571506 0.0040150979701682 0.0034653899188705 0.0030312017599104 0.0026813401553475 0.0023960554822817 0.0021604473084048 0.0019626414526113 0.0017922194066603 0.0016520435183578 0.0015295778021104 0.0014361266152459 0.0013387187402838 0.0012438167284419 0.0011773712157665
0.0040962176431668 0.0055206917433689 0.0068136765922312 0.006849368797235 0.0061729779532869 0.0054820453598244 0.0048550582483546 0.0043134847185223 0.0038560494907539 0.0034697298484703 0.0031425242252966 0.0028630250430421 0.0026218817072139 0.0024089022513026 0.0022305632062651 0.0020699552404416 0.0019418997840316 0.0018179142553385 0.0016877598901872 0.0015890890842259
0.0032408405031455 0.0042390338609301 0.0056187322350468 0.0061729779532869 0.0060938012822906 0.0057136184263166 0.0052547946030634 0.0048045459529909 0.0043936308533024 0.0040269723702226 0.0037030503844325 0.0034166971280466 0.0031625674272506 0.0029360661826909 0.0027360413562075 0.002555916320091 0.0024059296012902 0.0022640723152861 0.0021146650992283 0.0019977425014937
0.0026784876782611 0.003400088869757 0.0047154743571506 0.0054820453598244 0.0057136184263166 0.005627921595141 0.0053640295953072 0.005039105495635 0.0047072861245501 0.0043892337853212 0.0040933365984648 0.0038210797189846 0.0035717291521608 0.003344925641458 0.0031379707327178 0.0029496458031718 0.0027874936407525 0.0026358612593481 0.0024761930997042 0.0023466596764893
0.0022812828780166 0.0028033918538467 0.0040150979701682 0.0048550582483546 0.0052547946030634 0.0053640295953072 0.0052748490509525 0.0050804275827895 0.0048420691291224 0.0045895430764994 0.0043387317346506 0.0040966316475085 0.0038666748125016 0.0036510041394036 0.0034504228376666 0.0032642474298102 0.0030999960008968 0.0029455977260555 0.0027835425641529 0.0026474138277287
0.0019788422603593 0.0023628268293914 0.0034653899188705 0.0043134847185223 0.0048045459529909 0.005039105495635 0.0050804275827895 0.0050012949393732 0.0048540433724991 0.0046710198393897 0.0044719992506401 0.0042679423644588 0.0040655081640734 0.0038693861176425 0.0036821956952898 0.003505059161181 0.0033459009065316 0.0031935605474146 0.0030351197081595 0.002897124046827
0.0017419348357127 0.0020301767010297 0.0030312017599104 0.0038560494907539 0.0043936308533024 0.0047072861245501 0.0048420691291224 0.0048540433724991 0.0047867654402134 0.0046692881350724 0.004522381643625 0.0043591274090904 0.0041882600250778 0.0040165088700197 0.0038473494475015 0.0036838932432789 0.0035346452551868 0.0033882711921073 0.0032375120405702 0.0031012810050139
0.0015461545180105 0.001766862316711 0.0026813401553475 0.0034697298484703 0.0040269723702226 0.0043892337853212 0.0045895430764994 0.0046710198393897 0.0046692881350724 0.004609600662618 0.0045114586819325 0.0043885011899512 0.0042504645206062 0.0041051963186502 0.0039571785053657 0.0038105035193931 0.0036743567704892 0.0035370003389138 0.0033969751933349 0.0032655738247997
0.001383010888569 0.0015553604269747 0.0023960554822817 0.0031425242252966 0.0037030503844325 0.0040933365984648 0.0043387317346506 0.0044719992506401 0.004522381643625 0.0045114586819325 0.0044568454280782 0.0043716760809419 0.0042658295439426 0.004147487641595 0.0040221218778136 0.0038940306183381 0.0037730963856816 0.0036469495302604 0.0035195847414697 0.0033953950123182
0.0012455074784462 0.001382007381187 0.0021604473084048 0.0028630250430421 0.0034166971280466 0.0038210797189846 0.0040966316475085 0.0042679423644588 0.0043591274090904 0.0043885011899512 0.0043716760809419 0.0043208196729086 0.0042453758336642 0.0041533362126865 0.0040509252140301 0.0039422166016 0.0038376376551362 0.0037242030925843 0.0036106829338575 0.0034954626227052
0.0011269958072649 0.0012371390485084 0.0019626414526113 0.0026218817072139 0.0031625674272506 0.0035717291521608 0.0038666748125016 0.0040655081640734 0.0041882600250778 0.0042504645206062 0.0042658295439426 0.0042453758336642 0.0041978413004706 0.0041307347996927 0.0040506367084755 0.0039612892199895 0.0038734105630349 0.0037735827050235 0.0036743753718877 0.0035693142656061
0.001035330432669 0.0011033676557908 0.0017922194066603 0.0024089022513026 0.0029360661826909 0.003344925641458 0.0036510041394036 0.0038693861176425 0.0040165088700197 0.0041051963186502 0.004147487641595 0.0041533362126865 0.0041307347996927 0.0041147976700559 0.0040275010453476 0.0039568431957565 0.0038853997021038 0.0037994538508461 0.003714537774812 0.0036203433063728
0.00093174663966796 0.0010101673558777 0.0016520435183578 0.0022305632062651 0.0027360413562075 0.0031379707327178 0.0034504228376666 0.0036821956952898 0.0038473494475015 0.0039571785053657 0.0040221218778136 0.0040509252140301 0.0040506367084755 0.0040275010453476 0.003988338901987 0.0039350631902329 0.003879469764626 0.0038072378660972 0.003736234073621 0.0036531738332793
0.00085308465150807 0.00092243853134573 0.0015295778021104 0.0020699552404416 0.002555916320091 0.0029496458031718 0.0032642474298102 0.003505059161181 0.0036838932432789 0.0038105035193931 0.0038940306183381 0.0039422166016 0.0039612892199895 0.0039568431957565 0.0039350631902329 0.0038985533018137 0.0038578700974802 0.0037987657200375 0.0037410550673681 0.003669060766
0.000777961967126 0.00085343203472335 0.0014361266152459 0.0019418997840316 0.0024059296012902 0.0027874936407525 0.0030999960008968 0.0033459009065316 0.0035346452551868 0.0036743567704892 0.0037730963856816 0.0038376376551362 0.0038734105630349 0.0038853997021038 0.003879469764626 0.0038578700974802 0.0038425854802279 0.0037842014822817 0.0037390425822226 0.0036778861037864
0.00068029270881634 0.00078116069819342 0.0013387187402838 0.0018179142553385 0.0022640723152861 0.0026358612593481 0.0029455977260555 0.0031935605474146 0.0033882711921073 0.0035370003389138 0.0036469495302604 0.0037242030925843 0.0037735827050235 0.0037994538508461 0.0038072378660972 0.0037987657200375 0.0037842014822817 0.0037990658711746 0.0037145578774776 0.0036633194354755
0.00063069017497503 0.00071535230998599 0.0012438167284419 0.0016877598901872 0.0021146650992283 0.0024761930997042 0.0027835425641529 0.0030351197081595 0.0032375120405702 0.0033969751933349 0.0035195847414697 0.0036106829338575 0.0036743753718877 0.003714537774812 0.003736234073621 0.0037410550673681 0.0037390425822226 0.0037145578774776 0.0037122326065649 0.0036512996464422
0.00061166191942217 0.00067356434569441 0.0011773712157665 0.0015890890842259 0.0019977425014937 0.0023466596764893 0.0026474138277287 0.002897124046827 0.0031012810050139 0.0032655738247997 0.0033953950123182 0.0034954626227052 0.0035693142656061 0.0036203433063728 0.0036531738332793 0.003669060766 0.0036778861037864 0.0036633194354755 0.0036512996464422 0.0036201091659596
