0.00039368433952065 0.0003850831336865 0.00033558941030975 0.00030095783695617 0.00025539851253691 0.00022803921627557 0.0002169934052319 0.00020743737218684 0.0002005675109935 0.00019510326673791
0.0003850831336865 0.00034125615296721 0.00030479934678916 0.00027374555910608 0.00023284666362727 0.00021654883144521 0.00020081811488657 0.00018814078564943 0.00017949345424818 0.00017322841860772
0.00033558941030975 0.00030479934678916 0.00028462018968571 0.00025441772101778 0.00022215966401811 0.0001923723218964 0.00018417607558554 0.0001722324927859 0.00016663272901141 0.00016099082505993
0.00030095783695617 0.00027374555910608 0.00025441772101778 0.00023811305834968 0.00019930484934059 0.00018037687348094 0.00017078192568379 0.00016109099446913 0.00015410849411676 0.00014901386954521
0.00025539851253691 0.00023284666362727 0.00022215966401811 0.00019930484934059 0.00016488446921231 0.00014529979693286 0.00013918544742286 0.00013262918918274 0.00012854739246029 0.00012641966635458
0.00022803921627557 0.00021654883144521 0.0001923723218964 0.00018037687348094 0.00014529979693286 0.00013552309766087 0.00012896917393977 0.00012325689692564 0.00011872731675739 0.00011632979287752
0.0002169934052319 0.00020081811488657 0.00018417607558554 0.00017078192568379 0.00013918544742286 0.00012896917393977 0.00012244390133039 0.00011751967420857 0.00011413594016722 0.00011217420132065
0.00020743737218684 0.00018814078564943 0.0001722324927859 0.00016109099446913 0.00013262918918274 0.00012325689692564 0.00011751967420857 0.00011279360292098 0.00010954530127695 0.00010761290494505
0.0002005675109935 0.00017949345424818 0.00016663272901141 0.00015410849411676 0.00012854739246029 0.00011872731675739 0.00011413594016722 0.00010954530127695 0.00010640434250896 0.00010446582036672
0.00019510326673791 0.00017322841860772 0.00016099082505993 0.00014901386954521 0.00012641966635458 0.00011632979287752 0.00011217420132065 0.00010761290494505 0.00010446582036672 0.00010270038399266
