0.00025097910504806 0.00055341543692698 0.00030546598095472 0.00030088011111904 0.00026726101774431 0.00024484984634201 0.00021636850928921 0.00019524097525139 0.00017874120719667 0.00016794341552908
0.00055341543692698 0.0051539412572376 0.00073900506771412 0.00064582200982178 0.00077709612622367 0.00067622645656225 0.00063500649179425 0.00055161268264861 0.00051646719660353 0.00049117934598181
0.00030546598095472 0.00073900506771412 0.0053276344664405 0.0013846216308947 0.0011780241069978 0.00076174991255797 0.0005917831993453 0.00049746662691133 0.00039436145502606 0.00035998360460865
0.00030088011111904 0.00064582200982178 0.0013846216308947 0.0052763791344124 0.002080466423223 0.0012720670168906 0.0010909043688232 0.0010148505564627 0.00086774298822628 0.00077215449603819
0.00026726101774431 0.00077709612622367 0.0011780241069978 0.002080466423223 0.0047340136715011 0.0024653809478776 0.0018446922296232 0.0015066924590692 0.0013055388287072 0.0010995284991299
0.00024484984634201 0.00067622645656225 0.00076174991255797 0.0012720670168906 0.0024653809478776 0.0035306894326122 0.0023720549298117 0.0019534142504615 0.0016780978550562 0.0014821628298735
0.00021636850928921 0.00063500649179425 0.0005917831993453 0.0010909043688232 0.0018446922296232 0.0023720549298117 0.0026439746865363 0.0021453486117961 0.0018539849211621 0.0016099903087309
0.00019524097525139 0.00055161268264861 0.00049746662691133 0.0010148505564627 0.0015066924590692 0.0019534142504615 0.0021453486117961 0.0022466766999641 0.0019742495967959 0.0017547592341893
0.00017874120719667 0.00051646719660353 0.00039436145502606 0.00086774298822628 0.0013055388287072 0.0016780978550562 0.0018539849211621 0.0019742495967959 0.0019658671593933 0.0017980168787453
0.00016794341552908 0.00049117934598181 0.00035998360460865 0.00077215449603819 0.0010995284991299 0.0014821628298735 0.0016099903087309 0.0017547592341893 0.0017980168787453 0.001748469173216
