0.02649359653962 0.010215410667007 0.0075761912041606 0.0063505531338544 0.0054432382399571 0.0047750989163737 0.0042594388541385 0.0038534152421515 0.0035436684583018 0.0032829071954376
0.010215410667007 0.0075565667351297 0.0062219007092481 0.0054594851707543 0.0048017073779295 0.0042540843619094 0.0038020137352468 0.0034291099556338 0.0031257190815613 0.0028648343704558
0.0075761912041606 0.0062219007092481 0.0059142125947991 0.0054849982357883 0.0049978953050581 0.0045364384828348 0.0041266187651852 0.0037741247015309 0.0034783605793506 0.0032168304510053
0.0063505531338544 0.0054594851707543 0.0054849982357883 0.005354820896428 0.0050427127256646 0.0046841889044169 0.0043377154091753 0.0040263213645676 0.0037583098529992 0.0035149682698721
0.0054432382399571 0.0048017073779295 0.0049978953050581 0.0050427127256646 0.0048918038764006 0.0046475417941892 0.0043800202210331 0.0041238303944367 0.0038949114840264 0.0036791004561252
0.0047750989163737 0.0042540843619094 0.0045364384828348 0.0046841889044169 0.0046475417941892 0.0045049913531821 0.0043172007573095 0.0041218090289032 0.0039389545243095 0.0037574900014683
0.0042594388541385 0.0038020137352468 0.0041266187651852 0.0043377154091753 0.0043800202210331 0.0043172007573095 0.0041992927893294 0.0040612400383318 0.0039242135429511 0.0037784852252449
0.0038534152421515 0.0034291099556338 0.0037741247015309 0.0040263213645676 0.0041238303944367 0.0041218090289032 0.0040612400383318 0.0039733426632792 0.0038783053468572 0.0037666435695555
0.0035436684583018 0.0031257190815613 0.0034783605793506 0.0037583098529992 0.0038949114840264 0.0039389545243095 0.0039242135429511 0.0038783053468572 0.0038200323689253 0.003739010429831
0.0032829071954376 0.0028648343704558 0.0032168304510053 0.0035149682698721 0.0036791004561252 0.0037574900014683 0.0037784852252449 0.0037666435695555 0.003739010429831 0.0036850130526191
