0.012326904066852 0.0016693491611283 0.00044902678269339 0.00037391664586983 0.00098471469934572 0.00082386609074234 0.00069264358770296 0.00069768231058161 0.00066658982178594 0.00061028672834651
0.0016693491611283 0.0052390337336565 0.0023261051320992 0.0012674260361891 0.0013541971377094 0.0010366209210966 0.00084101059048788 0.00072089257950131 0.00062023718336301 0.0005340383431067
0.00044902678269339 0.0023261051320992 0.0039931461994395 0.0020442052168604 0.0013780325326691 0.00091897965087153 0.0005568909036271 0.00038973659488817 0.00030366827548806 0.00021024405857817
0.00037391664586983 0.0012674260361891 0.0020442052168604 0.0033974224239926 0.0020623002667812 0.0015673302408807 0.0013169916769222 0.0011886610140557 0.0010873220432288 0.0010216400129735
0.00098471469934572 0.0013541971377094 0.0013780325326691 0.0020623002667812 0.0022981815720772 0.0019553723084604 0.0017356040177774 0.0015531950410066 0.0013943280009257 0.0012740340313308
0.00082386609074234 0.0010366209210966 0.00091897965087153 0.0015673302408807 0.0019553723084604 0.0020113744727409 0.0019264106075421 0.0017789682964317 0.001633157703594 0.0015174729935912
0.00069264358770296 0.00084101059048788 0.0005568909036271 0.0013169916769222 0.0017356040177774 0.0019264106075421 0.0020643218245616 0.0019929745749905 0.0018871214111757 0.0017937646700324
0.00069768231058161 0.00072089257950131 0.00038973659488817 0.0011886610140557 0.0015531950410066 0.0017789682964317 0.0019929745749905 0.0020114645122275 0.0019552864524311 0.0018921759647202
0.00066658982178594 0.00062023718336301 0.00030366827548806 0.0010873220432288 0.0013943280009257 0.001633157703594 0.0018871214111757 0.0019552864524311 0.0019516482717998 0.001921343196733
0.00061028672834651 0.0005340383431067 0.00021024405857817 0.0010216400129735 0.0012740340313308 0.0015174729935912 0.0017937646700324 0.0018921759647202 0.001921343196733 0.0019226045333019
