0.069770771269149 0.030785595261997 0.023202299959868 0.018962059039328 0.016020280488308 0.013783679754713 0.012005018831778 0.010555665874328 0.0093594911208434 0.0083640017894575 0.0075333541684759 0.0068245351214625 0.0062261769554431 0.0057139037455005 0.005272614624287 0.0049051046391622 0.0045639879459518 0.0042705500077305 0.004073285597768 0.0037699411203065
0.030785595261997 0.0190686463169 0.016159657787991 0.014139713449643 0.012499609631532 0.011118691094515 0.0099412393620744 0.0089304422887582 0.0080601778305373 0.0073090051063964 0.0066578252988224 0.0060967610142414 0.0056029949654454 0.0051757890174653 0.0047952438246458 0.0044682471402889 0.0041665997065463 0.0038971694925182 0.0036614705296583 0.0034495839973077
0.023202299959868 0.016159657787991 0.015038920906491 0.013976772868203 0.012898469658178 0.011861309446332 0.010896576709063 0.010014265971598 0.0092159581264434 0.0084981749961579 0.0078537687058396 0.0072817558742018 0.0067644424171465 0.0063051842024616 0.0058872999679776 0.0055204504209269 0.0051772594104445 0.0048668117528994 0.0045770921360309 0.0043364701771932
0.018962059039328 0.014139713449643 0.013976772868203 0.013612872648713 0.013026590993214 0.01233345615315 0.011607451978145 0.010887829034016 0.010196709916894 0.0095453829587057 0.0089383232237178 0.0083806440483171 0.0078623383262982 0.0073902391939853 0.0069529852225361 0.0065609029974711 0.0061885940098692 0.0058490916541824 0.0055195350250235 0.0052508463716927
0.016020280488308 0.012499609631532 0.012898469658178 0.013026590993214 0.012849613103224 0.012479859515792 0.012002534972509 0.01147004644302 0.010916588348083 0.01036370729521 0.0098249554947971 0.0093106955867907 0.0088176052347356 0.0083568647757709 0.0079211236328878 0.0075226155043849 0.0071376471090888 0.0067830977727975 0.0064303831961648 0.0061410854456781
0.013783679754713 0.011118691094515 0.011861309446332 0.01233345615315 0.012479859515792 0.012392205188698 0.01214992870485 0.011807487071256 0.011404117220913 0.010967234325296 0.01051644874116 0.010066273738264 0.0096184445098182 0.0091883590106983 0.0087719711256572 0.0083831951477637 0.0080004168510778 0.0076435936700605 0.0072820905976392 0.0069813591918624
0.012005018831778 0.0099412393620744 0.010896576709063 0.011607451978145 0.012002534972509 0.01214992870485 0.012116982584584 0.011953826001524 0.011699848625813 0.011384805547852 0.011031700575074 0.010657861044278 0.010268680792431 0.0098828939366219 0.0094993067227788 0.0091330246284203 0.0087646086604919 0.008416285923819 0.0080580426677026 0.0077545598216022
0.010555665874328 0.0089304422887582 0.010014265971598 0.010887829034016 0.01147004644302 0.011807487071256 0.011953826001524 0.011952000119999 0.011838585104401 0.011643170097315 0.011390066047166 0.011098145835528 0.010775241716426 0.01044241127288 0.010100906353309 0.0097664502778675 0.0094217291404446 0.009090483019463 0.0087451353617286 0.0084464727696028
0.0093594911208434 0.0080601778305373 0.0092159581264434 0.010196709916894 0.010916588348083 0.011404117220913 0.011699848625813 0.011838585104401 0.011852574669483 0.011769637138338 0.011613889780886 0.011404700630915 0.011151300949917 0.010876123491574 0.010582546891584 0.010286300791613 0.0099720551615769 0.0096644985654048 0.0093393594363233 0.0090518543550501
0.0083640017894575 0.0073090051063964 0.0084981749961579 0.0095453829587057 0.01036370729521 0.010967234325296 0.011384805547852 0.011643170097315 0.011769637138338 0.011789353333526 0.011725233522795 0.011596354318061 0.011412509777388 0.011196700427874 0.010954183541459 0.010700093113029 0.010420924684241 0.01014186186383 0.0098423128272917 0.0095710159668599
0.0075333541684759 0.0066578252988224 0.0078537687058396 0.0089383232237178 0.0098249554947971 0.01051644874116 0.011031700575074 0.011390066047166 0.011613889780886 0.011725233522795 0.01174686908098 0.011692083762734 0.011575564940407 0.011418596508278 0.011228097775786 0.011018083248449 0.010776723555426 0.010529339708142 0.01025903555709 0.01000775977667
0.0068245351214625 0.0060967610142414 0.0072817558742018 0.0083806440483171 0.0093106955867907 0.010066273738264 0.010657861044278 0.011098145835528 0.011404700630915 0.011596354318061 0.011692083762734 0.011710627888602 0.011656028563376 0.011555861158831 0.011416764362082 0.011251226853847 0.011048941135353 0.010835088281913 0.010596287240199 0.010367746453165
0.0062261769554431 0.0056029949654454 0.0067644424171465 0.0078623383262982 0.0088176052347356 0.0096184445098182 0.010268680792431 0.010775241716426 0.011151300949917 0.011412509777388 0.011575564940407 0.011656028563376 0.011663525299898 0.01161603941649 0.011526691172079 0.011404984709883 0.011242005070833 0.011062567857127 0.010856498818126 0.010652571282121
0.0057139037455005 0.0051757890174653 0.0063051842024616 0.0073902391939853 0.0083568647757709 0.0091883590106983 0.0098828939366219 0.01044241127288 0.010876123491574 0.011196700427874 0.011418596508278 0.011555861158831 0.01161603941649 0.011625116242335 0.011577011836329 0.011497198009632 0.011372446836009 0.011227037194026 0.011053658676907 0.010875086695794
0.005272614624287 0.0047952438246458 0.0058872999679776 0.0069529852225361 0.0079211236328878 0.0087719711256572 0.0094993067227788 0.010100906353309 0.010582546891584 0.010954183541459 0.011228097775786 0.011416764362082 0.011526691172079 0.011577011836329 0.011580362814822 0.011540297690196 0.011453350736961 0.0113421364674 0.011201837537476 0.011049770038181
0.0049051046391622 0.0044682471402889 0.0055204504209269 0.0065609029974711 0.0075226155043849 0.0083831951477637 0.0091330246284203 0.0097664502778675 0.010286300791613 0.010700093113029 0.011018083248449 0.011251226853847 0.011404984709883 0.011497198009632 0.011540297690196 0.011538727182906 0.011486908901202 0.011407924102065 0.011299006465218 0.01117260134599
0.0045639879459518 0.0041665997065463 0.0051772594104445 0.0061885940098692 0.0071376471090888 0.0080004168510778 0.0087646086604919 0.0094217291404446 0.0099720551615769 0.010420924684241 0.010776723555426 0.011048941135353 0.011242005070833 0.011372446836009 0.011453350736961 0.011486908901202 0.011468833916549 0.011421102928039 0.01134282708036 0.011242161569757
0.0042705500077305 0.0038971694925182 0.0048668117528994 0.0058490916541824 0.0067830977727975 0.0076435936700605 0.008416285923819 0.009090483019463 0.0096644985654048 0.01014186186383 0.010529339708142 0.010835088281913 0.011062567857127 0.011227037194026 0.0113421364674 0.011407924102065 0.011421102928039 0.011409454584753 0.01135340848256 0.011277570861789
0.004073285597768 0.0036614705296583 0.0045770921360309 0.0055195350250235 0.0064303831961648 0.0072820905976392 0.0080580426677026 0.0087451353617286 0.0093393594363233 0.0098423128272917 0.01025903555709 0.010596287240199 0.010856498818126 0.011053658676907 0.011201837537476 0.011299006465218 0.01134282708036 0.01135340848256 0.011401927503253 0.0112819545279
0.0037699411203065 0.0034495839973077 0.0043364701771932 0.0052508463716927 0.0061410854456781 0.0069813591918624 0.0077545598216022 0.0084464727696028 0.0090518543550501 0.0095710159668599 0.01000775977667 0.010367746453165 0.010652571282121 0.010875086695794 0.011049770038181 0.01117260134599 0.011242161569757 0.011277570861789 0.0112819545279 0.011253179653246
