-0.00058704946408806 -0.001563770016948 0.00099253247704868 -0.00080408064477763 0.00072292551697317 -0.00064885999064759 0.0005876799256585 -0.00053772495269142 0.000496460971865 -0.00046270175412658
-0.001563770016948 -0.010710869701897 0.0024345365951918 -0.0017084181158635 0.0012918579046216 -0.00096092272911069 0.00078470156070313 -0.00066810426252335 0.00058366668197525 -0.00052093577953415
0.00099253247704868 0.0024345365951918 -0.0086149622404767 0.0040410926005716 -0.0028335642283731 0.0022016078654744 -0.0017589432228301 0.0014678272674023 -0.0012628634235659 0.0011134492381999
-0.00080408064477763 -0.0017084181158635 0.0040410926005716 -0.0063196671907982 0.0044254760149211 -0.0034629241751404 0.0028223428654792 -0.0023710910605803 0.0020416886611023 -0.0017945865995925
0.00072292551697317 0.0012918579046216 -0.0028335642283731 0.0044254760149211 -0.0050436212505128 0.0042999832851424 -0.0036479076832168 0.0031504711250613 -0.0027551653709633 0.0024404319401953
-0.00064885999064759 -0.00096092272911069 0.0022016078654744 -0.0034629241751404 0.0042999832851424 -0.0043247261491426 0.0039142832075481 -0.0035148813337766 0.0031593717837116 -0.0028523407738873
0.0005876799256585 0.00078470156070313 -0.0017589432228301 0.0028223428654792 -0.0036479076832168 0.0039142832075481 -0.0038061961295923 0.0035634569872578 -0.0032977750417658 0.0030422086989519
-0.00053772495269142 -0.00066810426252335 0.0014678272674023 -0.0023710910605803 0.0031504711250613 -0.0035148813337766 0.0035634569872578 -0.0034667109395872 0.0032969756267007 -0.0031049069547522
0.000496460971865 0.00058366668197525 -0.0012628634235659 0.0020416886611023 -0.0027551653709633 0.0031593717837116 -0.0032977750417658 0.0032969756267007 -0.0032096904650916 0.003078579675356
-0.00046270175412658 -0.00052093577953415 0.0011134492381999 -0.0017945865995925 0.0024404319401953 -0.0028523407738873 0.0030422086989519 -0.0031049069547522 0.003078579675356 -0.0029995950388353
