0 -3.1329729160824 0.13504974493905 -3.0470361326054 0.0015927718615221 -3.1238100085955 0.090111429560154 -3.0188336357122 0.11778896596783 -3.0471227669164
3.1329729160824 0 3.0897457048631 -0.039565075211859 3.0937390115423 -0.032731242800592 3.085435488665 -0.064403168278983 3.075545922054 -0.062676500861989
-0.13504974493905 -3.0897457048631 0 -3.1077898100451 -0.043356988466608 3.0939374275404 -0.068081257703471 3.0729082880831 -0.060800252117034 3.0991506344584
3.0470361326054 0.039565075211859 3.1077898100451 0 3.0897349293879 -0.047696760019892 3.1021208863827 -0.040814888369421 3.0971034059996 -0.040928940811119
-0.0015927718615221 -3.0937390115423 0.043356988466608 -3.0897349293879 0 -3.1326636098178 0.012361376090926 -3.1261310991467 0.018832452077578 -3.117282069382
3.1238100085955 0.032731242800592 -3.0939374275404 0.047696760019892 3.1326636098178 0 -3.1397357720013 0.005611107917075 -3.1324708744207 0.015357219019532
-0.090111429560154 -3.085435488665 0.068081257703471 -3.1021208863827 -0.012361376090926 3.1397357720013 0 -3.1354950122226 0.01003937402014 -3.1255177541039
3.0188336357122 0.064403168278983 -3.0729082880831 0.040814888369421 3.1261310991467 -0.005611107917075 3.1354950122226 0 -3.1383430472985 0.0083075414052222
-0.11778896596783 -3.075545922054 0.060800252117034 -3.0971034059996 -0.018832452077578 3.1324708744207 -0.01003937402014 3.1383430472985 0 -3.1366814018486
3.0471227669164 0.062676500861989 -3.0991506344584 0.040928940811119 3.117282069382 -0.015357219019532 3.1255177541039 -0.0083075414052222 3.1366814018486 0
