0.0015940715933477 0.0010150915733906 0.00076247021402865 0.00073819058316191 0.00069244371422154 0.00067812853664376 0.00065183505775544 0.00065056749994824 0.00064505757479375 0.00063362628368589
0.0010150915733906 0.00067676341241907 0.0005166859370701 0.00048605014959256 0.00044817190321282 0.00040012640191965 0.00037621851822352 0.00036667054889645 0.00035908106462088 0.00035329811743317
0.00076247021402865 0.0005166859370701 0.00030785457315513 0.0003219806262188 0.00032802844892644 0.00032153748011811 0.00031362313128419 0.00031584439637195 0.00031752403840993 0.00031725607564386
0.00073819058316191 0.00048605014959256 0.0003219806262188 0.00027680876045652 0.00028417778354162 0.00027978645122344 0.00027882862038206 0.00028202248920894 0.00028427201602128 0.00028467318351061
0.00069244371422154 0.00044817190321282 0.00032802844892644 0.00028417778354162 0.00027183693746868 0.00026478594992276 0.00027137057169363 0.00027827673285708 0.00028214701967938 0.00028254469139084
0.00067812853664376 0.00040012640191965 0.00032153748011811 0.00027978645122344 0.00026478594992276 0.00025959799085528 0.00026652123587901 0.00027434323761234 0.00027842595936026 0.00027745096882821
0.00065183505775544 0.00037621851822352 0.00031362313128419 0.00027882862038206 0.00027137057169363 0.00026652123587901 0.00026979805682244 0.000275451254037 0.00027746617346078 0.0002750561153474
0.00065056749994824 0.00036667054889645 0.00031584439637195 0.00028202248920894 0.00027827673285708 0.00027434323761234 0.000275451254037 0.00027948336106794 0.00027995925592942 0.00027615455091285
0.00064505757479375 0.00035908106462088 0.00031752403840993 0.00028427201602128 0.00028214701967938 0.00027842595936026 0.00027746617346078 0.00027995925592942 0.00027919710615679 0.00027452067648313
0.00063362628368589 0.00035329811743317 0.00031725607564386 0.00028467318351061 0.00028254469139084 0.00027745096882821 0.0002750561153474 0.00027615455091285 0.00027452067648313 0.00026981234171326
