0.039180087523407 0.0067695758380127 0.0032919628152445 0.0016321330667632 0.00066614844752552 0.00010077163170377 0.00029603820626431 0.00048393757387505 0.00059289279275428 0.0006456200224157 0.00067784204352542 0.00070881607222813 0.00071051629295211 0.0007024516348554 0.00076051407853996 0.00071942664832415 0.00071355254240541 0.00071092209972968 0.00070369861838282 0.00069554416370271
0.0067695758380127 0.020737429841326 0.011083947557907 0.0067714144141407 0.004472188480228 0.0031596474394416 0.0022514012365946 0.0016154657340808 0.001163135767088 0.00085478588430983 0.00060888725132369 0.00043060758526633 0.00031791614562669 0.00023905434802542 0.00015827044888534 0.00013079713551455 0.00010796398331516 9.9939133670494e-05 9.9223259397011e-05 0.00010198294169984
0.0032919628152445 0.011083947557907 0.014109231074128 0.010940164761426 0.0084621413491409 0.006711454955919 0.0053767140360532 0.0043584873208005 0.0035700174911771 0.0029779799020666 0.0024941235321189 0.0021134792660532 0.0018126214166682 0.0015743153249177 0.001349530287331 0.0012007182611039 0.0010588837824309 0.0009459471540637 0.00084878258132308 0.00076618507590499
0.0016321330667632 0.0067714144141407 0.010940164761426 0.011289120220027 0.010070405847071 0.0087692274695398 0.0075440333790377 0.0064824496432046 0.0055797793419124 0.0048505675196641 0.0042353506145125 0.0037262581397519 0.0032988231333518 0.0029483589496979 0.0026113787070368 0.0023736697996637 0.0021466010101448 0.0019553233384901 0.0017883447149874 0.001642598519353
0.00066614844752552 0.004472188480228 0.0084621413491409 0.010070405847071 0.01016823275659 0.0095905297870361 0.0087448700654473 0.0078665981805985 0.0070319373506985 0.006300759371194 0.0056538299564659 0.0050900398764393 0.0045991571866478 0.0041808464421035 0.0037696058128541 0.0034737093646256 0.0031851600562328 0.0029346987783625 0.0027134273095139 0.002517201219773
0.00010077163170377 0.0031596474394416 0.006711454955919 0.0087692274695398 0.0095905297870361 0.0096618798627498 0.0092556628073125 0.0086509596053969 0.0079778778700501 0.0073305071005243 0.0067217336931184 0.0061630593993588 0.0056622135989147 0.0052190640889853 0.0047742608115052 0.0044475708261564 0.0041234927323829 0.0038358376932944 0.0035784325878848 0.0033470536996888
0.00029603820626431 0.0022514012365946 0.0053767140360532 0.0075440333790377 0.0087448700654473 0.0092556628073125 0.0092372051121119 0.0089217620177369 0.0084525787171131 0.007937287700445 0.0074155468204491 0.0069078083462954 0.0064351423440451 0.0060016707681694 0.0055561335232746 0.0052229906166045 0.0048861538083213 0.004581376805123 0.0043050071046104 0.0040533621100728
0.00048393757387505 0.0016154657340808 0.0043584873208005 0.0064824496432046 0.0078665981805985 0.0086509596053969 0.0089217620177369 0.0088604421890575 0.0085927252282432 0.0082251642756708 0.00781302981468 0.0073822452947146 0.0069621868118994 0.0065624569181911 0.0061383163921703 0.0058186352988529 0.0054869174920191 0.0051813218273558 0.0049004437481343 0.0046414307601485
0.00059289279275428 0.001163135767088 0.0035700174911771 0.0055797793419124 0.0070319373506985 0.0079778778700501 0.0084525787171131 0.0085927252282432 0.0085066369461336 0.0082823083419435 0.0079857408471894 0.0076439042555862 0.007290827471106 0.0069403552968254 0.0065527328093069 0.0062608433153358 0.005947673877691 0.0056538945446337 0.0053800759510966 0.0051242651147332
0.0006456200224157 0.00085478588430983 0.0029779799020666 0.0048505675196641 0.006300759371194 0.0073305071005243 0.007937287700445 0.0082251642756708 0.0082823083419435 0.008189608934483 0.0079954841883981 0.0077418050541091 0.0074595486617829 0.007164883379039 0.0068214069581144 0.0065654990093251 0.0062792649394451 0.006005708472506 0.005747024279874 0.0055021060267996
0.00067784204352542 0.00060888725132369 0.0024941235321189 0.0042353506145125 0.0056538299564659 0.0067217336931184 0.0074155468204491 0.00781302981468 0.0079857408471894 0.0079954841883981 0.0079029609111335 0.0077326885070135 0.0075207038965875 0.0072839001464534 0.0069881882705364 0.0067723286429528 0.0065178318789029 0.0062695835496665 0.0060310703879421 0.0058019459220305
0.00070881607222813 0.00043060758526633 0.0021134792660532 0.0037262581397519 0.0050900398764393 0.0061630593993588 0.0069078083462954 0.0073822452947146 0.0076439042555862 0.0077418050541091 0.0077326885070135 0.0076492911409816 0.0074919363895022 0.0073117446630336 0.0070643661265723 0.0068903793036325 0.0066703784446426 0.0064508056093425 0.0062360654357341 0.0060264500527144
0.00071051629295211 0.00031791614562669 0.0018126214166682 0.0032988231333518 0.0045991571866478 0.0056622135989147 0.0064351423440451 0.0069621868118994 0.007290827471106 0.0074595486617829 0.0075207038965875 0.0074919363895022 0.0074068920401921 0.0072797582089221 0.0070790764634243 0.006946610509444 0.0067616543226309 0.0065719747125899 0.0063826251662355 0.0061944330469104
0.0007024516348554 0.00023905434802542 0.0015743153249177 0.0029483589496979 0.0041808464421035 0.0052190640889853 0.0060016707681694 0.0065624569181911 0.0069403552968254 0.007164883379039 0.0072839001464534 0.0073117446630336 0.0072797582089221 0.0072048457720811 0.0070439622221246 0.0069510898501033 0.0068002946954139 0.006640426521149 0.0064769357998103 0.0063110264763209
0.00076051407853996 0.00015827044888534 0.001349530287331 0.0026113787070368 0.0037696058128541 0.0047742608115052 0.0055561335232746 0.0061383163921703 0.0065527328093069 0.0068214069581144 0.0069881882705364 0.0070643661265723 0.0070790764634243 0.0070439622221246 0.0069558115121388 0.0068701633062947 0.0067516559562715 0.006620420369266 0.0064821482477142 0.0063383253565602
0.00071942664832415 0.00013079713551455 0.0012007182611039 0.0023736697996637 0.0034737093646256 0.0044475708261564 0.0052229906166045 0.0058186352988529 0.0062608433153358 0.0065654990093251 0.0067723286429528 0.0068903793036325 0.006946610509444 0.0069510898501033 0.0068701633062947 0.0068505481112326 0.0067625356587551 0.0066598333235131 0.0065471962926831 0.0064262075365267
0.00071355254240541 0.00010796398331516 0.0010588837824309 0.0021466010101448 0.0031851600562328 0.0041234927323829 0.0048861538083213 0.0054869174920191 0.005947673877691 0.0062792649394451 0.0065178318789029 0.0066703784446426 0.0067616543226309 0.0068002946954139 0.0067516559562715 0.0067625356587551 0.0067046650691673 0.0066275828385756 0.0065387489634856 0.0064392314627997
0.00071092209972968 9.9939133670494e-05 0.0009459471540637 0.0019553233384901 0.0029346987783625 0.0038358376932944 0.004581376805123 0.0051813218273558 0.0056538945446337 0.006005708472506 0.0062695835496665 0.0064508056093425 0.0065719747125899 0.006640426521149 0.006620420369266 0.0066598333235131 0.0066275828385756 0.0065753875639502 0.006508838161427 0.0064297268750635
0.00070369861838282 9.9223259397011e-05 0.00084878258132308 0.0017883447149874 0.0027134273095139 0.0035784325878848 0.0043050071046104 0.0049004437481343 0.0053800759510966 0.005747024279874 0.0060310703879421 0.0062360654357341 0.0063826251662355 0.0064769357998103 0.0064821482477142 0.0065471962926831 0.0065387489634856 0.006508838161427 0.0064632659953079 0.0064034394807002
0.00069554416370271 0.00010198294169984 0.00076618507590499 0.001642598519353 0.002517201219773 0.0033470536996888 0.0040533621100728 0.0046414307601485 0.0051242651147332 0.0055021060267996 0.0058019459220305 0.0060264500527144 0.0061944330469104 0.0063110264763209 0.0063383253565602 0.0064262075365267 0.0064392314627997 0.0064297268750635 0.0064034394807002 0.0063615939189369
