0 -3.1340231564227 -0.07479506551289 -3.0997685879912 0.12680757440629 -2.9733307986579 0.17656771854102 -2.9476761096307 0.22657570767525 -2.8752320377831
3.1340231564227 0 3.103388396054 0.053046145995707 -3.0152775907895 0.16622554092311 -2.9414334393305 0.2650067735091 -2.7897516180294 0.45732399621692
0.07479506551289 -3.103388396054 0 -3.1312188584539 0.030679903284354 -3.1099584142767 0.028217819617136 -3.0979066740325 0.073588010746772 -3.0260053742835
3.0997685879912 -0.053046145995707 3.1312188584539 0 -3.1296589284032 0.032450990455681 -3.0899797470926 0.074939228093671 -3.0386210285608 0.13576320737159
-0.12680757440629 3.0152775907895 -0.030679903284354 3.1296589284032 0 -3.1189774157801 0.039744633813564 -3.0843486573842 0.077495839914011 -3.0416030777892
2.9733307986579 -0.16622554092311 3.1099584142767 -0.032450990455681 3.1189774157801 0 -3.1281837333181 0.025924110400587 -3.1017707963773 0.054811377238496
-0.17656771854102 2.9414334393305 -0.028217819617136 3.0899797470926 -0.039744633813564 3.1281837333181 0 -3.12996820731 0.023774371014554 -3.1052038830003
2.9476761096307 -0.2650067735091 3.0979066740325 -0.074939228093671 3.0843486573842 -0.025924110400587 3.12996820731 0 -3.1303265007069 0.02252478860779
-0.22657570767525 2.7897516180294 -0.073588010746772 3.0386210285608 -0.077495839914011 3.1017707963773 -0.023774371014554 3.1303265007069 0 -3.1307087674488
2.8752320377831 -0.45732399621692 3.0260053742835 -0.13576320737159 3.0416030777892 -0.054811377238496 3.1052038830003 -0.02252478860779 3.1307087674488 0
