0.00045763031789686 0.00039647922935321 0.00034348688225323 0.00029539490837611 0.00025039479533561 0.00022222757537055 0.00020340430680973 0.00019069388288173 0.00018072705221968 0.00017384087189612
0.00039647922935321 0.00033194461834515 0.00028744249942733 0.00024464780633324 0.00021061983952398 0.0001856173030778 0.0001710337458153 0.0001620223329885 0.00015508919907316 0.00015004788570336
0.00034348688225323 0.00028744249942733 0.00025302142848915 0.00020953315722704 0.00017956031956443 0.00015908412510004 0.00014634701386177 0.0001377654642733 0.00013100780181126 0.00012593998371885
0.00029539490837611 0.00024464780633324 0.00020953315722704 0.00017566516638081 0.00015005530539739 0.00013263272110567 0.00012252807261827 0.00011609792126327 0.00011076472633409 0.00010661502566816
0.00025039479533561 0.00021061983952398 0.00017956031956443 0.00015005530539739 0.00012982154177619 0.00011555725951607 0.00010612211215107 0.00010095389317178 9.7071459384311e-05 9.3973528553535e-05
0.00022222757537055 0.0001856173030778 0.00015908412510004 0.00013263272110567 0.00011555725951607 0.00010265816352721 9.4996593730022e-05 9.1369222225278e-05 8.8668779480266e-05 8.6412613707469e-05
0.00020340430680973 0.0001710337458153 0.00014634701386177 0.00012252807261827 0.00010612211215107 9.4996593730022e-05 8.8095700717926e-05 8.4940069644511e-05 8.2585109803438e-05 8.0618452429756e-05
0.00019069388288173 0.0001620223329885 0.0001377654642733 0.00011609792126327 0.00010095389317178 9.1369222225278e-05 8.4940069644511e-05 8.1809012822657e-05 7.9530844164659e-05 7.7624050147734e-05
0.00018072705221968 0.00015508919907316 0.00013100780181126 0.00011076472633409 9.7071459384311e-05 8.8668779480266e-05 8.2585109803438e-05 7.9530844164659e-05 7.7374180965132e-05 7.5574123628908e-05
0.00017384087189612 0.00015004788570336 0.00012593998371885 0.00010661502566816 9.3973528553535e-05 8.6412613707469e-05 8.0618452429756e-05 7.7624050147734e-05 7.5574123628908e-05 7.3842768200462e-05
