0.00073516035379496 0.00057359350379174 0.00048882071413353 0.00040221851197295 0.0003494102146745 0.00032371069616092 0.0003079988767891 0.00029386575278013 0.00028188879119303 0.00027182677825134
0.00057359350379174 0.0004433652815154 0.00036455340149699 0.00030207722577079 0.00026207481961147 0.00024230339255131 0.00022787812552495 0.00021694491991812 0.00020735592863343 0.00019921300829162
0.00048882071413353 0.00036455340149699 0.00030620798960973 0.00025076431940666 0.00022500722026985 0.00020863441999689 0.00019810100017718 0.00018866607119584 0.00018105431117383 0.00017454556727868
0.00040221851197295 0.00030207722577079 0.00025076431940666 0.00020246408965092 0.00017778255796844 0.00016625417762998 0.00015821380879743 0.00015134834820716 0.00014563316735636 0.00014072605359027
0.0003494102146745 0.00026207481961147 0.00022500722026985 0.00017778255796844 0.00015785649164365 0.00014693813879359 0.00014162969135383 0.00013618091343295 0.00013154906829706 0.00012764234971925
0.00032371069616092 0.00024230339255131 0.00020863441999689 0.00016625417762998 0.00014693813879359 0.00013615291907733 0.00013134249635652 0.00012652519341278 0.00012250499698724 0.00011918344548328
0.0003079988767891 0.00022787812552495 0.00019810100017718 0.00015821380879743 0.00014162969135383 0.00013134249635652 0.00012657935674072 0.00012200163733541 0.00011820331802852 0.00011509271141301
0.00029386575278013 0.00021694491991812 0.00018866607119584 0.00015134834820716 0.00013618091343295 0.00012652519341278 0.00012200163733541 0.00011771384999999 0.00011419779724107 0.00011130346646507
0.00028188879119303 0.00020735592863343 0.00018105431117383 0.00014563316735636 0.00013154906829706 0.00012250499698724 0.00011820331802852 0.00011419779724107 0.00011094356909714 0.00010826688248524
0.00027182677825134 0.00019921300829162 0.00017454556727868 0.00014072605359027 0.00012764234971925 0.00011918344548328 0.00011509271141301 0.00011130346646507 0.00010826688248524 0.00010577704858196
