0.0051905975536224 0.0019225786819303 0.0014359012668458 0.00087625967817127 0.00059577842703103 0.00057610146562948 0.00041815112915599 0.00046378750763382 0.00048067807092236 0.0004660694099359
0.0019225786819303 0.0065502966796723 0.0017774373789466 0.001330675715767 0.00063058985583125 0.00047261060193036 0.00045097512564228 0.00036876972117171 0.00030831636298296 0.00025564009739166
0.0014359012668458 0.0017774373789466 0.0064994669840607 0.0024514309918692 0.001569909319886 0.0010123948610194 0.00097858616156638 0.0007937810123485 0.000728980659302 0.00065796765526657
0.00087625967817127 0.001330675715767 0.0024514309918692 0.0052413868795907 0.0020513767881344 0.0015226854531023 0.0012859999482845 0.0011094978707511 0.00091402219011425 0.00084326419880511
0.00059577842703103 0.00063058985583125 0.001569909319886 0.0020513767881344 0.0035301991564752 0.0020841285040473 0.0016109259474428 0.0013409315935295 0.0011696890116975 0.0010291226386745
0.00057610146562948 0.00047261060193036 0.0010123948610194 0.0015226854531023 0.0020841285040473 0.0027473955149831 0.0019938713995075 0.0016200921295749 0.0014220165477454 0.0012642772097542
0.00041815112915599 0.00045097512564228 0.00097858616156638 0.0012859999482845 0.0016109259474428 0.0019938713995075 0.0022333308888919 0.0018353462381082 0.0016053767116831 0.0014211323765802
0.00046378750763382 0.00036876972117171 0.0007937810123485 0.0011094978707511 0.0013409315935295 0.0016200921295749 0.0018353462381082 0.0018299866686284 0.0016440990948784 0.0014939166126254
0.00048067807092236 0.00030831636298296 0.000728980659302 0.00091402219011425 0.0011696890116975 0.0014220165477454 0.0016053767116831 0.0016440990948784 0.0016253451055305 0.0015185559920994
0.0004660694099359 0.00025564009739166 0.00065796765526657 0.00084326419880511 0.0010291226386745 0.0012642772097542 0.0014211323765802 0.0014939166126254 0.0015185559920994 0.0014866636713051
