3.1415926535898 0.24120115050086 2.8849940058612 -0.13739900609434 -3.1139264816585 0.010153688485214 3.0872683688248 0.021406712502294 3.1043989694791 -0.11028815093971
-0.24120115050086 3.1415926535898 0.069447084015963 3.0129460574257 -0.38153615647317 2.714773075864 -0.37610111920105 2.8238562529226 -0.30773208159245 2.8443872095302
-2.8849940058612 -0.069447084015963 3.1415926535898 0.076483896840126 3.0946715783853 -0.05208770236128 3.0929009856928 -0.073434158509047 3.0318514821561 -0.12945375410728
0.13739900609434 -3.0129460574257 -0.076483896840126 3.1415926535898 -0.038684249124827 3.0903825343339 -0.052610321469461 3.0637949999844 -0.10988215651812 3.0156774468299
3.1139264816585 0.38153615647317 -3.0946715783853 0.038684249124827 3.1415926535898 0.0045680793947814 -3.1105201527247 0.037240343202779 -3.102887105033 0.050676012765124
-0.010153688485214 -2.714773075864 0.05208770236128 -3.0903825343339 -0.0045680793947814 3.1415926535898 0.032942562340472 -3.1032584750423 0.039695674150457 -3.0930015902928
-3.0872683688248 0.37610111920105 -3.0929009856928 0.052610321469461 3.1105201527247 -0.032942562340472 3.1415926535898 0.0054545360222321 -3.1348792226863 0.014434068627022
-0.021406712502294 -2.8238562529226 0.073434158509047 -3.0637949999844 -0.037240343202779 3.1032584750423 -0.0054545360222321 3.1415926535898 0.0012843840463418 -3.1343301767203
-3.1043989694791 0.30773208159245 -3.0318514821561 0.10988215651812 3.102887105033 -0.039695674150457 3.1348792226863 -0.0012843840463418 3.1415926535898 0.005075983807833
0.11028815093971 -2.8443872095302 0.12945375410728 -3.0156774468299 -0.050676012765124 3.0930015902928 -0.014434068627022 3.1343301767203 -0.005075983807833 3.1415926535898
