0.14105684900144 0.095791267272444 0.091468750679883 0.087647498041902 0.082908499380949 0.077324965247432 0.071175556370883 0.064745843569183 0.058280654929128 0.051977272142356
0.095791267272444 0.066724121408621 0.064919804255805 0.063251954874677 0.060769198446784 0.057530369589755 0.053739321698157 0.049607032129938 0.045319181549267 0.041029481222684
0.091468750679883 0.064919804255805 0.064109300887414 0.06332168290288 0.061638204725049 0.059108034852924 0.055925819759092 0.052297843441155 0.04840996469528 0.044419802680389
0.087647498041902 0.063251954874677 0.06332168290288 0.063351979806465 0.062442533954228 0.060625354754057 0.0580792051812 0.054999757027254 0.051567589090743 0.047939440023512
0.082908499380949 0.060769198446784 0.061638204725049 0.062442533954228 0.062305230157587 0.061235990984011 0.059390598675571 0.05694680018249 0.054072967764278 0.050918721212199
0.077324965247432 0.057530369589755 0.059108034852924 0.060625354754057 0.061235990984011 0.060924817068311 0.059819402579873 0.058073885214853 0.055838656034954 0.053250780466172
0.071175556370883 0.053739321698157 0.055925819759092 0.0580792051812 0.059390598675571 0.059819402579873 0.059462167658463 0.05844557981259 0.056897857600374 0.054939278263818
0.064745843569183 0.049607032129938 0.052297843441155 0.054999757027254 0.05694680018249 0.058073885214853 0.05844557981259 0.058159085012955 0.05731778133862 0.056022191409796
0.058280654929128 0.045319181549267 0.04840996469528 0.051567589090743 0.054072967764278 0.055838656034954 0.056897857600374 0.05731778133862 0.057175693097177 0.056550567976634
0.051977272142356 0.041029481222684 0.044419802680389 0.047939440023512 0.050918721212199 0.053250780466172 0.054939278263818 0.056022191409796 0.056550567976634 0.056581104661387
