0.014178420268725 0.003000829424718 0.0014189651760338 0.0014630903851478 0.0010397263985994 0.00081250855789963 0.00066113924221502 0.00065803837792581 0.00058384389796753 0.00054023995322855
0.003000829424718 0.0066567423866247 0.0030102373850839 0.0023194398500888 0.0020807803170093 0.0016593534535393 0.0013142636723618 0.0011274121101271 0.00098886413092733 0.00089065143383062
0.0014189651760338 0.0030102373850839 0.0046623612255745 0.0032353758453699 0.0022904571964865 0.0018408206045784 0.0015093536693327 0.0013481440171161 0.001216990440395 0.0010969700197238
0.0014630903851478 0.0023194398500888 0.0032353758453699 0.0035017237422987 0.00265414555507 0.0021235061229574 0.0017069161000348 0.0014698935651251 0.0012867914841022 0.0011361294016082
0.0010397263985994 0.0020807803170093 0.0022904571964865 0.00265414555507 0.0025779140816184 0.0021919299770695 0.001831818713321 0.0015958830155499 0.0014328359577807 0.0012931804630374
0.00081250855789963 0.0016593534535393 0.0018408206045784 0.0021235061229574 0.0021919299770695 0.002040601647719 0.0018047737482174 0.0016241275968901 0.0014946464864966 0.0013781131096976
0.00066113924221502 0.0013142636723618 0.0015093536693327 0.0017069161000348 0.001831818713321 0.0018047737482174 0.0017149681156914 0.0016052172889756 0.0015150093927941 0.0014255271350619
0.00065803837792581 0.0011274121101271 0.0013481440171161 0.0014698935651251 0.0015958830155499 0.0016241275968901 0.0016052172889756 0.0015577423270979 0.0015026987701731 0.0014371980384503
0.00058384389796753 0.00098886413092733 0.001216990440395 0.0012867914841022 0.0014328359577807 0.0014946464864966 0.0015150093927941 0.0015026987701731 0.0014789999899029 0.0014356962655213
0.00054023995322855 0.00089065143383062 0.0010969700197238 0.0011361294016082 0.0012931804630374 0.0013781131096976 0.0014255271350619 0.0014371980384503 0.0014356962655213 0.0014126348689972
