3.1415926535898 -0.34984050770783 2.7898533215161 -0.48836199637184 2.5687703544494 -0.81593131563485 1.9951276774563 -1.3125978353778 1.6803253235477 -1.4902154448168
0.34984050770783 3.1415926535898 0.29430527570229 3.0929346710382 -0.18768096301225 2.938760613176 -0.22634666224064 2.8329639849883 -0.3595658799896 2.748571753544
-2.7898533215161 -0.29430527570229 3.1415926535898 -0.18121868662009 2.8742252524471 -0.26435854206825 2.8753996070579 -0.28284047269281 2.8574014754916 -0.31026686816035
0.48836199637184 -3.0929346710382 0.18121868662009 3.1415926535898 -0.042483717737514 3.0817435638693 -0.086541679656582 3.0651193466392 -0.065154961359007 3.0798192321875
-2.5687703544494 0.18768096301225 -2.8742252524471 0.042483717737514 3.1415926535898 -0.0033266702715341 3.1172088535423 -0.033067309738214 3.1145163692944 -0.021846621368561
0.81593131563485 -2.938760613176 0.26435854206825 -3.0817435638693 0.0033266702715341 3.1415926535898 -0.014530198907584 3.1173014210697 -0.020366036942819 3.1232365308238
-1.9951276774563 0.22634666224064 -2.8753996070579 0.086541679656582 -3.1172088535423 0.014530198907584 3.1415926535898 -0.011415796327836 3.1327775771284 -0.010087548162284
1.3125978353778 -2.8329639849883 0.28284047269281 -3.0651193466392 0.033067309738214 -3.1173014210697 0.011415796327836 3.1415926535898 0.0037413906904977 -3.1382836988089
-1.6803253235477 0.3595658799896 -2.8574014754916 0.065154961359007 -3.1145163692944 0.020366036942819 -3.1327775771284 -0.0037413906904977 3.1415926535898 0.0011695846138325
1.4902154448168 -2.748571753544 0.31026686816035 -3.0798192321875 0.021846621368561 -3.1232365308238 0.010087548162284 3.1382836988089 -0.0011695846138325 3.1415926535898
