-0.018742641647315 0.0017802246825049 -0.001371807182764 0.00078387555499861 -0.00050138087568484 0.00020537152523631 -0.00012244677550392 3.3509331242357e-05 -2.0129954738824e-05 1.5190422886645e-05
0.0017802246825049 -0.010827843278859 0.0041233469704819 -0.0032851797995711 0.0024987401293142 -0.0023719891606909 0.0020454504167194 -0.0017328518328774 0.0014540136691912 -0.0012536208738798
-0.001371807182764 0.0041233469704819 -0.0081177825686784 0.0052945320478718 -0.0039526400264505 0.0030291722412232 -0.0023907990523152 0.0019237781546559 -0.0015778499439887 0.0012796354318761
0.00078387555499861 -0.0032851797995711 0.0052945320478718 -0.007008504271002 0.0055544876370589 -0.004608420065151 0.0038530068617637 -0.0032941538458702 0.0028461690145095 -0.0024840010489286
-0.00050138087568484 0.0024987401293142 -0.0039526400264505 0.0055544876370589 -0.0056963622243631 0.0050925834809205 -0.0044469024125519 0.0038414239280089 -0.0033660430241459 0.0029755158849559
0.00020537152523631 -0.0023719891606909 0.0030291722412232 -0.004608420065151 0.0050925834809205 -0.0050135051053623 0.0045918858268633 -0.0040861788821072 0.0036501718518059 -0.003284475672928
-0.00012244677550392 0.0020454504167194 -0.0023907990523152 0.0038530068617637 -0.0044469024125519 0.0045918858268633 -0.0044255593594775 0.0040697424259808 -0.003720945405747 0.0034041500146474
3.3509331242357e-05 -0.0017328518328774 0.0019237781546559 -0.0032941538458702 0.0038414239280089 -0.0040861788821072 0.0040697424259808 -0.0038802192752216 0.0036419005168696 -0.0034004857492743
-2.0129954738824e-05 0.0014540136691912 -0.0015778499439887 0.0028461690145095 -0.0033660430241459 0.0036501718518059 -0.003720945405747 0.0036419005168696 -0.0035019843811327 0.0033347008743871
1.5190422886645e-05 -0.0012536208738798 0.0012796354318761 -0.0024840010489286 0.0029755158849559 -0.003284475672928 0.0034041500146474 -0.0034004857492743 0.0033347008743871 -0.0032338311193849
