-0.00021348355736915 -0.00050029956183653 0.00032704659650174 -0.00033113037220731 0.00023704087366387 -0.00023754223828376 0.00021255829721048 -0.00018868867140805 0.00016990627046711 -0.00016040914901349
-0.00050029956183653 -0.004885042886412 0.00072718725644639 -0.00077351236179896 0.00071620396370925 -0.00057409198450638 0.00069353312629518 -0.0005531874852174 0.00048697126184105 -0.00048475985782865
0.00032704659650174 0.00072718725644639 -0.0055462137827746 0.0014150093948935 -0.00098176579575615 0.00091709603524533 -0.00083325681879013 0.00074957694789848 -0.000721037086548 0.00063463088604766
-0.00033113037220731 -0.00077351236179896 0.0014150093948935 -0.005715587437231 0.0020122046657464 -0.0014759678841205 0.0011207278698516 -0.00099803806719485 0.00089455597414362 -0.00084808246948885
0.00023704087366387 0.00071620396370925 -0.00098176579575615 0.0020122046657464 -0.0044700876534072 0.0021181609824401 -0.0015191193332765 0.0012501971074385 -0.0011570000030795 0.0010357365122298
-0.00023754223828376 -0.00057409198450638 0.00091709603524533 -0.0014759678841205 0.0021181609824401 -0.0037175929156184 0.0022730234316358 -0.0017534494105467 0.0014705729576555 -0.0012663536284423
0.00021255829721048 0.00069353312629518 -0.00083325681879013 0.0011207278698516 -0.0015191193332765 0.0022730234316358 -0.0030271680575394 0.0021999812728943 -0.0018169363946881 0.0015455151753446
-0.00018868867140805 -0.0005531874852174 0.00074957694789848 -0.00099803806719485 0.0012501971074385 -0.0017534494105467 0.0021999812728943 -0.0024134914025595 0.0020390669078091 -0.0017447834298561
0.00016990627046711 0.00048697126184105 -0.000721037086548 0.00089455597414362 -0.0011570000030795 0.0014705729576555 -0.0018169363946881 0.0020390669078091 -0.0020830417177442 0.0018621493124021
-0.00016040914901349 -0.00048475985782865 0.00063463088604766 -0.00084808246948885 0.0010357365122298 -0.0012663536284423 0.0015455151753446 -0.0017447834298561 0.0018621493124021 -0.001825697600444
