0.0080299687822714 0.001010601615948 0.00065127483568289 0.00029982493786667 0.00038405731912146 0.00035916743019632 0.00037959840080062 0.0003611452058418 0.00034128970795163 0.00030858654285878
0.001010601615948 0.0062365963740247 0.0010796380852414 0.00070029607335717 0.00071659782146289 0.00052235200678258 0.00039972422421713 0.00033588341902324 0.00028146722797212 0.0002327292774343
0.00065127483568289 0.0010796380852414 0.0049258004221276 0.0013778657403023 0.000936759558663 0.00082046531439604 0.0006488126432443 0.00051214498243876 0.00042451453232447 0.00037015691655714
0.00029982493786667 0.00070029607335717 0.0013778657403023 0.0041365235059383 0.0019354336822692 0.0014569635631559 0.0011975956716614 0.00099927566208319 0.0008300357879504 0.00072336082376469
0.00038405731912146 0.00071659782146289 0.000936759558663 0.0019354336822692 0.0031961696641938 0.0018974930462455 0.0014809272892501 0.0011952566361944 0.0010342640353625 0.00090257405877723
0.00035916743019632 0.00052235200678258 0.00082046531439604 0.0014569635631559 0.0018974930462455 0.0022918371981877 0.0017457307321331 0.001447429441412 0.001241429524782 0.00110346908121
0.00037959840080062 0.00039972422421713 0.0006488126432443 0.0011975956716614 0.0014809272892501 0.0017457307321331 0.0018728346678633 0.0016021346088824 0.0014138353746104 0.0012759697632457
0.0003611452058418 0.00033588341902324 0.00051214498243876 0.00099927566208319 0.0011952566361944 0.001447429441412 0.0016021346088824 0.0016164645976206 0.0014806132219154 0.0013651997765425
0.00034128970795163 0.00028146722797212 0.00042451453232447 0.0008300357879504 0.0010342640353625 0.001241429524782 0.0014138353746104 0.0014806132219154 0.0014546905482553 0.0013728665425858
0.00030858654285878 0.0002327292774343 0.00037015691655714 0.00072336082376469 0.00090257405877723 0.00110346908121 0.0012759697632457 0.0013651997765425 0.0013728665425858 0.0013471930887638
