0.042085527050497 0.019467142102286 0.015379204706209 0.013139710938556 0.011616711157603 0.010480239335428 0.0095730665734987 0.0088215318672402 0.0081821995270631 0.0076284591107485
0.019467142102286 0.012067305166551 0.010569916106914 0.0095402632455918 0.0086897746685297 0.0079556951540703 0.0073041744053777 0.0067185796458391 0.0061903915654446 0.005714010739519
0.015379204706209 0.010569916106914 0.0098838606092983 0.0093072268214472 0.0087191340291867 0.0081401921849442 0.0075786274274556 0.0070412438301629 0.0065343758667971 0.0060622863250178
0.013139710938556 0.0095402632455918 0.0093072268214472 0.009051814895133 0.0086855452543183 0.0082589292958921 0.0078008916435554 0.0073318955015413 0.0068678419969636 0.0064200285705347
0.011616711157603 0.0086897746685297 0.0087191340291867 0.0086855452543183 0.0085004189208046 0.0082151740742825 0.0078653351351334 0.0074773827710555 0.0070722869584764 0.0066658168692956
0.010480239335428 0.0079556951540703 0.0081401921849442 0.0082589292958921 0.0082151740742825 0.0080523416417294 0.0078049166309067 0.0075004130406803 0.0071615564776422 0.0068063653282355
0.0095730665734987 0.0073041744053777 0.0075786274274556 0.0078008916435554 0.0078653351351334 0.0078049166309067 0.0076498761680513 0.0074258504942476 0.0071550772938951 0.0068561091245704
0.0088215318672402 0.0067185796458391 0.0070412438301629 0.0073318955015413 0.0074773827710555 0.0075004130406803 0.0074258504942476 0.0072760291394437 0.0070713213554602 0.0068296167515844
0.0081821995270631 0.0061903915654446 0.0065343758667971 0.0068678419969636 0.0070722869584764 0.0071615564776422 0.0071550772938951 0.0070713213554602 0.0069280625656992 0.0067417640640241
0.0076284591107485 0.005714010739519 0.0060622863250178 0.0064200285705347 0.0066658168692956 0.0068063653282355 0.0068561091245704 0.0068296167515844 0.0067417640640241 0.0066071723465789
