0 3.1282620501957 -0.015968963168123 3.1063561581769 -0.061529305729109 3.0551801990481 -0.10741355757798 3.0195544095475 -0.13771351213 2.9838758521676
-3.1282620501957 0 3.1292894696601 0.026665229946622 3.1150125279957 -0.011429953962947 -3.140908252643 0.020978015876723 -3.111136963218 0.029800924217176
0.015968963168123 -3.1292894696601 0 3.1192006661579 -0.029082532670704 3.1267146328074 -0.020042271235313 3.1269705493571 -0.011294838634547 3.1284311077784
-3.1063561581769 -0.026665229946622 -3.1192006661579 0 3.1304239827971 -0.033230173440671 3.1045348687018 -0.037480591224211 3.1033198994256 -0.041343515456506
0.061529305729109 -3.1150125279957 0.029082532670704 -3.1304239827971 0 3.1354284063658 -0.0084971457632544 3.1310828349304 -0.014463165006679 3.1203167431141
-3.0551801990481 0.011429953962947 -3.1267146328074 0.033230173440671 -3.1354284063658 0 3.1345747936508 -0.014104732050176 3.1215486642321 -0.027812797809423
0.10741355757798 3.140908252643 0.020042271235313 -3.1045348687018 0.0084971457632544 -3.1345747936508 0 3.1349022558349 -0.011747128008519 3.1239650310799
-3.0195544095475 -0.020978015876723 -3.1269705493571 0.037480591224211 -3.1310828349304 0.014104732050176 -3.1349022558349 0 3.1369545294585 -0.0098424181587131
0.13771351213 3.111136963218 0.011294838634547 -3.1033198994256 0.014463165006679 -3.1215486642321 0.011747128008519 -3.1369545294585 0 3.1367084245681
-2.9838758521676 -0.029800924217176 -3.1284311077784 0.041343515456506 -3.1203167431141 0.027812797809423 -3.1239650310799 0.0098424181587131 -3.1367084245681 0
