0 -3.0730336404146 -0.031708450248849 -2.4568675525189 0.37029792298203 2.9801505341282 0.25803740039599 -3.0911515196132 -0.064333298732362 3.0669840658311
3.0730336404146 0 -3.1373219684044 0.046411940947196 -3.0928009692917 0.24179399165495 -2.8497825081182 0.31910628175569 -2.7700299453879 0.55647947998444
0.031708450248849 3.1373219684044 0 -3.1361036616206 -0.0062438865457139 3.0934323987774 -0.060363714769032 3.0171950288326 -0.15382924764882 2.9842108689657
2.4568675525189 -0.046411940947196 3.1361036616206 0 -3.1248165876666 -0.0058609277050685 -3.1378605376878 -0.0067370611636797 -3.1328627383633 0.017228677050295
-0.37029792298203 3.0928009692917 0.0062438865457139 3.1248165876666 0 -3.1310679954666 0.026898767001899 -3.1202534984254 0.033991292253207 -3.0994822734414
-2.9801505341282 -0.24179399165495 -3.0934323987774 0.0058609277050685 3.1310679954666 0 -3.1296303123861 0.0078722885664867 -3.1249060623393 0.018130661653564
-0.25803740039599 2.8497825081182 0.060363714769032 3.1378605376878 -0.026898767001899 3.1296303123861 0 3.137591986482 -0.00091789143342146 3.1403853189465
3.0911515196132 -0.31910628175569 -3.0171950288326 0.0067370611636797 3.1202534984254 -0.0078722885664867 -3.137591986482 0 -3.1397620587032 0.001694707485291
0.064333298732362 2.7700299453879 0.15382924764882 3.1328627383633 -0.033991292253207 3.1249060623393 0.00091789143342146 3.1397620587032 0 -3.1413059349133
-3.0669840658311 -0.55647947998444 -2.9842108689657 -0.017228677050295 3.0994822734414 -0.018130661653564 -3.1403853189465 -0.001694707485291 3.1413059349133 0
