0.027024252077698 -0.0053579027513249 0.0034098796016303 -0.0025759643007133 0.0025571892179824 -0.0025171071026649 0.0024499899678923 -0.0021731987192525 0.0018251218786908 -0.0015278264867522
-0.0053579027513249 0.012460394929141 -0.0055339621575202 0.0040798793721878 -0.0031679417586693 0.0028780615576385 -0.0024835136398338 0.0021661517044607 -0.0019225709704266 0.0017029329068726
0.0034098796016303 -0.0055339621575202 0.0080235992089094 -0.0059157355845378 0.0049448882271833 -0.0041437421802567 0.0035561693419205 -0.0030483218305522 0.0026934645524372 -0.002408830523785
-0.0025759643007133 0.0040798793721878 -0.0059157355845378 0.0067906503959034 -0.0056858498697628 0.0048333082636811 -0.004124702898071 0.0035734518401194 -0.0031501402371182 0.0028073685526
0.0025571892179824 -0.0031679417586693 0.0049448882271833 -0.0056858498697628 0.0056463142742337 -0.0050582463464617 0.0044813224072681 -0.0039488298942846 0.0035266928432068 -0.0031690628734758
-0.0025171071026649 0.0028780615576385 -0.0041437421802567 0.0048333082636811 -0.0050582463464617 0.0048824149914851 -0.004503630009476 0.0040947263429308 -0.003737700177788 0.0034130673302188
0.0024499899678923 -0.0024835136398338 0.0035561693419205 -0.004124702898071 0.0044813224072681 -0.004503630009476 0.0043370288907816 -0.0040634216370935 0.0037965418013195 -0.0035241203068038
-0.0021731987192525 0.0021661517044607 -0.0030483218305522 0.0035734518401194 -0.0039488298942846 0.0040947263429308 -0.0040634216370935 0.0039190238308727 -0.0037450756552269 0.0035357980870608
0.0018251218786908 -0.0019225709704266 0.0026934645524372 -0.0031501402371182 0.0035266928432068 -0.003737700177788 0.0037965418013195 -0.0037450756552269 0.0036522132849826 -0.0035032914217107
-0.0015278264867522 0.0017029329068726 -0.002408830523785 0.0028073685526 -0.0031690628734758 0.0034130673302188 -0.0035241203068038 0.0035357980870608 -0.0035032914217107 0.0034068507869386
