0.013970517113657 -0.0043215124295923 0.0033788078788689 -0.0024532971246719 0.0023051613415183 -0.0020348596360445 0.001795945758157 -0.0015565710634767 0.001363309385312 -0.0011985473357402
-0.0043215124295923 0.015148445451643 -0.0062612032374073 0.0049652459598652 -0.0043111725230409 0.0037116891140762 -0.0032085349772646 0.0027793888259995 -0.0024724642067074 0.0022301117010811
0.0033788078788689 -0.0062612032374073 0.013646024058442 -0.0081939059438417 0.0060363490687111 -0.0050900884605079 0.004339701658248 -0.0037939601618375 0.0033726428172392 -0.0030392493184207
-0.0024532971246719 0.0049652459598652 -0.0081939059438417 0.011397078035883 -0.0083351048309029 0.0069500043461841 -0.0059176454397666 0.005216999041858 -0.0046914337772584 0.0042638238462001
0.0023051613415183 -0.0043111725230409 0.0060363490687111 -0.0083351048309029 0.0086918140094257 -0.0075715436888758 0.0065873938795262 -0.0058618252514645 0.0052919632605416 -0.0048180573050288
-0.0020348596360445 0.0037116891140762 -0.0050900884605079 0.0069500043461841 -0.0075715436888758 0.0076159717087668 -0.0069765446379069 0.006375005973214 -0.0058471792825667 0.005383344467604
0.001795945758157 -0.0032085349772646 0.004339701658248 -0.0059176454397666 0.0065873938795262 -0.0069765446379069 0.0068079207419179 -0.0064569742209517 0.0060703432985166 -0.0056903653830929
-0.0015565710634767 0.0027793888259995 -0.0037939601618375 0.005216999041858 -0.0058618252514645 0.006375005973214 -0.0064569742209517 0.0063363717108732 -0.0061078792042188 0.0058346280237648
0.001363309385312 -0.0024724642067074 0.0033726428172392 -0.0046914337772584 0.0052919632605416 -0.0058471792825667 0.0060703432985166 -0.0061078792042188 0.0060152020931394 -0.0058466354053223
-0.0011985473357402 0.0022301117010811 -0.0030392493184207 0.0042638238462001 -0.0048180573050288 0.005383344467604 -0.0056903653830929 0.0058346280237648 -0.0058466354053223 0.0057681977397165
