0.00049497807544724 0.00041622840416213 0.00033976731875287 0.00031873415722726 0.00028738841671436 0.00025685456335485 0.00023085944177057 0.00021712032825515 0.00020587063030442 0.00019574882410074
0.00041622840416213 0.00035227515627246 0.00030106438179556 0.00027418277353293 0.00023601858295985 0.00020558165852024 0.00018771092897268 0.00018016059890685 0.00017307281552629 0.00016726913209096
0.00033976731875287 0.00030106438179556 0.00025120317295672 0.0002281951596649 0.00019478277461589 0.00017605214660658 0.00015961942957279 0.00015210908662268 0.00014579675844086 0.00014017339959479
0.00031873415722726 0.00027418277353293 0.0002281951596649 0.00021906003191653 0.0001837000656887 0.00016515354922736 0.00014766565384412 0.00013940750862406 0.00013297270520059 0.00012881251916594
0.00028738841671436 0.00023601858295985 0.00019478277461589 0.0001837000656887 0.00016201660030421 0.00014167762522826 0.00012597742695127 0.00011985174856337 0.00011460143795397 0.00011063642053206
0.00025685456335485 0.00020558165852024 0.00017605214660658 0.00016515354922736 0.00014167762522826 0.00012657732804755 0.00011389663527624 0.00010718495284061 0.00010208240866388 9.7923026116287e-05
0.00023085944177057 0.00018771092897268 0.00015961942957279 0.00014766565384412 0.00012597742695127 0.00011389663527624 0.00010629188649902 0.00010296164526854 9.94812794825e-05 9.5869939582672e-05
0.00021712032825515 0.00018016059890685 0.00015210908662268 0.00013940750862406 0.00011985174856337 0.00010718495284061 0.00010296164526854 0.0001006235656128 9.8054111857358e-05 9.4798925892277e-05
0.00020587063030442 0.00017307281552629 0.00014579675844086 0.00013297270520059 0.00011460143795397 0.00010208240866388 9.94812794825e-05 9.8054111857358e-05 9.6032230243388e-05 9.311364256679e-05
0.00019574882410074 0.00016726913209096 0.00014017339959479 0.00012881251916594 0.00011063642053206 9.7923026116287e-05 9.5869939582672e-05 9.4798925892277e-05 9.311364256679e-05 9.0570783995715e-05
