0.012209893368714 0.0019723362527271 0.00099811100059908 0.00097336869310164 0.00072334156854722 0.00051494873003016 0.00046397609870632 0.00049339258265156 0.00052175706570682 0.00052912886375793
0.0019723362527271 0.0050037802717696 0.0018208461836408 0.0010166048991653 0.00061304323286129 0.00052694242435784 0.00057135641037707 0.0006129585882629 0.00061478538969696 0.00058718366974509
0.00099811100059908 0.0018208461836408 0.0026402591744607 0.0019438569942409 0.0014928018549982 0.0012288599230553 0.0011054224791513 0.001030589941218 0.00095132101414391 0.00086696029510261
0.00097336869310164 0.0010166048991653 0.0019438569942409 0.0023248505331473 0.0019577655666679 0.0016968917660192 0.001529143436552 0.0014464519346671 0.0013680893712277 0.0012879043217184
0.00072334156854722 0.00061304323286129 0.0014928018549982 0.0019577655666679 0.0020294011656002 0.0018530664790174 0.0016721971904089 0.0015728424858452 0.0014830720534805 0.0013956615708505
0.00051494873003016 0.00052694242435784 0.0012288599230553 0.0016968917660192 0.0018530664790174 0.0018172971151002 0.0016928988025964 0.0016234686516683 0.0015465918725855 0.0014673589121019
0.00046397609870632 0.00057135641037707 0.0011054224791513 0.001529143436552 0.0016721971904089 0.0016928988025964 0.0016575232912327 0.0016289428136321 0.0015732506398082 0.0015064552316103
0.00049339258265156 0.0006129585882629 0.001030589941218 0.0014464519346671 0.0015728424858452 0.0016234686516683 0.0016289428136321 0.0016425323737063 0.0016108795087304 0.0015576215601688
0.00052175706570682 0.00061478538969696 0.00095132101414391 0.0013680893712277 0.0014830720534805 0.0015465918725855 0.0015732506398082 0.0016108795087304 0.0016020169445378 0.0015646179766381
0.00052912886375793 0.00058718366974509 0.00086696029510261 0.0012879043217184 0.0013956615708505 0.0014673589121019 0.0015064552316103 0.0015576215601688 0.0015646179766381 0.0015421002496235
