0.00027546386273591 0.0007305109062507 0.00081968424644578 0.00074786626466437 0.00063201146469815 0.00050988791386771 0.0004322976286505 0.00038055308297752 0.00035037120011933 0.00033077924185724
0.0007305109062507 0.0002510629988362 0.0001868872381647 0.00017435824441968 0.00013680622749902 0.00012019504436773 0.00010447774299847 9.1650364938801e-05 8.3279231219475e-05 7.7727038716781e-05
0.00081968424644578 0.0001868872381647 0.00028450969043595 0.00019949486403907 0.00016335280333708 0.00012240790472161 0.00011090955035 9.7104460672838e-05 9.073469909508e-05 8.5450421365531e-05
0.00074786626466437 0.00017435824441968 0.00019949486403907 0.00025110885948924 0.00015826448909694 0.00012181860129024 0.00010004896917132 8.9378567737128e-05 8.2309251814278e-05 7.7669364526052e-05
0.00063201146469815 0.00013680622749902 0.00016335280333708 0.00015826448909694 0.00018317337381392 0.0001144961811827 9.5893826437102e-05 8.1707435427302e-05 7.3617620749233e-05 6.9090152720088e-05
0.00050988791386771 0.00012019504436773 0.00012240790472161 0.00012181860129024 0.0001144961811827 0.0001132190597081 8.9450212024313e-05 7.5613120606036e-05 6.6914266789671e-05 6.1355688048281e-05
0.0004322976286505 0.00010447774299847 0.00011090955035 0.00010004896917132 9.5893826437102e-05 8.9450212024313e-05 8.9834254830326e-05 7.4107634662902e-05 6.4392953188903e-05 5.8601355955529e-05
0.00038055308297752 9.1650364938801e-05 9.7104460672838e-05 8.9378567737128e-05 8.1707435427302e-05 7.5613120606036e-05 7.4107634662902e-05 6.7618482377063e-05 5.9722544215274e-05 5.4781778028807e-05
0.00035037120011933 8.3279231219475e-05 9.073469909508e-05 8.2309251814278e-05 7.3617620749233e-05 6.6914266789671e-05 6.4392953188903e-05 5.9722544215274e-05 5.5156922914635e-05 5.1481052020287e-05
0.00033077924185724 7.7727038716781e-05 8.5450421365531e-05 7.7669364526052e-05 6.9090152720088e-05 6.1355688048281e-05 5.8601355955529e-05 5.4781778028807e-05 5.1481052020287e-05 4.9246931256666e-05
