0 -2.8572452090352 -0.63689031362796 1.8719931012769 -1.4145359517785 1.5939855216427 -1.6328352794972 1.3937088091831 -1.8767865961672 1.1663009137129
2.8572452090352 0 2.9029188566413 -0.3637546114117 2.7890604869217 -0.33768586650566 2.87637426175 -0.19775458780664 2.9920214617359 -0.072157617109392
0.63689031362796 -2.9029188566413 0 2.983271908391 -0.12009305211649 3.0107749760185 -0.16128890553179 2.960956804609 -0.18988482224431 2.951938512653
-1.8719931012769 0.3637546114117 -2.983271908391 0 -3.0997834981213 0.054573201369345 -3.0952405060741 0.045057610407838 -3.0985937478362 0.047051388933099
1.4145359517785 -2.7890604869217 0.12009305211649 3.0997834981213 0 3.1375823365287 -0.0080946263396546 3.1353425832229 -0.0060604740339293 3.1398341953943
-1.5939855216427 0.33768586650566 -3.0107749760185 -0.054573201369345 -3.1375823365287 0 -3.1392913883341 0.0080038322898852 -3.131276278011 0.01591348066044
1.6328352794972 -2.87637426175 0.16128890553179 3.0952405060741 0.0080946263396546 3.1392913883341 0 -3.1358561581295 0.0082776722994445 -3.128108285965
-1.3937088091831 0.19775458780664 -2.960956804609 -0.045057610407838 -3.1353425832229 -0.0080038322898852 3.1358561581295 0 -3.1385834425117 0.00831905612388
1.8767865961672 -2.9920214617359 0.18988482224431 3.0985937478362 0.0060604740339293 3.131276278011 -0.0082776722994445 3.1385834425117 0 -3.1363374603636
-1.1663009137129 0.072157617109392 -2.951938512653 -0.047051388933099 -3.1398341953943 -0.01591348066044 3.128108285965 -0.00831905612388 3.1363374603636 0
