3.1415926535898 0.0052627374515553 -3.0112871370884 0.051453364379518 3.0905888413274 -0.32996271806785 2.0331398903223 -1.9516581891344 0.78477990694798 -2.5553746291002
-0.0052627374515553 3.1415926535898 0.029639390661043 -3.1279699434363 -0.002078748602516 3.12860483944 -0.022848787270655 3.1098919825823 -0.02644028966603 3.129400810957
3.0112871370884 -0.029639390661043 3.1415926535898 0.0079616446828239 -3.1411999904462 -0.0078037385785511 3.1282868428854 -0.017238371653676 3.1244350444793 -0.017411982576075
-0.051453364379518 3.1279699434363 -0.0079616446828239 3.1415926535898 -0.011621166554292 3.1263656543335 -0.017995280374301 3.123214663324 -0.016296808900076 3.1284005594321
-3.0905888413274 0.002078748602516 3.1411999904462 0.011621166554292 3.1415926535898 -0.0011910511382929 3.1408576719097 0.0018202944543932 -3.1358222089979 0.010092197420694
0.32996271806785 -3.12860483944 0.0078037385785511 -3.1263656543335 0.0011910511382929 3.1415926535898 0.00034555343784183 -3.1391501962943 0.0057203963156893 -3.1322729281423
-2.0331398903223 0.022848787270655 -3.1282868428854 0.017995280374301 -3.1408576719097 -0.00034555343784183 3.1415926535898 0.0016944600207132 -3.1372077785769 0.007301904297733
1.9516581891344 -3.1098919825823 0.017238371653676 -3.123214663324 -0.0018202944543932 3.1391501962943 -0.0016944600207132 3.1415926535898 0.0024262538493257 -3.1366294072199
-0.78477990694798 0.02644028966603 -3.1244350444793 0.016296808900076 3.1358222089979 -0.0057203963156893 3.1372077785769 -0.0024262538493257 3.1415926535898 0.0024036806752568
2.5553746291002 -3.129400810957 0.017411982576075 -3.1284005594321 -0.010092197420694 3.1322729281423 -0.007301904297733 3.1366294072199 -0.0024036806752568 3.1415926535898
