0.00034561901578967 0.00028006856138103 0.00023355207509956 0.00019322191906627 0.00016407721169272 0.00014602259733751 0.00013649098693198 0.0001301836045787 0.00012502767065637 0.00012084736106512
0.00028006856138103 0.00023944314043203 0.0001902984490849 0.00014850573829166 0.00012736251884935 0.0001166941421372 0.00011020029176082 0.00010555203675663 0.00010149976778984 9.8032850400274e-05
0.00023355207509956 0.0001902984490849 0.00015169573273324 0.00012064356262884 0.0001053639600743 9.589211424692e-05 9.014135136932e-05 8.6078928463555e-05 8.290813238782e-05 8.0280998257121e-05
0.00019322191906627 0.00014850573829166 0.00012064356262884 9.2862199942148e-05 8.4132731906578e-05 7.5555281892489e-05 7.1392750919982e-05 6.8500977426832e-05 6.6286023927712e-05 6.4474275844071e-05
0.00016407721169272 0.00012736251884935 0.0001053639600743 8.4132731906578e-05 7.5551659921218e-05 6.8189541350983e-05 6.4194731191795e-05 6.1522727688942e-05 5.9497674197277e-05 5.7813509778227e-05
0.00014602259733751 0.0001166941421372 9.589211424692e-05 7.5555281892489e-05 6.8189541350983e-05 6.1845690996571e-05 5.8379108750852e-05 5.6005619667763e-05 5.4107629552235e-05 5.2511898523755e-05
0.00013649098693198 0.00011020029176082 9.014135136932e-05 7.1392750919982e-05 6.4194731191795e-05 5.8379108750852e-05 5.5149785558066e-05 5.2940817100683e-05 5.1149798087745e-05 4.9652647363663e-05
0.0001301836045787 0.00010555203675663 8.6078928463555e-05 6.8500977426832e-05 6.1522727688942e-05 5.6005619667763e-05 5.2940817100683e-05 5.0822235880302e-05 4.9089279091436e-05 4.7669063987343e-05
0.00012502767065637 0.00010149976778984 8.290813238782e-05 6.6286023927712e-05 5.9497674197277e-05 5.4107629552235e-05 5.1149798087745e-05 4.9089279091436e-05 4.7405596032314e-05 4.6052296140017e-05
0.00012084736106512 9.8032850400274e-05 8.0280998257121e-05 6.4474275844071e-05 5.7813509778227e-05 5.2511898523755e-05 4.9652647363663e-05 4.7669063987343e-05 4.6052296140017e-05 4.4753320395835e-05
