0.0576029104757 0.017019237069367 0.0081273234470455 0.0044424539578298 0.0025478458370692 0.001793021512574 0.001765350697533 0.001973930025919 0.0021666078312954 0.0022954031713652
0.017019237069367 0.026288151305593 0.021200949201694 0.016821092788809 0.01320531052579 0.010467225584166 0.0084277092265163 0.0068880068965353 0.0056981752757692 0.0047594450623797
0.0081273234470455 0.021200949201694 0.023698073066608 0.021641715436211 0.018643354192591 0.01578441237085 0.013330412060928 0.011270741048722 0.0095518724722979 0.0081163637267596
0.0044424539578298 0.016821092788809 0.021641715436211 0.021788725038207 0.020208568679234 0.018162905161061 0.016122880194384 0.014224372704011 0.01251141745503 0.010987825050672
0.0025478458370692 0.01320531052579 0.018643354192591 0.020208568679234 0.019931366312803 0.018847686735268 0.017457102197834 0.015967128693839 0.014489276883475 0.013078355468949
0.001793021512574 0.010467225584166 0.01578441237085 0.018162905161061 0.018847686735268 0.018600703439981 0.017854537669917 0.016829990450192 0.015671554675743 0.014466609404778
0.001765350697533 0.0084277092265163 0.013330412060928 0.016122880194384 0.017457102197834 0.017854537669917 0.017657585915325 0.017068063285574 0.016238158969544 0.015271112214074
0.001973930025919 0.0068880068965353 0.011270741048722 0.014224372704011 0.015967128693839 0.016829990450192 0.017068063285574 0.016851798673152 0.016325981836095 0.015597521672557
0.0021666078312954 0.0056981752757692 0.0095518724722979 0.01251141745503 0.014489276883475 0.015671554675743 0.016238158969544 0.016325981836095 0.016065160802554 0.015558665823421
0.0022954031713652 0.0047594450623797 0.0081163637267596 0.010987825050672 0.013078355468949 0.014466609404778 0.015271112214074 0.015597521672557 0.015558665823421 0.01524939642278
