-0.0061493461995107 0.0003705579791246 -0.00042563229821871 0.00073588999418309 -0.00026800783802993 -0.00012593296134222 0.00011859799028964 -0.00011473476629427 0.00012872426363459 -0.0001269546652171
0.0003705579791246 -0.010312808923747 0.0026910133694684 -0.0017267681249536 0.00045522535635449 -6.0949448440048e-05 -2.76648895746e-05 0.00011907570760641 -0.00025439345584319 0.0003420261185851
-0.00042563229821871 0.0026910133694684 -0.0091663354427464 0.0039036329849004 -0.0019387537888746 0.0016181636263187 -0.0013638741666211 0.0010986235690703 -0.00089729017915878 0.00074556036598072
0.00073588999418309 -0.0017267681249536 0.0039036329849004 -0.0060594113709661 0.0036303646558731 -0.0025236122869122 0.0018371547125262 -0.0014274328179376 0.0011666343230448 -0.001000587282062
-0.00026800783802993 0.00045522535635449 -0.0019387537888746 0.0036303646558731 -0.0043204589718109 0.0034149431100885 -0.0027395612254873 0.0022377568727974 -0.001906328651819 0.0016530964502484
-0.00012593296134222 -6.0949448440048e-05 0.0016181636263187 -0.0025236122869122 0.0034149431100885 -0.0035701822794908 0.0031455209105198 -0.0027074973690647 0.0023653941731854 -0.0020864218055435
0.00011859799028964 -2.76648895746e-05 -0.0013638741666211 0.0018371547125262 -0.0027395612254873 0.0031455209105198 -0.0030971807285195 0.002826868294838 -0.002570808895619 0.0023434042887358
-0.00011473476629427 0.00011907570760641 0.0010986235690703 -0.0014274328179376 0.0022377568727974 -0.0027074973690647 0.002826868294838 -0.0027248768014833 0.0025664339214347 -0.0024015676318433
0.00012872426363459 -0.00025439345584319 -0.00089729017915878 0.0011666343230448 -0.001906328651819 0.0023653941731854 -0.002570808895619 0.0025664339214347 -0.0024971403586908 0.0023970817953497
-0.0001269546652171 0.0003420261185851 0.00074556036598072 -0.001000587282062 0.0016530964502484 -0.0020864218055435 0.0023434042887358 -0.0024015676318433 0.0023970817953497 -0.0023522660495919
