0.00672716589533 0.0015838911949454 0.0012308769005707 0.00067844102660741 0.00058488246245302 0.00041839672535097 0.00040473517160372 0.00030313949195498 0.00024555249685217 0.00021798821279874
0.0015838911949454 0.0062036765537822 0.0012401149745421 0.00079749782095549 0.00049589149033209 0.00048782205368249 0.00041738796718781 0.00033236638554507 0.00029428661846954 0.00026230344294622
0.0012308769005707 0.0012401149745421 0.0063227880018794 0.0020040943266064 0.0014563485446238 0.0011000457906404 0.00094635258939609 0.00074654555619518 0.00059497651529127 0.00052988057715655
0.00067844102660741 0.00079749782095549 0.0020040943266064 0.0048386989229882 0.0019246653252346 0.0013947841103403 0.0011099808633034 0.00090054266932007 0.0007019865249416 0.00059777866893546
0.00058488246245302 0.00049589149033209 0.0014563485446238 0.0019246653252346 0.0037866007319007 0.0021061098363758 0.0016034317179961 0.001307370377002 0.0011189472719143 0.00095489176206801
0.00041839672535097 0.00048782205368249 0.0011000457906404 0.0013947841103403 0.0021061098363758 0.0027812129293518 0.0019681421136838 0.001566007155302 0.0013258452968074 0.0011518448801695
0.00040473517160372 0.00041738796718781 0.00094635258939609 0.0011099808633034 0.0016034317179961 0.0019681421136838 0.0021416058980095 0.0017490582165071 0.0015109648017145 0.0013365987743705
0.00030313949195498 0.00033236638554507 0.00074654555619518 0.00090054266932007 0.001307370377002 0.001566007155302 0.0017490582165071 0.0017730335260206 0.0015943543265483 0.0014414518605262
0.00024555249685217 0.00029428661846954 0.00059497651529127 0.0007019865249416 0.0011189472719143 0.0013258452968074 0.0015109648017145 0.0015943543265483 0.001579563117781 0.0014683389125096
0.00021798821279874 0.00026230344294622 0.00052988057715655 0.00059777866893546 0.00095489176206801 0.0011518448801695 0.0013365987743705 0.0014414518605262 0.0014683389125096 0.0014383896318095
