0.018237423167387 0.0022377766838443 0.0026928792330905 0.0018216727077897 0.0018391211551139 0.0018785069613507 0.0018670618052093 0.001805317216423 0.0016928375966633 0.0015809598012889
0.0022377766838443 0.0065685375759261 0.0033599759523159 0.0027233602273257 0.0023031353496349 0.0019633302023938 0.001700369169292 0.0015489754160325 0.0013914294172616 0.0012676077543665
0.0026928792330905 0.0033599759523159 0.0048113298406761 0.0037284597004992 0.003191038995841 0.0027299673858964 0.0023478941621784 0.0021091436179489 0.0019044128257729 0.001734821160678
0.0018216727077897 0.0027233602273257 0.0037284597004992 0.0039516059027122 0.003489392246875 0.0031036747669445 0.002753214744894 0.0025146451589011 0.0023034864303998 0.0021215177807729
0.0018391211551139 0.0023031353496349 0.003191038995841 0.003489392246875 0.0034053742643351 0.0031195791369903 0.0028182173488461 0.0025995370464741 0.0024031371260281 0.0022296260677723
0.0018785069613507 0.0019633302023938 0.0027299673858964 0.0031036747669445 0.0031195791369903 0.0030079469608374 0.0027891416274183 0.002617090260122 0.0024547088200061 0.0023017065611313
0.0018670618052093 0.001700369169292 0.0023478941621784 0.002753214744894 0.0028182173488461 0.0027891416274183 0.0026595841193807 0.0025383348226183 0.0024130899312131 0.0022863522632427
0.001805317216423 0.0015489754160325 0.0021091436179489 0.0025146451589011 0.0025995370464741 0.002617090260122 0.0025383348226183 0.0024606111194557 0.0023669837733824 0.0022637917150761
0.0016928375966633 0.0013914294172616 0.0019044128257729 0.0023034864303998 0.0024031371260281 0.0024547088200061 0.0024130899312131 0.0023669837733824 0.002305336654546 0.0022265863360779
0.0015809598012889 0.0012676077543665 0.001734821160678 0.0021215177807729 0.0022296260677723 0.0023017065611313 0.0022863522632427 0.0022637917150761 0.0022265863360779 0.0021698241001433
