0.0010586993613409 0.0024498178905551 0.0021785785370667 0.0017287210095764 0.0015515544911563 0.0013711873212871 0.0012460409169316 0.0011422840361929 0.0010592629189461 0.00098849592708326
0.0024498178905551 0.01416605686856 0.0044985353511019 0.0027690747368606 0.0017214052257461 0.0010203842703012 0.00068082525834505 0.0004211908460744 0.00026231693478452 0.00017402997373753
0.0021785785370667 0.0044985353511019 0.013635910265224 0.0072826202389442 0.0051144763681336 0.0038313843742111 0.0030336386947861 0.0024860441850777 0.0021162653897647 0.0018288640140739
0.0017287210095764 0.0027690747368606 0.0072826202389442 0.010574988131652 0.0080842007166725 0.006328889961979 0.0051634938414465 0.0042706986227803 0.0036019046802174 0.0030909122066009
0.0015515544911563 0.0017214052257461 0.0051144763681336 0.0080842007166725 0.0090096364012204 0.0079282804797878 0.0068384896198345 0.0059124689912271 0.0051394934692142 0.0045108360823112
0.0013711873212871 0.0010203842703012 0.0038313843742111 0.006328889961979 0.0079282804797878 0.0080009694864754 0.0073823718981922 0.0066702046654298 0.0059891348409951 0.0053870594119536
0.0012460409169316 0.00068082525834505 0.0030336386947861 0.0051634938414465 0.0068384896198345 0.0073823718981922 0.0072967575528431 0.006904234186446 0.0064201001780069 0.0059376893672681
0.0011422840361929 0.0004211908460744 0.0024860441850777 0.0042706986227803 0.0059124689912271 0.0066702046654298 0.006904234186446 0.0068160022155932 0.0065511245078871 0.0062194823112909
0.0010592629189461 0.00026231693478452 0.0021162653897647 0.0036019046802174 0.0051394934692142 0.0059891348409951 0.0064201001780069 0.0065511245078871 0.0064835523298631 0.0063038255115394
0.00098849592708326 0.00017402997373753 0.0018288640140739 0.0030909122066009 0.0045108360823112 0.0053870594119536 0.0059376893672681 0.0062194823112909 0.0063038255115394 0.006257096918392
