0.013243163810115 -0.0013807320456022 0.0010115147675005 -0.00050585817059536 0.00036982956912957 -0.00030886495845571 0.00024304657004919 -0.00020356913491882 0.0001748173338496 -0.00015654019781025
-0.0013807320456022 0.0078469485436768 -0.0024238335696672 0.0015219781999684 -0.0011061108589032 0.00088918048108252 -0.00072262441938028 0.00059482568817788 -0.00049982784153763 0.0004300764714851
0.0010115147675005 -0.0024238335696672 0.0048364954389477 -0.0026957516669489 0.0020413131145202 -0.0016102599873394 0.001324304621772 -0.0011210183122583 0.00096172424290559 -0.00083680358630435
-0.00050585817059536 0.0015219781999684 -0.0026957516669489 0.0032608278889873 -0.0025171868481759 0.0020556044433425 -0.0017283958817407 0.0014919178445537 -0.0013074175134322 0.0011608413552797
0.00036982956912957 -0.0011061108589032 0.0020413131145202 -0.0025171868481759 0.002597156080295 -0.0022524216920698 0.0019674069708672 -0.0017378219295107 0.0015491321615759 -0.0013954462004476
-0.00030886495845571 0.00088918048108252 -0.0016102599873394 0.0020556044433425 -0.0022524216920698 0.0021673462852318 -0.0019801069558564 0.0018007328854465 -0.0016397877718215 0.0015018251699667
0.00024304657004919 -0.00072262441938028 0.001324304621772 -0.0017283958817407 0.0019674069708672 -0.0019801069558564 0.001907725444399 -0.0017887991846279 0.0016664171207301 -0.0015524721774152
-0.00020356913491882 0.00059482568817788 -0.0011210183122583 0.0014919178445537 -0.0017378219295107 0.0018007328854465 -0.0017887991846279 0.001726887413122 -0.0016431368814138 0.0015559234113385
0.0001748173338496 -0.00049982784153763 0.00096172424290559 -0.0013074175134322 0.0015491321615759 -0.0016397877718215 0.0016664171207301 -0.0016431368814138 0.0015935468936988 -0.0015316007629661
-0.00015654019781025 0.0004300764714851 -0.00083680358630435 0.0011608413552797 -0.0013954462004476 0.0015018251699667 -0.0015524721774152 0.0015559234113385 -0.0015316007629661 0.0014910783989978
