0.024573211877165 -0.010369259752425 0.0075650925605648 -0.006563161282423 0.0056224541604348 -0.0046356991974995 0.0039024533405572 -0.0033814280545112 0.0030074534080118 -0.0026908456740655
-0.010369259752425 0.01580296699178 -0.0069451569464837 0.005801975014457 -0.0049753027993172 0.0040746290202159 -0.0034410174186416 0.0029935707469249 -0.0026434664213703 0.0023524059575847
0.0075650925605648 -0.0069451569464837 0.012730359266619 -0.0068921202652197 0.0054095195948544 -0.0043526509451927 0.0037210749557949 -0.0032424386294415 0.0028848446888058 -0.0025756393277466
-0.006563161282423 0.005801975014457 -0.0068921202652197 0.0099092215194742 -0.0067264867339876 0.0053058143500675 -0.0044765646825058 0.0038570247406011 -0.0034135785556071 0.0030521261579828
0.0056224541604348 -0.0049753027993172 0.0054095195948544 -0.0067264867339876 0.007850206997843 -0.0060943222725343 0.0051150937597903 -0.0044069586872102 0.0038730048770446 -0.0034476589698895
-0.0046356991974995 0.0040746290202159 -0.0043526509451927 0.0053058143500675 -0.0060943222725343 0.0061167556228181 -0.0053281066638012 0.0046871098073479 -0.0041834831109178 0.0037617349988255
0.0039024533405572 -0.0034410174186416 0.0037210749557949 -0.0044765646825058 0.0051150937597903 -0.0053281066638012 0.0052212937027366 -0.0048040327156982 0.0043948122966491 -0.0040215099599677
-0.0033814280545112 0.0029935707469249 -0.0032424386294415 0.0038570247406011 -0.0044069586872102 0.0046871098073479 -0.0048040327156982 0.0046699647164181 -0.0044138859537143 0.0041310335628576
0.0030074534080118 -0.0026434664213703 0.0028848446888058 -0.0034135785556071 0.0038730048770446 -0.0041834831109178 0.0043948122966491 -0.0044138859537143 0.0043030038854946 -0.0041203363849342
-0.0026908456740655 0.0023524059575847 -0.0025756393277466 0.0030521261579828 -0.0034476589698895 0.0037617349988255 -0.0040215099599677 0.0041310335628576 -0.0041203363849342 0.004024262011486
