0.10139511706632 0.00046035302398897 -0.00034484624255535 0.00025851625435017 -0.00021592554727767 0.00018273501741365 -0.00016415578659749 0.00014868252076314 -0.00013726268264529 0.00012708710584939
0.00046035302398897 0.0086290150122687 -0.0011469452443812 0.0004954702058615 -0.00027656362246382 0.00015388553985093 -0.0001327520937768 0.00010428414804796 -7.9984393294246e-05 6.215905158038e-05
-0.00034484624255535 -0.0011469452443812 0.0087078490858263 -0.002527940865383 0.001346934751154 -0.00093471172572124 0.00073363843499909 -0.00057733406014337 0.00047679912562255 -0.0004124865363849
0.00025851625435017 0.0004954702058615 -0.002527940865383 0.0071143410062829 -0.0036782249943899 0.0025344537582774 -0.0019297231882284 0.0014944365842737 -0.0012118827282309 0.0010139744472375
-0.00021592554727767 -0.00027656362246382 0.001346934751154 -0.0036782249943899 0.0048697710563394 -0.0034844112844741 0.0027031928755351 -0.0021636066748489 0.0017988949157116 -0.0015341792650131
0.00018273501741365 0.00015388553985093 -0.00093471172572124 0.0025344537582774 -0.0034844112844741 0.0037880536557732 -0.0031380777871977 0.0026374150070883 -0.002263845160118 0.0019741674049788
-0.00016415578659749 -0.0001327520937768 0.00073363843499909 -0.0019297231882284 0.0027031928755351 -0.0031380777871977 0.0030745053360226 -0.0027549392587588 0.0024678922769056 -0.0022161792907558
0.00014868252076314 0.00010428414804796 -0.00057733406014337 0.0014944365842737 -0.0021636066748489 0.0026374150070883 -0.0027549392587588 0.0026592530263219 -0.0024840010809441 0.0022959116364159
-0.00013726268264529 -7.9984393294246e-05 0.00047679912562255 -0.0012118827282309 0.0017988949157116 -0.002263845160118 0.0024678922769056 -0.0024840010809441 0.0024115724525277 -0.002288458522254
0.00012708710584939 6.215905158038e-05 -0.0004124865363849 0.0010139744472375 -0.0015341792650131 0.0019741674049788 -0.0022161792907558 0.0022959116364159 -0.002288458522254 0.0022231609171617
