0.00067230650065669 0.00050080276637097 0.00043699823640173 0.00039156698018511 0.00036408934217302 0.00034095806186401 0.00033297773313075 0.00032618030066778 0.00032007329094067 0.00031448966451853
0.00050080276637097 0.00036362761387477 0.00031403490506919 0.00027766285216666 0.00025172299882052 0.00023430979930359 0.00022760811711628 0.00022167661884423 0.0002171612729331 0.00021379095878168
0.00043699823640173 0.00031403490506919 0.0002857418034843 0.00024898401747906 0.00022671227967918 0.00021191894813179 0.00020579909862666 0.00020139760978704 0.00019827312357162 0.00019561886007262
0.00039156698018511 0.00027766285216666 0.00024898401747906 0.00022670279176717 0.00021056083598845 0.00019659215059896 0.00019224429589658 0.00018926252972118 0.0001865155346616 0.00018392712332133
0.00036408934217302 0.00025172299882052 0.00022671227967918 0.00021056083598845 0.00019865471798946 0.00018742390105478 0.00018407353270979 0.00018175529132038 0.00017943018591449 0.00017712262307298
0.00034095806186401 0.00023430979930359 0.00021191894813179 0.00019659215059896 0.00018742390105478 0.00017679607042185 0.00017376125164522 0.00017166376227061 0.00016956258346257 0.00016740815403293
0.00033297773313075 0.00022760811711628 0.00020579909862666 0.00019224429589658 0.00018407353270979 0.00017376125164522 0.00017067450306635 0.00016869224924548 0.00016682939891926 0.00016493755383186
0.00032618030066778 0.00022167661884423 0.00020139760978704 0.00018926252972118 0.00018175529132038 0.00017166376227061 0.00016869224924548 0.00016675508983273 0.00016502199652689 0.0001632781695238
0.00032007329094067 0.0002171612729331 0.00019827312357162 0.0001865155346616 0.00017943018591449 0.00016956258346257 0.00016682939891926 0.00016502199652689 0.00016345896087541 0.00016190082992461
0.00031448966451853 0.00021379095878168 0.00019561886007262 0.00018392712332133 0.00017712262307298 0.00016740815403293 0.00016493755383186 0.0001632781695238 0.00016190082992461 0.00016054891024702
