0.026028222597682 0.007129279177754 0.0041878192855667 0.0030540092223751 0.0024763361886462 0.0021795891293564 0.0019056915004252 0.0016801950934815 0.0014622353212102 0.0012655064792502
0.007129279177754 0.01299277247617 0.0062077195769501 0.0045826115405628 0.0033953243443418 0.0027490391873618 0.0022898358349741 0.0019522666693669 0.0016971190844381 0.0014887971164236
0.0041878192855667 0.0062077195769501 0.0087999564859368 0.0062235841318455 0.004772330193419 0.0038361742491043 0.0031783073292313 0.0026905706505986 0.0023186231848935 0.0020259935260178
0.0030540092223751 0.0045826115405628 0.0062235841318455 0.0068600953597162 0.0056599890404995 0.0047301469168272 0.0040015998031569 0.003442276821801 0.0029988451049205 0.0026401806243411
0.0024763361886462 0.0033953243443418 0.004772330193419 0.0056599890404995 0.0055665988073084 0.0049852305190079 0.0044061993166603 0.0038978350388874 0.0034674825403652 0.0031021881613744
0.0021795891293564 0.0027490391873618 0.0038361742491043 0.0047301469168272 0.0049852305190079 0.0048580344617521 0.0045097963061402 0.0041283990444284 0.0037660397559539 0.0034369777972737
0.0019056915004252 0.0022898358349741 0.0031783073292313 0.0040015998031569 0.0044061993166603 0.0045097963061402 0.0043919609442519 0.0041545218538981 0.0038840422018712 0.0036139179697817
0.0016801950934815 0.0019522666693669 0.0026905706505986 0.003442276821801 0.0038978350388874 0.0041283990444284 0.0041545218538981 0.0040502554096496 0.003876379492391 0.0036750812315339
0.0014622353212102 0.0016971190844381 0.0023186231848935 0.0029988451049205 0.0034674825403652 0.0037660397559539 0.0038840422018712 0.003876379492391 0.0037883859528886 0.0036547300291695
0.0012655064792502 0.0014887971164236 0.0020259935260178 0.0026401806243411 0.0031021881613744 0.0034369777972737 0.0036139179697817 0.0036750812315339 0.0036547300291695 0.0035815498482911
