0.00044700213949121 0.0010364640461416 0.00080072472610381 0.00059720741071096 0.00055058821147621 0.00055254156156356 0.00049710776614275 0.00044240398262224 0.00040231703197196 0.00036901653667443 0.00034045252234154 0.00031709203848551 0.00029713034449252 0.00028056003496983 0.00026687203272365 0.00025431684947068 0.00024586492688153 0.00023855841352627 0.00023924720273792 0.00022345264047269
0.0010364640461416 0.0082832987150974 0.0019422628945368 0.00096752180093918 0.0007007621425123 0.00068792606481069 0.00056156892063149 0.00045315245268882 0.00039446865580647 0.00035732964612652 0.00031810098971923 0.00028065015102489 0.00024906329929294 0.00022328846709722 0.00020272716920496 0.00015337800220375 0.00016380696454414 0.0001537888186998 0.00013262552484997 0.0001175192707906
0.00080072472610381 0.0019422628945368 0.0082980482279384 0.0029470349053639 0.0020871983461528 0.0016757764140931 0.0014374524791626 0.0012092645445774 0.0010568129403924 0.00092809563947619 0.00082312855556184 0.0007406695407371 0.00067518655670725 0.00062283643323161 0.00057944019866196 0.0005407753971403 0.00051407652288922 0.00049223314092894 0.00048651904813585 0.00044787422879522
0.00059720741071096 0.00096752180093918 0.0029470349053639 0.0069225731108726 0.0036794490537896 0.0026751046439979 0.0021433993085662 0.0017577340141727 0.0014912534943525 0.0012950338240085 0.0011313616280403 0.0010037563943194 0.00089974632476964 0.00081569663020576 0.00074660223616895 0.00069275360940268 0.00063642754176967 0.00059371186303652 0.00060511931767034 0.00052951862614855
0.00055058821147621 0.0007007621425123 0.0020871983461528 0.0036794490537896 0.0056360707675674 0.0041628373905749 0.0033302982656323 0.0027195289970898 0.0022807763279324 0.0019535846667921 0.0016973198851322 0.0014910602718682 0.0013251646094795 0.0011910710876027 0.0010801506205061 0.00098933354520698 0.00090623203042025 0.00083205204114932 0.00081412200306083 0.00073379902877
0.00055254156156356 0.00068792606481069 0.0016757764140931 0.0026751046439979 0.0041628373905749 0.0046965557855585 0.0039819250562967 0.0033876840496794 0.0029448629720794 0.0025911515879058 0.0023017393841026 0.0020662030863879 0.0018710538514261 0.0017087664811084 0.0015725948740772 0.0014589810723179 0.0013555046919611 0.0012630545307398 0.0012376368930474 0.0011284079192498
0.00049710776614275 0.00056156892063149 0.0014374524791626 0.0021433993085662 0.0033302982656323 0.0039819250562967 0.004025723319334 0.0036305936711665 0.0032639902534304 0.0029470674981134 0.0026724189175176 0.0024394990026659 0.0022396173970701 0.0020678860256784 0.0019203185983041 0.0017951437554392 0.0016778430522017 0.0015749335649641 0.0015151142728207 0.0014138366068845
0.00044240398262224 0.00045315245268882 0.0012092645445774 0.0017577340141727 0.0027195289970898 0.0033876840496794 0.0036305936711665 0.0035786176507152 0.0033517672468812 0.0031126086329579 0.002882960070444 0.002675746655223 0.0024892906152785 0.0023231918133181 0.0021761053080719 0.0020452321842977 0.0019262475518433 0.0018190276556434 0.0017463639912291 0.0016432318615466
0.00040231703197196 0.00039446865580647 0.0010568129403924 0.0014912534943525 0.0022807763279324 0.0029448629720794 0.0032639902534304 0.0033517672468812 0.003289968983463 0.0031440065220876 0.0029755109098949 0.0028093488079984 0.0026497859727463 0.0025005953709043 0.0023640929642497 0.0022372609997154 0.0021230767260559 0.0020171190073714 0.0019343651279688 0.0018371315009226
0.00036901653667443 0.00035732964612652 0.00092809563947619 0.0012950338240085 0.0019535846667921 0.0025911515879058 0.0029470674981134 0.0031126086329579 0.0031440065220876 0.0030913670643108 0.0029873657143759 0.002867536208091 0.0027411325504854 0.0026154188423148 0.0024953182845138 0.0023800447629367 0.0022731593524994 0.0021722879002491 0.0020874766228268 0.0019955071865184
0.00034045252234154 0.00031810098971923 0.00082312855556184 0.0011313616280403 0.0016973198851322 0.0023017393841026 0.0026724189175176 0.002882960070444 0.0029755109098949 0.0029873657143759 0.0029445355183486 0.002871412495549 0.0027803193852987 0.0026812034147178 0.0025809874917595 0.002481650458389 0.0023847248513957 0.0022920868273358 0.0022089494504305 0.0021243412438565
0.00031709203848551 0.00028065015102489 0.0007406695407371 0.0010037563943194 0.0014910602718682 0.0020662030863879 0.0024394990026659 0.002675746655223 0.0028093488079984 0.002867536208091 0.002871412495549 0.002840784195965 0.0027836728140839 0.0027114375334892 0.0026322328641877 0.0025505868153223 0.0024652496487486 0.0023825939301329 0.0023035094618666 0.002227529146854
0.00029713034449252 0.00024906329929294 0.00067518655670725 0.00089974632476964 0.0013251646094795 0.0018710538514261 0.0022396173970701 0.0024892906152785 0.0026497859727463 0.0027411325504854 0.0027803193852987 0.0027836728140839 0.0027565972701475 0.002709389103889 0.0026506482272462 0.0025866348576269 0.0025137073228407 0.0024417876124029 0.00236884594659 0.0023018473336498
0.00028056003496983 0.00022328846709722 0.00062283643323161 0.00081569663020576 0.0011910710876027 0.0017087664811084 0.0020678860256784 0.0023231918133181 0.0025005953709043 0.0026154188423148 0.0026812034147178 0.0027114375334892 0.002709389103889 0.0026844407952499 0.0026446727099586 0.0025975393554614 0.0025369148399036 0.0024760060156143 0.0024100803363888 0.0023522511340835
0.00026687203272365 0.00020272716920496 0.00057944019866196 0.00074660223616895 0.0010801506205061 0.0015725948740772 0.0019203185983041 0.0021761053080719 0.0023640929642497 0.0024953182845138 0.0025809874917595 0.0026322328641877 0.0026506482272462 0.0026446727099586 0.0026223435340156 0.002590235566423 0.0025413168325225 0.0024912101410058 0.0024326421235089 0.0023838361279966
0.00025431684947068 0.00015337800220375 0.0005407753971403 0.00069275360940268 0.00098933354520698 0.0014589810723179 0.0017951437554392 0.0020452321842977 0.0022372609997154 0.0023800447629367 0.002481650458389 0.0025505868153223 0.0025866348576269 0.0025975393554614 0.002590235566423 0.0026255282117755 0.0025357793835663 0.0024963382617256 0.0024456632477407 0.0024055998300006
0.00024586492688153 0.00016380696454414 0.00051407652288922 0.00063642754176967 0.00090623203042025 0.0013555046919611 0.0016778430522017 0.0019262475518433 0.0021230767260559 0.0022731593524994 0.0023847248513957 0.0024652496487486 0.0025137073228407 0.0025369148399036 0.0025413168325225 0.0025357793835663 0.0025080794211192 0.002477500428905 0.002433805478166 0.0024014540610085
0.00023855841352627 0.0001537888186998 0.00049223314092894 0.00059371186303652 0.00083205204114932 0.0012630545307398 0.0015749335649641 0.0018190276556434 0.0020171190073714 0.0021722879002491 0.0022920868273358 0.0023825939301329 0.0024417876124029 0.0024760060156143 0.0024912101410058 0.0024963382617256 0.002477500428905 0.0024637218799321 0.0024197105282307 0.0023948941686738
0.00023924720273792 0.00013262552484997 0.00048651904813585 0.00060511931767034 0.00081412200306083 0.0012376368930474 0.0015151142728207 0.0017463639912291 0.0019343651279688 0.0020874766228268 0.0022089494504305 0.0023035094618666 0.00236884594659 0.0024100803363888 0.0024326421235089 0.0024456632477407 0.002433805478166 0.0024197105282307 0.0024919286350045 0.0023707985307572
0.00022345264047269 0.0001175192707906 0.00044787422879522 0.00052951862614855 0.00073379902877 0.0011284079192498 0.0014138366068845 0.0016432318615466 0.0018371315009226 0.0019955071865184 0.0021243412438565 0.002227529146854 0.0023018473336498 0.0023522511340835 0.0023838361279966 0.0024055998300006 0.0024014540610085 0.0023948941686738 0.0023707985307572 0.0023585822713784
