0.00091389170050525 0.00070513672475056 0.00059750476571694 0.00050583206439229 0.00044568860825001 0.00041141575971943 0.0003895699117756 0.00037111079647995 0.00035494133100239 0.00034107953700833
0.00070513672475056 0.00047702066874947 0.00042006444313435 0.00035068819549474 0.0003051522085062 0.00028025741538344 0.00026371240931933 0.00025036031324843 0.00023893901299116 0.00022927188240539
0.00059750476571694 0.00042006444313435 0.00035595916807495 0.00030255239542024 0.0002679454616476 0.00024559807471721 0.00023099849334266 0.0002198037023449 0.00021055867758516 0.00020287101440269
0.00050583206439229 0.00035068819549474 0.00030255239542024 0.00025686887985295 0.00022593159896334 0.00020953751699359 0.00020038914054864 0.00019303027745131 0.0001866660423063 0.00018109369887195
0.00044568860825001 0.0003051522085062 0.0002679454616476 0.00022593159896334 0.00019890145386161 0.00018588261480436 0.00017826093377939 0.00017217380247428 0.00016709468255804 0.00016257920947254
0.00041141575971943 0.00028025741538344 0.00024559807471721 0.00020953751699359 0.00018588261480436 0.00017453363257825 0.00016765760675068 0.00016215575634938 0.00015753450419485 0.00015339620539479
0.0003895699117756 0.00026371240931933 0.00023099849334266 0.00020038914054864 0.00017826093377939 0.00016765760675068 0.00016086094129701 0.00015543864277434 0.0001510165334418 0.00014713311077586
0.00037111079647995 0.00025036031324843 0.0002198037023449 0.00019303027745131 0.00017217380247428 0.00016215575634938 0.00015543864277434 0.00015003579415718 0.00014575180166715 0.00014208045549468
0.00035494133100239 0.00023893901299116 0.00021055867758516 0.0001866660423063 0.00016709468255804 0.00015753450419485 0.0001510165334418 0.00014575180166715 0.00014166719459598 0.00013824144082969
0.00034107953700833 0.00022927188240539 0.00020287101440269 0.00018109369887195 0.00016257920947254 0.00015339620539479 0.00014713311077586 0.00014208045549468 0.00013824144082969 0.00013507741066513
