0.0004453063602377 0.00030912987529109 0.00025946639564442 0.00020593736881008 0.00018419579395422 0.00016939312447608 0.00015904544047305 0.00015222302724663 0.00014732055058993 0.00014329050629488
0.00030912987529109 0.00023852725540378 0.00019401102128761 0.00015303145329558 0.00013690593454099 0.00012362641735892 0.00011522494448088 0.00011033352652592 0.00010671447592656 0.00010398529102643
0.00025946639564442 0.00019401102128761 0.0001535375695063 0.00012415223025456 0.00011114269135122 0.00010199723396765 9.570665584169e-05 9.1704580726804e-05 8.8737320800398e-05 8.6389344094638e-05
0.00020593736881008 0.00015303145329558 0.00012415223025456 0.00010057910700011 8.9295115438504e-05 8.1077272656764e-05 7.6268860863385e-05 7.3504064840911e-05 7.1420278879446e-05 6.9724248473776e-05
0.00018419579395422 0.00013690593454099 0.00011114269135122 8.9295115438504e-05 7.9777671312659e-05 7.3439109709498e-05 6.9450666140116e-05 6.7247705086722e-05 6.5653084135941e-05 6.4313308837097e-05
0.00016939312447608 0.00012362641735892 0.00010199723396765 8.1077272656764e-05 7.3439109709498e-05 6.8505839900333e-05 6.5154089188484e-05 6.3281993636954e-05 6.1939926083716e-05 6.0807313289831e-05
0.00015904544047305 0.00011522494448088 9.570665584169e-05 7.6268860863385e-05 6.9450666140116e-05 6.5154089188484e-05 6.2088184739544e-05 6.034150891311e-05 5.9076213169759e-05 5.8009516339052e-05
0.00015222302724663 0.00011033352652592 9.1704580726804e-05 7.3504064840911e-05 6.7247705086722e-05 6.3281993636954e-05 6.034150891311e-05 5.8650329827153e-05 5.7422472882943e-05 5.6395722421801e-05
0.00014732055058993 0.00010671447592656 8.8737320800398e-05 7.1420278879446e-05 6.5653084135941e-05 6.1939926083716e-05 5.9076213169759e-05 5.7422472882943e-05 5.6249633810456e-05 5.5282097230451e-05
0.00014329050629488 0.00010398529102643 8.6389344094638e-05 6.9724248473776e-05 6.4313308837097e-05 6.0807313289831e-05 5.8009516339052e-05 5.6395722421801e-05 5.5282097230451e-05 5.4378097334318e-05
