3.1415926535898 -0.43863725888367 -3.1212148198624 -0.65537256508161 2.8346235859643 -1.0893667150984 1.3587017962984 -2.3128538934021 0.45278835196318 -2.8469097673855
0.43863725888367 3.1415926535898 -0.078843187247165 -2.9696353703463 0.063922651035498 -3.1361895594072 -0.023716976465529 3.06344828816 -0.099376121495837 3.0215105405492
3.1212148198624 0.078843187247165 3.1415926535898 0.055879922231181 -3.0956735810845 0.052994435231307 -3.0912048767423 0.05427392974246 -3.0934138564724 0.043432754007679
0.65537256508161 2.9696353703463 -0.055879922231181 3.1415926535898 -0.0095413474833909 3.1297539412767 -0.032756711238117 3.0826409559737 -0.080430125342788 3.0436770732511
-2.8346235859643 -0.063922651035498 3.0956735810845 0.0095413474833909 3.1415926535898 -0.0094711125794246 3.1253061488902 -0.026447348199711 3.1106823098309 -0.035362159339032
1.0893667150984 3.1361895594072 -0.052994435231307 -3.1297539412767 0.0094711125794246 3.1415926535898 -0.0069126468475754 3.1257847140616 -0.019022922474576 3.1200232339553
-1.3587017962984 0.023716976465529 3.0912048767423 0.032756711238117 -3.1253061488902 0.0069126468475754 3.1415926535898 -0.0064298595709967 3.1335692510024 -0.0093237847915938
2.3128538934021 -3.06344828816 -0.05427392974246 -3.0826409559737 0.026447348199711 -3.1257847140616 0.0064298595709967 3.1415926535898 -0.0013740672055744 3.1390973213714
-0.45278835196318 0.099376121495837 3.0934138564724 0.080430125342788 -3.1106823098309 0.019022922474576 -3.1335692510024 0.0013740672055744 3.1415926535898 -0.00096224073558906
2.8469097673855 -3.0215105405492 -0.043432754007679 -3.0436770732511 0.035362159339032 -3.1200232339553 0.0093237847915938 -3.1390973213714 0.00096224073558906 3.1415926535898
