0 3.0142690283886 -0.22272694475898 3.0361649693062 -0.096006749219426 3.062435915815 -0.085959591641653 3.0663994538374 -0.074573242917745 3.0504716442192
-3.0142690283886 0 -3.0799276803314 0.098565188491639 -3.0034160401878 0.16295603361155 -2.9348202623324 0.22738104498445 -2.9148946641671 0.22638037961876
0.22272694475898 3.0799276803314 0 3.1380151770088 0.0029376680068441 -3.140110711619 0.0024726258267323 -3.1386163575007 -0.0026945078504802 3.1336890521477
-3.0361649693062 -0.098565188491639 -3.1380151770088 0 -3.1294777474088 0.0074357852180226 -3.1363009839288 0.005372472994261 -3.139521901646 0.0015459628928341
0.096006749219426 3.0034160401878 -0.0029376680068441 3.1294777474088 0 3.1344822831906 -0.010490783736719 3.1312458231353 -0.013486407443214 3.1272446237912
-3.062435915815 -0.16295603361155 3.140110711619 -0.0074357852180226 -3.1344822831906 0 3.138572436642 -0.00034820897621981 3.1411316304468 0.00078019576846097
0.085959591641653 2.9348202623324 -0.0024726258267323 3.1363009839288 0.010490783736719 -3.138572436642 0 -3.1375124443478 0.0056627826978028 -3.1337391297726
-3.0663994538374 -0.22738104498445 3.1386163575007 -0.005372472994261 -3.1312458231353 0.00034820897621981 3.1375124443478 0 -3.1396020516033 0.004318926649661
0.074573242917745 2.9148946641671 0.0026945078504802 3.139521901646 0.013486407443214 -3.1411316304468 -0.0056627826978028 3.1396020516033 0 -3.1394232482506
-3.0504716442192 -0.22638037961876 -3.1336890521477 -0.0015459628928341 -3.1272446237912 -0.00078019576846097 3.1337391297726 -0.004318926649661 3.1394232482506 0
