0.0013823604889071 0.0011442266730567 0.00099516442261359 0.00082436276435881 0.00073009111556037 0.00061447336626722 0.00057364797928289 0.0005352417999276 0.00051910156523528 0.00049541723714145
0.0011442266730567 0.00078448648852521 0.00084164192498969 0.00065195124925412 0.00060898527166289 0.00051433433524009 0.00046023265072964 0.00041760297754856 0.00040103663439182 0.00038149635222674
0.00099516442261359 0.00084164192498969 0.00070620744636287 0.00062602201197696 0.00051958914085208 0.00043944073327992 0.00041757443199938 0.00040195935247676 0.00039566661985432 0.00037412495952246
0.00082436276435881 0.00065195124925412 0.00062602201197696 0.00039447160024659 0.00037797221473665 0.0003252865155442 0.0003072347905431 0.00029533914895341 0.00028318482070555 0.00026672379614918
0.00073009111556037 0.00060898527166289 0.00051958914085208 0.00037797221473665 0.00038054161788867 0.00029906913233171 0.0002747379997915 0.00024043143243038 0.000232138405772 0.00022037281021146
0.00061447336626722 0.00051433433524009 0.00043944073327992 0.0003252865155442 0.00029906913233171 0.00022806882922548 0.00021852662386297 0.00020653821276843 0.00020125287922165 0.00019527665422153
0.00057364797928289 0.00046023265072964 0.00041757443199938 0.0003072347905431 0.0002747379997915 0.00021852662386297 0.00019837983519425 0.00019635830148678 0.00019109887659704 0.00018322918329572
0.0005352417999276 0.00041760297754856 0.00040195935247676 0.00029533914895341 0.00024043143243038 0.00020653821276843 0.00019635830148678 0.00020159310434434 0.00019616980872255 0.00018748983445583
0.00051910156523528 0.00040103663439182 0.00039566661985432 0.00028318482070555 0.000232138405772 0.00020125287922165 0.00019109887659704 0.00019616980872255 0.00018966688042094 0.00018030366823053
0.00049541723714145 0.00038149635222674 0.00037412495952246 0.00026672379614918 0.00022037281021146 0.00019527665422153 0.00018322918329572 0.00018748983445583 0.00018030366823053 0.00017011193253959
