0.0071697873305309 -0.0026687906225669 0.0014680521078479 -0.001275965749765 0.0012513872813491 -0.0010339645933349 0.00078216460224748 -0.00098243589788219 0.0010164558672709 -0.0010208161288095
-0.0026687906225669 0.0075325938363849 -0.0026941038427751 0.002974962655601 -0.001222051179667 0.00083004191167764 -0.00083532930296599 0.00058297815864378 -0.00067921975154376 0.00064006831035922
0.0014680521078479 -0.0026941038427751 0.0059744682669735 -0.0021266606854689 0.0008323605224586 -0.0011369820877723 0.0013004109299161 -0.0012140301446612 0.0011129711675015 -0.00098051051005687
-0.001275965749765 0.002974962655601 -0.0021266606854689 0.0049270364420252 -0.0022443713177312 0.0013162216201865 -0.001275154392103 0.0011390109823594 -0.0012794180281651 0.0012052651180734
0.0012513872813491 -0.001222051179667 0.0008323605224586 -0.0022443713177312 0.0034252066141842 -0.0022047181692402 0.0021279895956687 -0.0020026893507799 0.0019584215956571 -0.0017724933973967
-0.0010339645933349 0.00083004191167764 -0.0011369820877723 0.0013162216201865 -0.0022047181692402 0.0027833942129318 -0.0026305356712612 0.0024471467814304 -0.0022648800833027 0.0020406503135568
0.00078216460224748 -0.00083532930296599 0.0013004109299161 -0.001275154392103 0.0021279895956687 -0.0026305356712612 0.0029411380392252 -0.0028056410201024 0.0025978068764213 -0.0023404602718952
-0.00098243589788219 0.00058297815864378 -0.0012140301446612 0.0011390109823594 -0.0020026893507799 0.0024471467814304 -0.0028056410201024 0.0028951789353433 -0.0027300972913272 0.0024919061248011
0.0010164558672709 -0.00067921975154376 0.0011129711675015 -0.0012794180281651 0.0019584215956571 -0.0022648800833027 0.0025978068764213 -0.0027300972913272 0.0026947973051405 -0.0025216364144807
-0.0010208161288095 0.00064006831035922 -0.00098051051005687 0.0012052651180734 -0.0017724933973967 0.0020406503135568 -0.0023404602718952 0.0024919061248011 -0.0025216364144807 0.0024180451021831
