3.1415926535898 -0.45187889302704 1.7130097988811 0.48565725516921 -2.2006262769929 0.84546088983534 -2.0005489691287 1.3496622396808 -1.6789809920891 1.4742921613123
0.45187889302704 3.1415926535898 -0.22601937108907 2.6192559184064 -0.40340945450213 2.843691232004 -0.28997540254075 2.9641335418833 -0.071071488329001 -3.1308522598636
-1.7130097988811 0.22601937108907 3.1415926535898 -0.060860047373627 3.0573956579476 -0.090549647439513 3.0261860683422 -0.11247936623949 2.9820094993175 -0.20775093068622
-0.48565725516921 -2.6192559184064 0.060860047373627 3.1415926535898 -0.1113919307422 3.0267168505375 -0.11444588782503 3.0219206023942 -0.13589998580462 2.985643644813
2.2006262769929 0.40340945450213 -3.0573956579476 0.1113919307422 3.1415926535898 -0.029296349944995 3.1027706543723 -0.042531420612015 3.0931784331888 -0.05738601542286
-0.84546088983534 -2.843691232004 0.090549647439513 -3.0267168505375 0.029296349944995 3.1415926535898 -0.015762700896297 3.1205078025432 -0.028067820884069 3.1068322790037
2.0005489691287 0.28997540254075 -3.0261860683422 0.11444588782503 -3.1027706543723 0.015762700896297 3.1415926535898 -0.0017946054166455 3.1349011838899 -0.01190272660831
-1.3496622396808 -2.9641335418833 0.11247936623949 -3.0219206023942 0.042531420612015 -3.1205078025432 0.0017946054166455 3.1415926535898 -0.0042156964660848 3.1332197688418
1.6789809920891 0.071071488329001 -2.9820094993175 0.13589998580462 -3.0931784331888 0.028067820884069 -3.1349011838899 0.0042156964660848 3.1415926535898 -0.0036860948392562
-1.4742921613123 3.1308522598636 0.20775093068622 -2.985643644813 0.05738601542286 -3.1068322790037 0.01190272660831 -3.1332197688418 0.0036860948392562 3.1415926535898
