0.042372765023357 0.012154818988775 0.0081980893232347 0.0062340029800267 0.0049734358668384 0.0040068749653285 0.0033343006820124 0.002811441374991 0.002384864747844 0.0020500804823238 0.0017648367439527 0.0015366404688353 0.0013489318369389 0.0012195169525785 0.0010767773957006 0.00095624421465712 0.00085642708451197 0.00075535805421596 0.00068194133344161 0.00060815004047445
0.012154818988775 0.017588796160496 0.010090200793122 0.0075342037281609 0.0058886449197116 0.0047759531927764 0.0039337883320949 0.0033014602771616 0.0028262513170267 0.0024462661227792 0.0021604142186753 0.001918592217599 0.0017213416721936 0.0015323068059449 0.0014199408782596 0.0013066429648664 0.0012170591497004 0.0011200822250656 0.0010381583087667 0.00098109156125209
0.0081980893232347 0.010090200793122 0.011608038616059 0.0093041583764927 0.0075340058965594 0.0062278294758501 0.00521009694765 0.0044147578994198 0.0037807220549703 0.003268596075632 0.0028387802246768 0.002487829528064 0.0021970986546426 0.0019590600965426 0.0017472901108831 0.0015729304607525 0.0014254061874302 0.001292042905457 0.0011757136000781 0.0010752304999614
0.0062340029800267 0.0075342037281609 0.0093041583764927 0.0094860216267487 0.0083491101404045 0.007250223505358 0.0062849695449673 0.0054744507703716 0.004793003434488 0.0042164071453324 0.0037243814400787 0.0033094536279409 0.0029584904741061 0.0026538283146211 0.0024039305527531 0.0021825462202052 0.0019936160063976 0.0018217585968388 0.0016762898064873 0.0015408036132155
0.0049734358668384 0.0058886449197116 0.0075340058965594 0.0083491101404045 0.0081237156191489 0.0074749537948134 0.0067437832105078 0.0060532974222642 0.0054303860244086 0.0048750335489044 0.0043874531041318 0.003962408096026 0.0035940024997242 0.0032743750391009 0.002996548658601 0.0027492483904341 0.0025374657460967 0.0023431616145926 0.0021751880228904 0.0020210507041719
0.0040068749653285 0.0047759531927764 0.0062278294758501 0.007250223505358 0.0074749537948134 0.0072664232564798 0.0068137325881452 0.0062957502041736 0.0057805680831007 0.0052931370035993 0.0048439533364763 0.0044391705173116 0.0040780535968646 0.0037613525616635 0.0034744409549825 0.0032149676815002 0.0029911602380394 0.0027833314341768 0.0026010293563955 0.0024347984406539
0.0033343006820124 0.0039337883320949 0.00521009694765 0.0062849695449673 0.0067437832105078 0.0068137325881452 0.0066114646057867 0.0062750721322955 0.0058884870287365 0.0054920015495247 0.0051045682235632 0.004741536603741 0.0044070774182535 0.0041052761210846 0.0038284996531183 0.0035708522324216 0.0033462213865861 0.0031349211075225 0.0029474478468724 0.0027758819082923
0.002811441374991 0.0033014602771616 0.0044147578994198 0.0054744507703716 0.0060532974222642 0.0062957502041736 0.0062750721322955 0.0060977176992271 0.0058370097571555 0.005536904583159 0.0052215572886115 0.0049115800690808 0.0046153350514663 0.0043388833547345 0.004082013978346 0.0038370071742801 0.0036197784688102 0.0034124756071612 0.0032266461305394 0.0030555727233609
0.002384864747844 0.0028262513170267 0.0037807220549703 0.004793003434488 0.0054303860244086 0.0057805680831007 0.0058884870287365 0.0058370097571555 0.0056886365728589 0.0054811598201791 0.0052399838097494 0.0049880776897404 0.004736491002498 0.0044916573046442 0.0042619494715813 0.0040364316925651 0.0038327736857209 0.0036350653148434 0.0034556613015059 0.0032898139912604
0.0020500804823238 0.0024462661227792 0.003268596075632 0.0042164071453324 0.0048750335489044 0.0052931370035993 0.0054920015495247 0.005536904583159 0.0054811598201791 0.0053673860611779 0.0051860621899842 0.0049920257193806 0.0047871399751903 0.004577384426162 0.0043784666099439 0.0041767630477282 0.003990827306178 0.0038068209811542 0.0036374910163721 0.0034803434136816
0.0017648367439527 0.0021604142186753 0.0028387802246768 0.0037243814400787 0.0043874531041318 0.0048439533364763 0.0051045682235632 0.0052215572886115 0.0052399838097494 0.0051860621899842 0.005077549537645 0.0049374546120136 0.0047779863289278 0.004604249912391 0.0044372208415905 0.0042616578226855 0.0040959910672627 0.0039285184791932 0.00377191857099 0.0036260463983315
0.0015366404688353 0.001918592217599 0.002487829528064 0.0033094536279409 0.003962408096026 0.0044391705173116 0.004741536603741 0.0049115800690808 0.0049880776897404 0.0049920257193806 0.0049374546120136 0.0048458524939399 0.004728678236282 0.0045899705100971 0.0044541593812484 0.0043051133059515 0.0041607025135215 0.0040111829260221 0.0038688931901078 0.0037357117686985
0.0013489318369389 0.0017213416721936 0.0021970986546426 0.0029584904741061 0.0035940024997242 0.0040780535968646 0.0044070774182535 0.0046153350514663 0.004736491002498 0.0047871399751903 0.0047779863289278 0.004728678236282 0.0046496242369497 0.0045437728967412 0.0044374897079134 0.004314269481432 0.0041911868268636 0.0040601854403892 0.0039331069893924 0.0038133754980448
0.0012195169525785 0.0015323068059449 0.0019590600965426 0.0026538283146211 0.0032743750391009 0.0037613525616635 0.0041052761210846 0.0043388833547345 0.0044916573046442 0.004577384426162 0.004604249912391 0.0045899705100971 0.0045437728967412 0.004542931683542 0.0043882670205098 0.0042894180676894 0.0041871017084324 0.004074627333498 0.0039632110125991 0.003857392365052
0.0010767773957006 0.0014199408782596 0.0017472901108831 0.0024039305527531 0.002996548658601 0.0034744409549825 0.0038284996531183 0.004082013978346 0.0042619494715813 0.0043784666099439 0.0044372208415905 0.0044541593812484 0.0044374897079134 0.0043882670205098 0.0043592574255674 0.0042574115272423 0.0041746251161713 0.0040798115197795 0.0039835127582413 0.0038910845076141
0.00095624421465712 0.0013066429648664 0.0015729304607525 0.0021825462202052 0.0027492483904341 0.0032149676815002 0.0035708522324216 0.0038370071742801 0.0040364316925651 0.0041767630477282 0.0042616578226855 0.0043051133059515 0.004314269481432 0.0042894180676894 0.0042574115272423 0.0042039828887583 0.0041379535327247 0.0040602622867989 0.0039789159194047 0.0038998435495933
0.00085642708451197 0.0012170591497004 0.0014254061874302 0.0019936160063976 0.0025374657460967 0.0029911602380394 0.0033462213865861 0.0036197784688102 0.0038327736857209 0.003990827306178 0.0040959910672627 0.0041607025135215 0.0041911868268636 0.0041871017084324 0.0041746251161713 0.0041379535327247 0.0040921080383342 0.0040287183930533 0.0039614175958202 0.0038949780385009
0.00075535805421596 0.0011200822250656 0.001292042905457 0.0018217585968388 0.0023431616145926 0.0027833314341768 0.0031349211075225 0.0034124756071612 0.0036350653148434 0.0038068209811542 0.0039285184791932 0.0040111829260221 0.0040601854403892 0.004074627333498 0.0040798115197795 0.0040602622867989 0.0040287183930533 0.0039828079258497 0.0039280713346746 0.0038738953721614
0.00068194133344161 0.0010381583087667 0.0011757136000781 0.0016762898064873 0.0021751880228904 0.0026010293563955 0.0029474478468724 0.0032266461305394 0.0034556613015059 0.0036374910163721 0.00377191857099 0.0038688931901078 0.0039331069893924 0.0039632110125991 0.0039835127582413 0.0039789159194047 0.0039614175958202 0.0039280713346746 0.0038972963361835 0.0038440099922059
0.00060815004047445 0.00098109156125209 0.0010752304999614 0.0015408036132155 0.0020210507041719 0.0024347984406539 0.0027758819082923 0.0030555727233609 0.0032898139912604 0.0034803434136816 0.0036260463983315 0.0037357117686985 0.0038133754980448 0.003857392365052 0.0038910845076141 0.0038998435495933 0.0038949780385009 0.0038738953721614 0.0038440099922059 0.0038116278630633
