0.005892914286447 0.0021114139598182 0.0018584839074878 0.0010007266184124 0.0010386452956875 0.00083725212500738 0.00077441637981106 0.00082266798332096 0.0007861638903665 0.00071767025419177
0.0021114139598182 0.0079403260914028 0.0024840161468742 0.0017452640786376 0.0015491765212849 0.0012723475608033 0.001062461861841 0.0010469600190463 0.00097930283978176 0.00087713666179694
0.0018584839074878 0.0024840161468742 0.0076997957754498 0.0031963857066625 0.0020312977250513 0.0015575031270304 0.0013022066646174 0.0011375379930625 0.00090504997959536 0.0007442024455075
0.0010007266184124 0.0017452640786376 0.0031963857066625 0.005902038715445 0.0031663337433539 0.0022834364489068 0.0018842071537588 0.0016466287900754 0.0013659149596931 0.0011431758589791
0.0010386452956875 0.0015491765212849 0.0020312977250513 0.0031663337433539 0.004250752949108 0.0028580246068739 0.0022883741228869 0.0019413041420862 0.001639253447283 0.0014089922193635
0.00083725212500738 0.0012723475608033 0.0015575031270304 0.0022834364489068 0.0028580246068739 0.0033186510213256 0.0027195631368436 0.0023603725723884 0.0020523379196064 0.0017989212196985
0.00077441637981106 0.001062461861841 0.0013022066646174 0.0018842071537588 0.0022883741228869 0.0027195631368436 0.0028063582706164 0.0025510297359833 0.0022991700291479 0.0020779096091041
0.00082266798332096 0.0010469600190463 0.0011375379930625 0.0016466287900754 0.0019413041420862 0.0023603725723884 0.0025510297359833 0.0025874562356841 0.0024238899849486 0.0022466664463449
0.0007861638903665 0.00097930283978176 0.00090504997959536 0.0013659149596931 0.001639253447283 0.0020523379196064 0.0022991700291479 0.0024238899849486 0.002398281937126 0.0022823035489996
0.00071767025419177 0.00087713666179694 0.0007442024455075 0.0011431758589791 0.0014089922193635 0.0017989212196985 0.0020779096091041 0.0022466664463449 0.0022823035489996 0.0022377466840791
