0 3.105561977183 -0.031446449281848 3.1196998162025 -0.0012312823996247 -3.1274777594158 0.01977083854919 -3.1215991157576 0.021717702062077 -3.124765143309
-3.105561977183 0 -3.1377708762191 0.001536346801885 3.1408304932522 -0.0080199501341962 3.1239874786037 -0.026690001356982 3.1108781384431 -0.036787184774108
0.031446449281848 3.1377708762191 0 3.1343432516986 -0.014474285493393 3.1161496825006 -0.038753072685312 3.0906979028714 -0.058435709096912 3.0748766200568
-3.1196998162025 -0.001536346801885 -3.1343432516986 0 3.1341960027189 -0.018754583420462 3.1094830815467 -0.044392057560413 3.0887656770902 -0.061857964833678
0.0012312823996247 -3.1408304932522 0.014474285493393 -3.1341960027189 0 3.1296805832552 -0.025418966777102 3.1038756847111 -0.04629590333082 3.0864080381967
3.1274777594158 0.0080199501341962 -3.1161496825006 0.018754583420462 -3.1296805832552 0 3.128364546226 -0.024968900471121 3.1085525173738 -0.041241002264818
-0.01977083854919 -3.1239874786037 0.038753072685312 -3.1094830815467 0.025418966777102 -3.128364546226 0 3.1302338931326 -0.019021094357976 3.1149486993876
3.1215991157576 0.026690001356982 -3.0906979028714 0.044392057560413 -3.1038756847111 0.024968900471121 -3.1302338931326 0 3.1340121607892 -0.014947187765073
-0.021717702062077 -3.1108781384431 0.058435709096912 -3.0887656770902 0.04629590333082 -3.1085525173738 0.019021094357976 -3.1340121607892 0 3.1343701580864
3.124765143309 0.036787184774108 -3.0748766200568 0.061857964833678 -3.0864080381967 0.041241002264818 -3.1149486993876 0.014947187765073 -3.1343701580864 0
