0 3.126087063033 -0.018624524678703 -3.0767579916261 0.089093513993426 -3.0080692511787 0.18721259749581 -2.9032189109451 0.28704230675782 -2.8154950470906
-3.126087063033 0 3.0593710378348 -0.047813313133782 3.0798307923272 -0.072105265047532 3.0584437668456 -0.10476375629533 3.0123810132543 -0.15404979219854
0.018624524678703 -3.0593710378348 0 3.125526495116 -0.016913528628775 3.1188649854363 -0.021441693718601 3.1184232598811 -0.022524109995861 3.1202162701372
3.0767579916261 0.047813313133782 -3.125526495116 0 3.1323281669185 -0.019157475755296 3.1164350557717 -0.031332953207806 3.1067503482255 -0.037495594259861
-0.089093513993426 -3.0798307923272 0.016913528628775 -3.1323281669185 0 3.1321069414496 -0.0148035005674 3.1226075033504 -0.021067999582917 3.1194770224506
3.0080692511787 0.072105265047532 -3.1188649854363 0.019157475755296 -3.1321069414496 0 3.1370096150451 -0.0080829366995526 3.1319074792406 -0.010531730842947
-0.18721259749581 -3.0584437668456 0.021441693718601 -3.1164350557717 0.0148035005674 -3.1370096150451 0 3.1383776545487 -0.0045983746493972 3.1362574885799
2.9032189109451 0.10476375629533 -3.1184232598811 0.031332953207806 -3.1226075033504 0.0080829366995526 -3.1383776545487 0 3.1402530826005 -0.0020791201441117
-0.28704230675782 -3.0123810132543 0.022524109995861 -3.1067503482255 0.021067999582917 -3.1319074792406 0.0045983746493972 -3.1402530826005 0 3.1408321345656
2.8154950470906 0.15404979219854 -3.1202162701372 0.037495594259861 -3.1194770224506 0.010531730842947 -3.1362574885799 0.0020791201441117 -3.1408321345656 0
