0.06572889545913 0.040380608960792 0.038397437970599 0.037931662023889 0.037692910355637 0.037397039877953 0.036970625885716 0.036404957782505 0.035713672929469 0.034918073337411
0.040380608960792 0.024879548912495 0.023722439144942 0.023500253608502 0.023418960572825 0.023302070255701 0.023102656493339 0.022813852796475 0.022442828398701 0.022001773444699
0.038397437970599 0.023722439144942 0.022678957987821 0.022527871055977 0.022512837581383 0.022464160991148 0.022335452562629 0.022118657784002 0.021819341349081 0.021448138718927
0.037931662023889 0.023500253608502 0.022527871055977 0.022441196559494 0.022491679767469 0.022509700088208 0.022447550498168 0.022295616031488 0.02205801338186 0.021744168204893
0.037692910355637 0.023418960572825 0.022512837581383 0.022491679767469 0.022610217519872 0.022697819874241 0.022705097154953 0.022620710767882 0.022447255377476 0.022192893012959
0.037397039877953 0.023302070255701 0.022464160991148 0.022509700088208 0.022697819874241 0.022857105988032 0.022936498807275 0.022922877989334 0.022817218126458 0.022626312940514
0.036970625885716 0.023102656493339 0.022335452562629 0.022447550498168 0.022705097154953 0.022936498807275 0.023089192676273 0.023148276657101 0.023113046607975 0.022988833147934
0.036404957782505 0.022813852796475 0.022118657784002 0.022295616031488 0.022620710767882 0.022922877989334 0.023148276657101 0.023280289013852 0.023316506574752 0.023260743658915
0.035713672929469 0.022442828398701 0.021819341349081 0.02205801338186 0.022447255377476 0.022817218126458 0.023113046607975 0.023316506574752 0.023423523596799 0.023436375118421
0.034918073337411 0.022001773444699 0.021448138718927 0.021744168204893 0.022192893012959 0.022626312940514 0.022988833147934 0.023260743658915 0.023436375118421 0.023516495333342
