0.0077832032088176 -0.00055267300415196 0.00078956187333634 -0.00038879705546507 0.00039741208067607 -0.00033669854175508 0.00024133969568126 -0.00017921720957801 0.00016836031219095 -0.00016763235285136
-0.00055267300415196 0.0061339703951736 -0.00098056643300767 0.0010460034821982 -0.00076853389573465 0.00055791499499764 -0.00048952219286116 0.00038250941507133 -0.0003355342107264 0.0003058638793381
0.00078956187333634 -0.00098056643300767 0.0049899285348254 -0.0017772845635101 0.0011208172497271 -0.00074400117751662 0.00066363364340611 -0.00055006391369483 0.00048044597942787 -0.00040655321700893
-0.00038879705546507 0.0010460034821982 -0.0017772845635101 0.0040609468462907 -0.0019858260964799 0.0014106575429024 -0.001020082519014 0.00084293337407028 -0.00070601637520718 0.00061454416558508
0.00039741208067607 -0.00076853389573465 0.0011208172497271 -0.0019858260964799 0.0031430898673773 -0.0018874572713419 0.0014611757540853 -0.001183947072887 0.00099311833453786 -0.00086042740558966
-0.00033669854175508 0.00055791499499764 -0.00074400117751662 0.0014106575429024 -0.0018874572713419 0.0023441304301975 -0.0018027998045875 0.0014684809912001 -0.0012299375099517 0.0010597696973017
0.00024133969568126 -0.00048952219286116 0.00066363364340611 -0.001020082519014 0.0014611757540853 -0.0018027998045875 0.0019507361827766 -0.0016358229678318 0.0014022121413468 -0.0012209858784943
-0.00017921720957801 0.00038250941507133 -0.00055006391369483 0.00084293337407028 -0.001183947072887 0.0014684809912001 -0.0016358229678318 0.0016138977872784 -0.0014487415296402 0.001299706330836
0.00016836031219095 -0.0003355342107264 0.00048044597942787 -0.00070601637520718 0.00099311833453786 -0.0012299375099517 0.0014022121413468 -0.0014487415296402 0.0014165042674133 -0.0013234866104511
-0.00016763235285136 0.0003058638793381 -0.00040655321700893 0.00061454416558508 -0.00086042740558966 0.0010597696973017 -0.0012209858784943 0.001299706330836 -0.0013234866104511 0.0012936874165614
