0.00064489541767027 0.00053571289711658 0.00047160122466964 0.00039346722268009 0.00033831507434986 0.0003073747579475 0.00028720590247827 0.00027329075061947 0.00026216362269739 0.00025337569305305
0.00053571289711658 0.00040289107066394 0.00035865860858262 0.00029902450515871 0.00025574298027835 0.00022981983864094 0.00021245019593658 0.00019938217662903 0.00018892606766059 0.00018084055869702
0.00047160122466964 0.00035865860858262 0.00030321620574909 0.00025849027221079 0.00022326540685738 0.00019779741603812 0.00018411017532218 0.00017367937899224 0.00016547885428645 0.00015903750803231
0.00039346722268009 0.00029902450515871 0.00025849027221079 0.00021494252049058 0.00018909123968353 0.00017069393049105 0.00015863505498322 0.00015015944435116 0.00014344302490755 0.00013802835186701
0.00033831507434986 0.00025574298027835 0.00022326540685738 0.00018909123968353 0.00016592355649492 0.00014924129915656 0.00013923152380285 0.00013195374352786 0.00012615164542673 0.00012159714668922
0.0003073747579475 0.00022981983864094 0.00019779741603812 0.00017069393049105 0.00014924129915656 0.00013459229098478 0.00012629428984626 0.00012011047726152 0.00011517034223018 0.0001113357993892
0.00028720590247827 0.00021245019593658 0.00018411017532218 0.00015863505498322 0.00013923152380285 0.00012629428984626 0.00011892487416279 0.00011332485164611 0.00010885324088121 0.00010547008396309
0.00027329075061947 0.00019938217662903 0.00017367937899224 0.00015015944435116 0.00013195374352786 0.00012011047726152 0.00011332485164611 0.00010826356415912 0.00010428154597937 0.00010134464287914
0.00026216362269739 0.00018892606766059 0.00016547885428645 0.00014344302490755 0.00012615164542673 0.00011517034223018 0.00010885324088121 0.00010428154597937 0.00010075738891889 9.8239925721833e-05
0.00025337569305305 0.00018084055869702 0.00015903750803231 0.00013802835186701 0.00012159714668922 0.0001113357993892 0.00010547008396309 0.00010134464287914 9.8239925721833e-05 9.6066940835286e-05
