0.0010602082571809 0.0025359638245222 0.0021837031409271 0.0018192255691976 0.0016547481443049 0.0014458294351565 0.0012809215500156 0.0011575860268574 0.0010579126305284 0.00097678598906483 0.00090826750231481 0.00084955599930493 0.00079482490922278 0.0007465003186979 0.0007022884669943 0.00066099707777142 0.0006247075554265 0.00059088511796253 0.00056064076263938 0.00053184832134653
0.0025359638245222 0.015175112260555 0.0042703867647086 0.0024565288022073 0.001840271731969 0.0012342910726111 0.00087729221977509 0.0006316831952306 0.00041333352276441 0.00024415668162189 0.00012233999904565 7.0237770602814e-05 0.00011103788925342 0.00016679411812502 0.0002178449859073 0.00026587457157133 0.0002974451357009 0.0003332401721972 0.00034660895136515 0.00037327206679545
0.0021837031409271 0.0042703867647086 0.014469597570909 0.0078772862393609 0.0054477208228399 0.0039868248471342 0.0029940000709081 0.0023433929019584 0.0019000780345557 0.0016078887475077 0.001403909676145 0.0012770461875072 0.0011532841702447 0.0010611845513527 0.0009821675832011 0.00091371964340758 0.00085183087918657 0.00080551972915608 0.00075233580916867 0.00070219155623948
0.0018192255691976 0.0024565288022073 0.0078772862393609 0.011245894017023 0.0085552458304775 0.0065855763425276 0.0052494232766158 0.0043125563359724 0.003630913029148 0.0031251733840482 0.0027386726593776 0.0024467499367784 0.0021864433839317 0.0019796963122576 0.0018020833640928 0.0016496246728829 0.0015106605184311 0.0013915346122246 0.0012786868580919 0.0011803371119338
0.0016547481443049 0.001840271731969 0.0054477208228399 0.0085552458304775 0.0091990111009286 0.0079750811741858 0.0067976049749172 0.0058286828465275 0.005059090728783 0.0044360152122571 0.0039202015026466 0.0034962632701888 0.0031261897768755 0.0028163521855562 0.0025482219183718 0.0023156558200976 0.0021093772403785 0.0019280430009252 0.0017653139031476 0.0016252801246554
0.0014458294351565 0.0012342910726111 0.0039868248471342 0.0065855763425276 0.0079750811741858 0.0080580687531638 0.0074587185089275 0.0067415356684121 0.0060685218296221 0.0054622839078141 0.0049214131227788 0.0044460267406194 0.004022280986608 0.0036518468319686 0.0033245950159181 0.0030355448882054 0.0027789066666429 0.0025506660659689 0.0023459506260793 0.0021679001674544
0.0012809215500156 0.00087729221977509 0.0029940000709081 0.0052494232766158 0.0067976049749172 0.0074587185089275 0.0074447478811983 0.0070644899989116 0.0065761579319391 0.0060665775099892 0.0055690634482123 0.0051015337390357 0.004671735281374 0.0042809393086769 0.0039277847338421 0.0036102900539443 0.0033253245097386 0.0030693741907641 0.0028390257807398 0.002635726496523
0.0011575860268574 0.0006316831952306 0.0023433929019584 0.0043125563359724 0.0058286828465275 0.0067415356684121 0.0070644899989116 0.0069963323183346 0.0067261490873239 0.006362407461736 0.0059611399139151 0.0055512580522808 0.0051586659111951 0.0047860520529036 0.0044395873464246 0.0041210682662199 0.0038301326594211 0.0035643903254332 0.0033236599119533 0.0031081646197019
0.0010579126305284 0.00041333352276441 0.0019000780345557 0.003630913029148 0.005059090728783 0.0060685218296221 0.0065761579319391 0.0067261490873239 0.0066529862466511 0.006442710262909 0.0061567019156036 0.0058273820683193 0.0054950173522027 0.0051625214765857 0.0048425917558572 0.0045406401852349 0.0042589914454812 0.0039962980260345 0.0037566312991697 0.0035389496864217
0.00097678598906483 0.00024415668162189 0.0016078887475077 0.0031251733840482 0.0044360152122571 0.0054622839078141 0.0060665775099892 0.006362407461736 0.006442710262909 0.0063715459819584 0.0061997561581062 0.0059591315393177 0.0056979109587853 0.0054182485209681 0.0051377008405387 0.0048645909199445 0.0046035905499841 0.0043544261059694 0.0041250111429715 0.0039130501946876
0.00090826750231481 0.00012233999904565 0.001403909676145 0.0027386726593776 0.0039202015026466 0.0049214131227788 0.0055690634482123 0.0059611399139151 0.0061567019156036 0.0061997561581062 0.0061361189617225 0.0059792320772523 0.0057913541315035 0.0055696100367565 0.0053348211275268 0.0050973855163851 0.0048638244360416 0.0046348951777166 0.0044216129398376 0.0042205862678017
0.00084955599930493 7.0237770602814e-05 0.0012770461875072 0.0024467499367784 0.0034962632701888 0.0044460267406194 0.0051015337390357 0.0055512580522808 0.0058273820683193 0.0059591315393177 0.0059792320772523 0.0059090651830985 0.0057843156069858 0.0056201619960471 0.0054331499311278 0.005234832653445 0.0050330301367859 0.0048292322475877 0.0046367328346223 0.004451326474664
0.00079482490922278 0.00011103788925342 0.0011532841702447 0.0021864433839317 0.0031261897768755 0.004022280986608 0.004671735281374 0.0051586659111951 0.0054950173522027 0.0056979109587853 0.0057913541315035 0.0057843156069858 0.0057291262009043 0.005620056120438 0.0054801496934066 0.0053214351824364 0.0051526359591421 0.004975760432864 0.0048057322732085 0.0046378447588759
0.0007465003186979 0.00016679411812502 0.0010611845513527 0.0019796963122576 0.0028163521855562 0.0036518468319686 0.0042809393086769 0.0047860520529036 0.0051625214765857 0.0054182485209681 0.0055696100367565 0.0056201619960471 0.005620056120438 0.005560759421978 0.0054649450302638 0.0053445167002175 0.0052086432052237 0.00505955350545 0.0049132819349993 0.0047646847970379
0.0007022884669943 0.0002178449859073 0.0009821675832011 0.0018020833640928 0.0025482219183718 0.0033245950159181 0.0039277847338421 0.0044395873464246 0.0048425917558572 0.0051377008405387 0.0053348211275268 0.0054331499311278 0.0054801496934066 0.0054649450302638 0.005409345880705 0.0053247529053319 0.0052204472803522 0.005098671211467 0.0049761740731299 0.0048474380539652
0.00066099707777142 0.00026587457157133 0.00091371964340758 0.0016496246728829 0.0023156558200976 0.0030355448882054 0.0036102900539443 0.0041210682662199 0.0045406401852349 0.0048645909199445 0.0050973855163851 0.005234832653445 0.0053214351824364 0.0053445167002175 0.0053247529053319 0.0052763109324999 0.0051980453500932 0.0051023307080071 0.0050028793462993 0.0048938808429879
0.0006247075554265 0.0002974451357009 0.00085183087918657 0.0015106605184311 0.0021093772403785 0.0027789066666429 0.0033253245097386 0.0038301326594211 0.0042589914454812 0.0046035905499841 0.0048638244360416 0.0050330301367859 0.0051526359591421 0.0052086432052237 0.0052204472803522 0.0051980453500932 0.0051501838514206 0.0050788199408464 0.0050012026771848 0.0049112843790147
0.00059088511796253 0.0003332401721972 0.00080551972915608 0.0013915346122246 0.0019280430009252 0.0025506660659689 0.0030693741907641 0.0035643903254332 0.0039962980260345 0.0043544261059694 0.0046348951777166 0.0048292322475877 0.004975760432864 0.00505955350545 0.005098671211467 0.0051023307080071 0.0050788199408464 0.0050362533426245 0.0049726625727215 0.0049009335905386
0.00056064076263938 0.00034660895136515 0.00075233580916867 0.0012786868580919 0.0017653139031476 0.0023459506260793 0.0028390257807398 0.0033236599119533 0.0037566312991697 0.0041250111429715 0.0044216129398376 0.0046367328346223 0.0048057322732085 0.0049132819349993 0.0049761740731299 0.0050028793462993 0.0050012026771848 0.0049726625727215 0.004937469630607 0.0048794142440845
0.00053184832134653 0.00037327206679545 0.00070219155623948 0.0011803371119338 0.0016252801246554 0.0021679001674544 0.002635726496523 0.0031081646197019 0.0035389496864217 0.0039130501946876 0.0042205862678017 0.004451326474664 0.0046378447588759 0.0047646847970379 0.0048474380539652 0.0048938808429879 0.0049112843790147 0.0049009335905386 0.0048794142440845 0.0048447268155046
