0 3.1095314976756 0.037283411134314 3.1152699852737 -0.13503529364578 3.0796640928748 -0.012572802794217 -3.1087386845759 0.049367858338677 -3.0919430232754
-3.1095314976756 0 -3.0349982860097 0.011961504599248 3.0352239671228 -0.042041572085233 3.1278957543881 -0.015978219397298 3.0918282342705 -0.10517605207504
-0.037283411134314 3.0349982860097 0 3.0871116328249 -0.13920666377444 3.0482005750344 -0.033494295033248 -3.1390600998285 0.027895282382434 -3.1020378044185
-3.1152699852737 -0.011961504599248 -3.0871116328249 0 3.1136642928659 -0.016545579846603 3.1404145183366 -0.0019292247395694 3.1377697036127 0.00076050571192819
0.13503529364578 -3.0352239671228 0.13920666377444 -3.1136642928659 0 -3.135273879139 0.011516240363735 -3.1357021935905 0.0022703592008257 -3.1381654566507
-3.0796640928748 0.042041572085233 -3.0482005750344 0.016545579846603 3.135273879139 0 3.1402886256809 -0.009264784913995 3.1243384767596 -0.019909361924696
0.012572802794217 -3.1278957543881 0.033494295033248 -3.1404145183366 -0.011516240363735 -3.1402886256809 0 3.1364707671253 -0.0096220584474148 3.1327119599206
3.1087386845759 0.015978219397298 3.1390600998285 0.0019292247395694 3.1357021935905 0.009264784913995 -3.1364707671253 0 3.1378305994051 -0.0021822032934907
-0.049367858338677 -3.0918282342705 -0.027895282382434 -3.1377697036127 -0.0022703592008257 -3.1243384767596 0.0096220584474148 -3.1378305994051 0 -3.1397766292988
3.0919430232754 0.10517605207504 3.1020378044185 -0.00076050571192819 3.1381654566507 0.019909361924696 -3.1327119599206 0.0021822032934907 3.1397766292988 0
