0.0015284608582314 0.0012088585124113 0.0010061936006713 0.00089627296574336 0.00083027727079181 0.00078246970140255 0.00073648033768684 0.0007101939824348 0.0006932693212983 0.0006775940082806
0.0012088585124113 0.00078015791806021 0.00063073504373489 0.00056490849593118 0.00050053454153291 0.00045958831012297 0.00042923175695762 0.00041157840726244 0.00039778079460957 0.00038608731908385
0.0010061936006713 0.00063073504373489 0.00057582876722606 0.00052577083099775 0.00049620044193312 0.00047191154856465 0.00044888832044254 0.00043242212438792 0.00041843364248589 0.00040476367542838
0.00089627296574336 0.00056490849593118 0.00052577083099775 0.00046673789852255 0.0004426664046445 0.00042425614058498 0.00040658235686692 0.00039333427658173 0.0003818024091427 0.00036987533229809
0.00083027727079181 0.00050053454153291 0.00049620044193312 0.0004426664046445 0.00041718496658095 0.00040329575712309 0.00038857658523539 0.00037825428928524 0.00036971932666785 0.00036049627052551
0.00078246970140255 0.00045958831012297 0.00047191154856465 0.00042425614058498 0.00040329575712309 0.00038970682984886 0.00037516474296482 0.00036450876180994 0.00035572272867918 0.00034714217345936
0.00073648033768684 0.00042923175695762 0.00044888832044254 0.00040658235686692 0.00038857658523539 0.00037516474296482 0.00036005805963915 0.00034902875413989 0.00034000372913386 0.00033161325585674
0.0007101939824348 0.00041157840726244 0.00043242212438792 0.00039333427658173 0.00037825428928524 0.00036450876180994 0.00034902875413989 0.00033755765599907 0.00032843364806848 0.00032018836440827
0.0006932693212983 0.00039778079460957 0.00041843364248589 0.0003818024091427 0.00036971932666785 0.00035572272867918 0.00034000372913386 0.00032843364806848 0.00031929198670853 0.00031115994227414
0.0006775940082806 0.00038608731908385 0.00040476367542838 0.00036987533229809 0.00036049627052551 0.00034714217345936 0.00033161325585674 0.00032018836440827 0.00031115994227414 0.00030314636464194
