0.10132113691695 6.0685236489734e-08 1.1129749307217e-07 1.0773032565499e-07 1.8272395418122e-07 3.6047537476154e-07 1.9886298111706e-07 3.2000166430427e-07 3.7730024311837e-07 4.0757050547757e-07 3.0214983655741e-07 1.9705923097364e-07 1.4297865286612e-07 1.384191038844e-06 3.2825984619518e-07 2.2352663877557e-07 2.179999667318e-07 7.7926521522404e-05 9.5784335470176e-08 1.4095410660151e-07
6.0685236489734e-08 0.020128889925423 0.0059827205279882 0.00329615465618 0.0021612543576889 0.001764976872788 0.0016127845591158 0.0014450839075677 0.0013118197404313 0.0012150842918849 0.0011414892748433 0.0010598080059431 0.00098370587252418 0.0009036726309511 0.00083570656607454 0.00076463256205695 0.00070651795191908 0.00062348191286291 0.0005959420729492 0.0005461918709036
1.1129749307217e-07 0.0059827205279882 0.018696995200437 0.0090329386620573 0.0057006106308236 0.0041627996510184 0.0031816254803032 0.0025581381318026 0.0020919674221731 0.0017818443132639 0.0015508789077743 0.0013797662780529 0.0012316428986183 0.0011292010466078 0.0010287367943054 0.00096178670834935 0.00088702562355864 0.00086696466923518 0.00077827257910124 0.00073372613111252
1.0773032565499e-07 0.00329615465618 0.0090329386620573 0.01576599895419 0.010992169192564 0.0086108379464905 0.0068339296324112 0.0055527069408966 0.0045688419646443 0.0038031820698934 0.0032254459938994 0.0027526488925398 0.0023862554888901 0.002073880249453 0.0018352350950041 0.0016183506247189 0.0014527260294172 0.0012972043617739 0.0011722731557937 0.0010572934646984
1.8272395418122e-07 0.0021612543576889 0.0057006106308236 0.010992169192564 0.011973390461891 0.010394521379767 0.0086948536790797 0.0072954464501316 0.0061530844142164 0.0052406834281211 0.0045092703642718 0.0039101916307744 0.0034212466200664 0.0030193007474729 0.0026866986065787 0.0024054172068357 0.0021666476244326 0.0019511077401159 0.00177887470072 0.0016197375767668
3.6047537476154e-07 0.001764976872788 0.0041627996510184 0.0086108379464905 0.010394521379767 0.010771279600212 0.0097601724955669 0.0085787043770821 0.0074781491023163 0.0065251466393113 0.0057226338223011 0.0050420296030701 0.0044762651448229 0.0039988820827189 0.0036019928905841 0.0032593188345043 0.0029696892318735 0.0026985881061331 0.0024934489278069 0.0022965908479023
1.9886298111706e-07 0.0016127845591158 0.0031816254803032 0.0068339296324112 0.0086948536790797 0.0097601724955669 0.0096176955940928 0.0089009513901438 0.0080563592026464 0.007239759308403 0.0065045150116077 0.0058523922810027 0.0052891865219947 0.0048004382126106 0.004381704500925 0.0040137625233107 0.0036950789819592 0.0034002670133028 0.00316165488209 0.002937509567912
3.2000166430427e-07 0.0014450839075677 0.0025581381318026 0.0055527069408966 0.0072954464501316 0.0085787043770821 0.0089009513901438 0.0086408682994104 0.0081140081709487 0.0075074772303214 0.0069092880666431 0.0063449679221865 0.0058342542192644 0.0053743315078819 0.0049677480300597 0.0046015168519921 0.0042770266387395 0.0039801563779084 0.0037208359250704 0.0034823980241509
3.7730024311837e-07 0.0013118197404313 0.0020919674221731 0.0045688419646443 0.0061530844142164 0.0074781491023163 0.0080563592026464 0.0081140081709487 0.0078790197324296 0.0074925329774534 0.0070528706033133 0.0066005688221239 0.0061661566334844 0.0057573652987354 0.0053828008184059 0.0050361061092653 0.0047212862054854 0.0044326488083941 0.0041678149558365 0.0039254752930573
4.0757050547757e-07 0.0012150842918849 0.0017818443132639 0.0038031820698934 0.0052406834281211 0.0065251466393113 0.007239759308403 0.0075074772303214 0.0074925329774534 0.0073001234637451 0.0070149045417288 0.0066812562536142 0.0063346995626924 0.0059904518497791 0.005661578180553 0.0053474756138049 0.0050544216139508 0.0047827433221828 0.0045243635223785 0.0042868136539194
3.0214983655741e-07 0.0011414892748433 0.0015508789077743 0.0032254459938994 0.0045092703642718 0.0057226338223011 0.0065045150116077 0.0069092880666431 0.0070528706033133 0.0070149045417288 0.0068651321394983 0.0066432476799365 0.0063849192919182 0.0061093837913758 0.0058326296655123 0.0055582330481995 0.0052944795445012 0.0050457590520238 0.0048018829111028 0.0045754463229827
1.9705923097364e-07 0.0010598080059431 0.0013797662780529 0.0027526488925398 0.0039101916307744 0.0050420296030701 0.0058523922810027 0.0063449679221865 0.0066005688221239 0.0066812562536142 0.0066432476799365 0.006519920027814 0.00634372650602 0.0061354930678194 0.0059123158303388 0.0056808320368345 0.0054505117730015 0.0052282717813886 0.005004651282819 0.0047939668830425
1.4297865286612e-07 0.00098370587252418 0.0012316428986183 0.0023862554888901 0.0034212466200664 0.0044762651448229 0.0052891865219947 0.0058342542192644 0.0061661566334844 0.0063346995626924 0.0063849192919182 0.00634372650602 0.0062396599367763 0.0060931407146054 0.0059213770150544 0.0057325929229593 0.0055370993649193 0.0053426103516787 0.0051427621451909 0.0049507141489127
1.384191038844e-06 0.0009036726309511 0.0011292010466078 0.002073880249453 0.0030193007474729 0.0039988820827189 0.0048004382126106 0.0053743315078819 0.0057573652987354 0.0059904518497791 0.0061093837913758 0.0061354930678194 0.0060931407146054 0.0060018438373632 0.0058777142701063 0.0057300446498414 0.005569090745028 0.0054027852281715 0.0052283540236588 0.0050566903746227
3.2825984619518e-07 0.00083570656607454 0.0010287367943054 0.0018352350950041 0.0026866986065787 0.0036019928905841 0.004381704500925 0.0049677480300597 0.0053828008184059 0.005661578180553 0.0058326296655123 0.0059123158303388 0.0059213770150544 0.0058777142701063 0.0057963909720283 0.0056866523697215 0.0055587162547961 0.0054195412874874 0.0052710964893119 0.0051204346758413
2.2352663877557e-07 0.00076463256205695 0.00096178670834935 0.0016183506247189 0.0024054172068357 0.0032593188345043 0.0040137625233107 0.0046015168519921 0.0050361061092653 0.0053474756138049 0.0055582330481995 0.0056808320368345 0.0057325929229593 0.0057300446498414 0.0056866523697215 0.0056116604329569 0.005514597005473 0.0054014171943902 0.005278469835676 0.0051488531463127
2.179999667318e-07 0.00070651795191908 0.00088702562355864 0.0014527260294172 0.0021666476244326 0.0029696892318735 0.0036950789819592 0.0042770266387395 0.0047212862054854 0.0050544216139508 0.0052944795445012 0.0054505117730015 0.0055370993649193 0.005569090745028 0.0055587162547961 0.005514597005473 0.005445817798921 0.0053566367332271 0.0052581818693961 0.0051489531973216
7.7926521522404e-05 0.00062348191286291 0.00086696466923518 0.0012972043617739 0.0019511077401159 0.0026985881061331 0.0034002670133028 0.0039801563779084 0.0044326488083941 0.0047827433221828 0.0050457590520238 0.0052282717813886 0.0053426103516787 0.0054027852281715 0.0054195412874874 0.0054014171943902 0.0053566367332271 0.0053185447992901 0.0052115335117339 0.0051207658807158
9.5784335470176e-08 0.0005959420729492 0.00077827257910124 0.0011722731557937 0.00177887470072 0.0024934489278069 0.00316165488209 0.0037208359250704 0.0041678149558365 0.0045243635223785 0.0048018829111028 0.005004651282819 0.0051427621451909 0.0052283540236588 0.0052710964893119 0.005278469835676 0.0052581818693961 0.0052115335117339 0.0051571168245634 0.0050856451185194
1.4095410660151e-07 0.0005461918709036 0.00073372613111252 0.0010572934646984 0.0016197375767668 0.0022965908479023 0.002937509567912 0.0034823980241509 0.0039254752930573 0.0042868136539194 0.0045754463229827 0.0047939668830425 0.0049507141489127 0.0050566903746227 0.0051204346758413 0.0051488531463127 0.0051489531973216 0.0051207658807158 0.0050856451185194 0.0050311957031315
