0 -3.1256371441633 -0.038335250891224 3.1265204577784 0.0018330428225791 -3.131098783 0.010918357418171 -3.1371200114609 -0.0071459180071472 3.1216883589025
3.1256371441633 0 3.118209968547 0.010332267368012 3.1395273341979 -0.023035880335562 3.1091378063396 -0.032000017410208 3.1123571507831 -0.025194965927993
0.038335250891224 -3.118209968547 0 -3.1087598874961 0.013171514837861 3.1246798105843 -0.032869882893543 3.0958605643825 -0.055423752738883 3.079413322658
-3.1265204577784 -0.010332267368012 3.1087598874961 0 3.108898411702 -0.046207269676502 3.0870244847707 -0.060868960999669 3.0778122701705 -0.063948817057481
-0.0018330428225791 -3.1395273341979 -0.013171514837861 -3.108898411702 0 3.1325655688019 -0.016970562634667 3.1177219685599 -0.027838388292756 3.1121598972596
3.131098783 0.023035880335562 -3.1246798105843 0.046207269676502 -3.1325655688019 0 3.1390700083945 -0.0046547476649972 3.1362611310305 -0.0042883016418745
-0.010918357418171 -3.1091378063396 0.032869882893543 -3.0870244847707 0.016970562634667 -3.1390700083945 0 3.139954530663 -0.0021643013225219 3.140441141625
3.1371200114609 0.032000017410208 -3.0958605643825 0.060868960999669 -3.1177219685599 0.0046547476649972 -3.139954530663 0 3.1410514161832 0.00024649217690464
0.0071459180071472 -3.1123571507831 0.055423752738883 -3.0778122701705 0.027838388292756 -3.1362611310305 0.0021643013225219 -3.1410514161832 0 -3.1409644417082
-3.1216883589025 0.025194965927993 -3.079413322658 0.063948817057481 -3.1121598972596 0.0042883016418745 -3.140441141625 -0.00024649217690464 3.1409644417082 0
