0.0099948304913584 0.0040231418055183 0.0024681869093682 0.0022131910803262 0.0018095692128636 0.0015799816061227 0.001456496600861 0.0013570259421061 0.0012427464550233 0.001147282035234
0.0040231418055183 0.010215518253876 0.0037581538019575 0.0029193423132533 0.0023929810642624 0.0019188020714842 0.0015911680536236 0.0013358303022171 0.0011449452472221 0.0009736382081876
0.0024681869093682 0.0037581538019575 0.0085928981857175 0.0042784656948229 0.0033899784016595 0.0026700671013266 0.0022345858076878 0.0019019061807594 0.0016748572496116 0.0014579250756414
0.0022131910803262 0.0029193423132533 0.0042784656948229 0.0067548021478574 0.0043950372893163 0.0034182509324501 0.0027725849931023 0.0023532155687649 0.0020126644739418 0.0017348175715893
0.0018095692128636 0.0023929810642624 0.0033899784016595 0.0043950372893163 0.0053107754940077 0.0042068072291383 0.0035492353882116 0.0030051889086226 0.0025858147126167 0.0022324672845151
0.0015799816061227 0.0019188020714842 0.0026700671013266 0.0034182509324501 0.0042068072291383 0.0043326428776349 0.0038309208620462 0.0033766016687869 0.0029754784346429 0.0026209012068418
0.001456496600861 0.0015911680536236 0.0022345858076878 0.0027725849931023 0.0035492353882116 0.0038309208620462 0.0038252241650281 0.0035269144861877 0.0032062261235611 0.0028915898770505
0.0013570259421061 0.0013358303022171 0.0019019061807594 0.0023532155687649 0.0030051889086226 0.0033766016687869 0.0035269144861877 0.0034525159353418 0.0032450124586136 0.00300370586893
0.0012427464550233 0.0011449452472221 0.0016748572496116 0.0020126644739418 0.0025858147126167 0.0029754784346429 0.0032062261235611 0.0032450124586136 0.0031643557663257 0.0030059135612755
0.001147282035234 0.0009736382081876 0.0014579250756414 0.0017348175715893 0.0022324672845151 0.0026209012068418 0.0028915898770505 0.00300370586893 0.0030059135612755 0.0029273807580848
