0 2.7958054604721 -0.55640489448659 2.6174773912356 -0.66194950178084 2.47347403884 -0.72483962560782 2.239934657343 -1.1572521466968 1.6840440247753
-2.7958054604721 0 -3.1323989390195 0.058684709596565 3.0708677171432 -0.077121502288591 2.9954917094207 -0.19175811000381 2.8743835311495 -0.42500189422962
0.55640489448659 3.1323989390195 0 3.1009068285542 -0.12320905859983 2.9832858927331 -0.21526353857374 2.9093564632466 -0.27789743159314 2.8094039001122
-2.6174773912356 -0.058684709596565 -3.1009068285542 0 3.0793039794174 -0.10304915922613 2.9919515868225 -0.17481544969014 2.918419105198 -0.27747904933521
0.66194950178084 -3.0708677171432 0.12320905859983 -3.0793039794174 0 3.0846471432002 -0.10264549532448 3.0142656312697 -0.16546511619927 2.9333895187983
-2.47347403884 0.077121502288591 -2.9832858927331 0.10304915922613 -3.0846471432002 0 3.1072804997137 -0.047263686013931 3.0707004535264 -0.09528613573743
0.72483962560782 -2.9954917094207 0.21526353857374 -2.9919515868225 0.10264549532448 -3.1072804997137 0 3.1299545061598 -0.029159260081228 3.0980861069357
-2.239934657343 0.19175811000381 -2.9093564632466 0.17481544969014 -3.0142656312697 0.047263686013931 -3.1299545061598 0 3.1291899846732 -0.019452694883028
1.1572521466968 -2.8743835311495 0.27789743159314 -2.918419105198 0.16546511619927 -3.0707004535264 0.029159260081228 -3.1291899846732 0 3.1364830665254
-1.6840440247753 0.42500189422962 -2.8094039001122 0.27747904933521 -2.9333895187983 0.09528613573743 -3.0980861069357 0.019452694883028 -3.1364830665254 0
