0.16628009541984 0.10920226534959 0.094044563629289 0.079795389018144 0.066329942174789 0.054136454316478 0.043601446557444 0.034538271203813 0.027146634054383 0.021056243224818 0.016277076661704 0.012465256594266 0.0095695418564089 0.0073265257325734 0.0056871442645022 0.0045382321916133 0.0036252387229406 0.0032974200806398 0.0024921735803599 0.0021651523457764
0.10920226534959 0.082335431101612 0.07674756223776 0.069478169815896 0.061289064795688 0.053005616752874 0.045181921593949 0.038027968700599 0.031749170503577 0.026307678146388 0.021716683730128 0.017864700031345 0.014700973667939 0.01210385575264 0.01000961503029 0.0083459045164449 0.0069692013518814 0.0058876002262028 0.0049949947932429 0.0042931882575594
0.094044563629289 0.07674756223776 0.075359707137624 0.071324509748846 0.065559688890691 0.058985792198417 0.052243985544165 0.045703151249845 0.03962784436288 0.034117874627492 0.029234651512376 0.024963837149211 0.021284792064252 0.018135869480902 0.015467125023553 0.013220793327408 0.011310011827951 0.0096417479292916 0.00837116861316 0.0072424347070414
0.079795389018144 0.069478169815896 0.071324509748846 0.070127159916995 0.06674229099363 0.06205206583861 0.056702803714187 0.051138399099441 0.045660350896033 0.040458325354409 0.035639644243568 0.031263255188316 0.027344639190508 0.023873276958914 0.02082282925069 0.018153939907776 0.015829521335161 0.013718570639157 0.012081395308038 0.010571783612043
0.066329942174789 0.061289064795688 0.065559688890691 0.06674229099363 0.065536607099521 0.062715348807956 0.058877506536637 0.054485623080858 0.049854044004575 0.045226112163553 0.040744010388684 0.036519914616099 0.032602662983466 0.029023812665206 0.025782595819117 0.022859956276068 0.020259571903829 0.017844284467882 0.015908773338063 0.014093528155816
0.054136454316478 0.053005616752874 0.058985792198417 0.06205206583861 0.062715348807956 0.061606926347455 0.059248336758943 0.056083136678008 0.052418283621347 0.048522404895253 0.044559354650777 0.040676651784182 0.036949865017449 0.033442994384912 0.030178719615064 0.02715785539853 0.024415298631564 0.021826832275083 0.019679740387633 0.017645383759402
0.043601446557444 0.045181921593949 0.052243985544165 0.056702803714187 0.058877506536637 0.059248336758943 0.058244456130557 0.056265453660253 0.053596072710714 0.050507722111098 0.047173797846056 0.04376125552268 0.040364768425304 0.037071098905917 0.03392251117118 0.030937616614502 0.028173289212126 0.025529233072777 0.023260924768238 0.021094728792982
0.034538271203813 0.038027968700599 0.045703151249845 0.051138399099441 0.054485623080858 0.056083136678008 0.056265453660253 0.055376561590515 0.05366869447208 0.051401570992415 0.048747301349875 0.045880491830584 0.042906942725101 0.03992808696499 0.03700069652361 0.034158188360173 0.031472160185439 0.028868733917823 0.026565238720926 0.024347351266829
0.027146634054383 0.031749170503577 0.03962784436288 0.045660350896033 0.049854044004575 0.052418283621347 0.053596072710714 0.05366869447208 0.052850392044039 0.051377601983274 0.049413381853706 0.047129610846883 0.044636659851312 0.042043023125836 0.03941542675483 0.036798644021118 0.034272413075372 0.03179034192014 0.029526690443397 0.027328477061905
0.021056243224818 0.026307678146388 0.034117874627492 0.040458325354409 0.045226112163553 0.048522404895253 0.050507722111098 0.051401570992415 0.051377601983274 0.050643505705025 0.049346758152915 0.047650265454378 0.04566295419621 0.043494753706368 0.041217723033208 0.038884541383298 0.036578586249567 0.034277301727804 0.032117022129207 0.029997608090164
0.016277076661704 0.021716683730128 0.029234651512376 0.035639644243568 0.040744010388684 0.044559354650777 0.047173797846056 0.048747301349875 0.049413381853706 0.049346758152915 0.048676581379305 0.047550634087781 0.046072462810168 0.044348572610808 0.042452766612446 0.040442339381434 0.038400561993528 0.036325711783637 0.034318739578567 0.032326456405
0.012465256594266 0.017864700031345 0.024963837149211 0.031263255188316 0.036519914616099 0.040676651784182 0.04376125552268 0.045880491830584 0.047129610846883 0.047650265454378 0.047550634087781 0.046961951982561 0.045976214926604 0.04469597204114 0.043192643382798 0.041525250113884 0.039774763916987 0.037955098053873 0.036139337145852 0.034310535404948
0.0095695418564089 0.014700973667939 0.021284792064252 0.027344639190508 0.032602662983466 0.036949865017449 0.040364768425304 0.042906942725101 0.044636659851312 0.04566295419621 0.046072462810168 0.045976214926604 0.045457959590946 0.044608423384283 0.043496134646245 0.042179374691366 0.040735109034768 0.039188931270718 0.037590615819955 0.035952058843196
0.0073265257325734 0.01210385575264 0.018135869480902 0.023873276958914 0.029023812665206 0.033442994384912 0.037071098905917 0.03992808696499 0.042043023125836 0.043494753706368 0.044348572610808 0.04469597204114 0.044608423384283 0.044166162009165 0.043432081564953 0.042461736471033 0.041327343218373 0.040061521900937 0.038697356830627 0.037266481206792
0.0056871442645022 0.01000961503029 0.015467125023553 0.02082282925069 0.025782595819117 0.030178719615064 0.03392251117118 0.03700069652361 0.03941542675483 0.041217723033208 0.042452766612446 0.043192643382798 0.043496134646245 0.043432081564953 0.04305694246531 0.042421160220578 0.041592519773896 0.040607215105134 0.039485169216687 0.038272164713366
0.0045382321916133 0.0083459045164449 0.013220793327408 0.018153939907776 0.022859956276068 0.02715785539853 0.030937616614502 0.034158188360173 0.036798644021118 0.038884541383298 0.040442339381434 0.041525250113884 0.042179374691366 0.042461736471033 0.042421160220578 0.042196763763201 0.041570301572495 0.040858842244482 0.039980384291225 0.038988683872106
0.0036252387229406 0.0069692013518814 0.011310011827951 0.015829521335161 0.020259571903829 0.024415298631564 0.028173289212126 0.031472160185439 0.034272413075372 0.036578586249567 0.038400561993528 0.039774763916987 0.040735109034768 0.041327343218373 0.041592519773896 0.041570301572495 0.041373138286174 0.040869254689289 0.040230775589188 0.039460080721482
0.0032974200806398 0.0058876002262028 0.0096417479292916 0.013718570639157 0.017844284467882 0.021826832275083 0.025529233072777 0.028868733917823 0.03179034192014 0.034277301727804 0.036325711783637 0.037955098053873 0.039188931270718 0.040061521900937 0.040607215105134 0.040858842244482 0.040869254689289 0.041613135965972 0.040263058279468 0.039707083825782
0.0024921735803599 0.0049949947932429 0.00837116861316 0.012081395308038 0.015908773338063 0.019679740387633 0.023260924768238 0.026565238720926 0.029526690443397 0.032117022129207 0.034318739578567 0.036139337145852 0.037590615819955 0.038697356830627 0.039485169216687 0.039980384291225 0.040230775589188 0.040263058279468 0.040079485917685 0.039728408255474
0.0021651523457764 0.0042931882575594 0.0072424347070414 0.010571783612043 0.014093528155816 0.017645383759402 0.021094728792982 0.024347351266829 0.027328477061905 0.029997608090164 0.032326456405 0.034310535404948 0.035952058843196 0.037266481206792 0.038272164713366 0.038988683872106 0.039460080721482 0.039707083825782 0.039728408255474 0.039578243728249
