3.1415926535898 -0.32827302678998 3.0627121401463 -0.36376425766544 3.0877206457873 0.050140623591421 -2.7874565562509 0.51620466123718 -2.4902019456049 0.72394024490552
0.32827302678998 3.1415926535898 -0.06409955839803 3.0856324519175 -0.075682557711832 3.0776619641897 -0.038611571044599 3.1085362553535 -0.032259292460601 3.1144650778514
-3.0627121401463 0.06409955839803 3.1415926535898 -0.023870427259698 3.0830020315024 -0.063099920009724 3.0924702856387 -0.034191413631406 3.1229559636348 -0.0014904651033634
0.36376425766544 -3.0856324519175 0.023870427259698 3.1415926535898 -0.013365992549086 3.1314382846416 0.00043728789435941 -3.1373897250504 0.0071288196030946 -3.1309066937209
-3.0877206457873 0.075682557711832 -3.0830020315024 0.013365992549086 3.1415926535898 0.0018684066132493 -3.1340338116008 0.009009110204915 -3.13103756337 0.013295821838798
-0.050140623591421 -3.0776619641897 0.063099920009724 -3.1314382846416 -0.0018684066132493 3.1415926535898 0.0044755367743131 -3.1348286243488 0.0083171585075659 -3.1308860991625
2.7874565562509 0.038611571044599 -3.0924702856387 -0.00043728789435941 3.1340338116008 -0.0044755367743131 3.1415926535898 0.0031687661285513 -3.1365223122191 0.0074116498743617
-0.51620466123718 -3.1085362553535 0.034191413631406 3.1373897250504 -0.009009110204915 3.1348286243488 -0.0031687661285513 3.1415926535898 0.001718412066367 -3.1378792686367
2.4902019456049 0.032259292460601 -3.1229559636348 -0.0071288196030946 3.13103756337 -0.0083171585075659 3.1365223122191 -0.001718412066367 3.1415926535898 0.001755525677935
-0.72394024490552 -3.1144650778514 0.0014904651033634 3.1309066937209 -0.013295821838798 3.1308860991625 -0.0074116498743617 3.1378792686367 -0.001755525677935 3.1415926535898
