0.0025515904976842 0.0018518210333469 0.0016276526292901 0.0014371878005174 0.0013973359874629 0.0012928102354146 0.0012085926492701 0.0011435283657008 0.0011004081242568 0.001062207798442
0.0018518210333469 0.0011907478368957 0.00094404921970749 0.00095412029939369 0.00086318915014831 0.00081277561942733 0.00077804852493891 0.00074099060137561 0.0007108506262083 0.00068099835123394
0.0016276526292901 0.00094404921970749 0.00081041025823348 0.0007422337163532 0.00073458072748934 0.00070003633695854 0.00068122540548654 0.00065915455127103 0.00063970476934751 0.00061727952078009
0.0014371878005174 0.00095412029939369 0.0007422337163532 0.00071064328079258 0.00068270663772459 0.00065420866591705 0.00062886100861411 0.00060180835959331 0.0005773651301892 0.00054904171651552
0.0013973359874629 0.00086318915014831 0.00073458072748934 0.00068270663772459 0.00065697534666649 0.0006244047023051 0.0005924142780878 0.00056396987045854 0.00053956068244454 0.00051309441936032
0.0012928102354146 0.00081277561942733 0.00070003633695854 0.00065420866591705 0.0006244047023051 0.00058813779842384 0.00055804996814519 0.00053171694546879 0.00051137838363744 0.00048833696604144
0.0012085926492701 0.00077804852493891 0.00068122540548654 0.00062886100861411 0.0005924142780878 0.00055804996814519 0.00053178232742836 0.00050843159209889 0.00049245357589975 0.00047324555657391
0.0011435283657008 0.00074099060137561 0.00065915455127103 0.00060180835959331 0.00056396987045854 0.00053171694546879 0.00050843159209889 0.00048680470322315 0.00047352615124259 0.00045702190428845
0.0011004081242568 0.0007108506262083 0.00063970476934751 0.0005773651301892 0.00053956068244454 0.00051137838363744 0.00049245357589975 0.00047352615124259 0.00046297248088005 0.00044882259733833
0.001062207798442 0.00068099835123394 0.00061727952078009 0.00054904171651552 0.00051309441936032 0.00048833696604144 0.00047324555657391 0.00045702190428845 0.00044882259733833 0.00043682986520144
