-0.015154287274885 0.0018905459090252 -0.001249578681972 0.00076174964286451 -0.00039966496597399 0.00019088630261292 -0.00012751688145345 8.1675536075118e-05 -5.2209083512311e-05 3.5670937844682e-05
0.0018905459090252 -0.0093189235568851 0.0033768528336294 -0.0019782271049312 0.0014457864383445 -0.0010312800523595 0.0007883392573955 -0.00061769336119022 0.00049282075252234 -0.00040035819504221
-0.001249578681972 0.0033768528336294 -0.0064091093518372 0.0037842456915965 -0.0028565106593086 0.0022073411997478 -0.0017757858882952 0.0014788121370001 -0.0012486203947296 0.0010645354419864
0.00076174964286451 -0.0019782271049312 0.0037842456915965 -0.0043370889836699 0.0034886346153601 -0.0028540147316312 0.0023994446871733 -0.0020556038933361 0.0017843732329133 -0.0015660307942782
-0.00039966496597399 0.0014457864383445 -0.0028565106593086 0.0034886346153601 -0.0035253595378106 0.0031359821993282 -0.0027719078704962 0.0024589028836502 -0.0021902087331475 0.0019626695981751
0.00019088630261292 -0.0010312800523595 0.0022073411997478 -0.0028540147316312 0.0031359821993282 -0.0030788985243325 0.002870294873839 -0.0026367075284175 0.0024080828764185 -0.0021987609403332
-0.00012751688145345 0.0007883392573955 -0.0017757858882952 0.0023994446871733 -0.0027719078704962 0.002870294873839 -0.0028078511125926 0.0026619077979357 -0.0024879607936059 0.0023127923882351
8.1675536075118e-05 -0.00061769336119022 0.0014788121370001 -0.0020556038933361 0.0024589028836502 -0.0026367075284175 0.0026619077979357 -0.0025916509101518 0.0024718950890011 -0.0023349730706569
-5.2209083512311e-05 0.00049282075252234 -0.0012486203947296 0.0017843732329133 -0.0021902087331475 0.0024080828764185 -0.0024879607936059 0.0024718950890011 -0.0023990718647952 0.0022990205790447
3.5670937844682e-05 -0.00040035819504221 0.0010645354419864 -0.0015660307942782 0.0019626695981751 -0.0021987609403332 0.0023127923882351 -0.0023349730706569 0.0022990205790447 -0.0022320774318953
