0 2.9845449590839 -0.0011040528883451 3.1325690983947 -0.081307940992722 3.0414426540168 -0.13111360935756 2.9744684531945 -0.20415324560025 2.9043010651416
-2.9845449590839 0 3.1371597841207 -0.019191538643067 3.1187663239501 -0.018405410542929 3.1132390051585 -0.035174571327122 3.0992311179072 -0.051217964055885
0.0011040528883451 -3.1371597841207 0 3.1312996240427 -0.017012254156424 3.125568389354 -0.019711001767806 3.1198363802538 -0.022372531993488 3.1177362673843
-3.1325690983947 0.019191538643067 -3.1312996240427 0 3.1345809132076 -0.0066526046313794 3.1327437200536 -0.012231715669003 3.1278823533956 -0.014787859946346
0.081307940992722 -3.1187663239501 0.017012254156424 -3.1345809132076 0 -3.1415408325401 -0.0010156629176145 3.137971026496 -0.0051305453184998 3.1350739910688
-3.0414426540168 0.018405410542929 -3.125568389354 0.0066526046313794 3.1415408325401 0 3.1415133839277 -0.0017307288090675 3.1393997449394 -0.0023608394008269
0.13111360935756 -3.1132390051585 0.019711001767806 -3.1327437200536 0.0010156629176145 -3.1415133839277 0 3.1402608116652 -0.001373072548524 3.1405714569724
-2.9744684531945 0.035174571327122 -3.1198363802538 0.012231715669003 -3.137971026496 0.0017307288090675 -3.1402608116652 0 -3.1415594463039 0.00049517082162619
0.20415324560025 -3.0992311179072 0.022372531993488 -3.1278823533956 0.0051305453184998 -3.1393997449394 0.001373072548524 3.1415594463039 0 -3.1411221897876
-2.9043010651416 0.051217964055885 -3.1177362673843 0.014787859946346 -3.1350739910688 0.0023608394008269 -3.1405714569724 -0.00049517082162619 3.1411221897876 0
