0.0010741552607929 0.00086798659982083 0.00079655050206776 0.0007019157848869 0.00064238077363726 0.00059593148356387 0.00056381415249055 0.000544987769365 0.00053082922721421 0.00052019216772061
0.00086798659982083 0.00066485016402429 0.00058276365463072 0.00052528840581962 0.00048355269754554 0.00044999616469896 0.00043060222047027 0.00041826681701872 0.00040953782646687 0.00040278279971688
0.00079655050206776 0.00058276365463072 0.00051718121562724 0.00046699909943937 0.00043744374458113 0.00041048266724907 0.00039235143174966 0.00038147924270279 0.00037300616390174 0.00036620404710091
0.0007019157848869 0.00052528840581962 0.00046699909943937 0.00042472952905604 0.00039934429549175 0.00037706614952852 0.00035993429862681 0.00034894298947765 0.00034108708052663 0.00033509015867643
0.00064238077363726 0.00048355269754554 0.00043744374458113 0.00039934429549175 0.00037961539370514 0.00036150422417815 0.00034816633696547 0.00033986996877539 0.00033385406957722 0.00032907659309281
0.00059593148356387 0.00044999616469896 0.00041048266724907 0.00037706614952852 0.00036150422417815 0.00034504808862687 0.00033408703869941 0.00032747223304114 0.0003228778649765 0.00031938065117154
0.00056381415249055 0.00043060222047027 0.00039235143174966 0.00035993429862681 0.00034816633696547 0.00033408703869941 0.00032585010246383 0.00032074755479218 0.00031725753931087 0.00031468599809447
0.000544987769365 0.00041826681701872 0.00038147924270279 0.00034894298947765 0.00033986996877539 0.00032747223304114 0.00032074755479218 0.00031658186656852 0.00031394001202801 0.0003121380589191
0.00053082922721421 0.00040953782646687 0.00037300616390174 0.00034108708052663 0.00033385406957722 0.0003228778649765 0.00031725753931087 0.00031394001202801 0.00031204705935152 0.00031091300778082
0.00052019216772061 0.00040278279971688 0.00036620404710091 0.00033509015867643 0.00032907659309281 0.00031938065117154 0.00031468599809447 0.0003121380589191 0.00031091300778082 0.00031038435396068
