0.028344862640829 0.010929701008491 0.0079842741351104 0.0064877858008835 0.0055388919782858 0.0048743843030786 0.0043600098000028 0.0039454323426173 0.0036027597547406 0.0033216515194339 0.003084294356395 0.0028830123549006 0.0027131367041936 0.0025624978120154 0.002428296019717 0.0023195355041343 0.0022241190320881 0.0021256284226436 0.0020498837754214 0.0019692950135612
0.010929701008491 0.0066678578386466 0.0053983555914589 0.0046230556051072 0.004072504310638 0.0036508237357078 0.0033086737309417 0.0030231023174421 0.0027798655174082 0.0025744062116919 0.0023966968304283 0.0022416290868826 0.0021071131550537 0.0019857789469578 0.0018764680135553 0.0017848975911138 0.0016967974453008 0.0016211779705201 0.0015506073473062 0.0014851934760069
0.0079842741351104 0.0053983555914589 0.0048944037822004 0.0044321560945178 0.0040389679270862 0.0037058590065811 0.0034181304413098 0.0031672544427797 0.0029465025493975 0.0027541406545566 0.0025835447521593 0.0024313958137752 0.0022965882809352 0.0021736284704298 0.0020612126891778 0.001964981380026 0.0018701088827634 0.0017913252994561 0.0017147610339941 0.0016462457365514
0.0064877858008835 0.0046230556051072 0.0044321560945178 0.0042222241711923 0.003983384726014 0.0037470601898381 0.0035223608150022 0.0033132327908837 0.0031206698223471 0.002945625981512 0.0027858991992017 0.002639890770596 0.002507673517401 0.0023852366338174 0.0022715273080047 0.0021726786253891 0.0020747707722795 0.0019916105309055 0.0019112354516145 0.0018385106834139
0.0055388919782858 0.004072504310638 0.0040389679270862 0.003983384726014 0.0038721382233479 0.0037282255287141 0.0035693737573373 0.0034068793200492 0.0032475899216328 0.0030951525054759 0.0029511668428493 0.002815775684342 0.0026903327139015 0.002571852854452 0.0024601552870493 0.0023616369335761 0.0022635579424103 0.0021781776314169 0.0020960402544459 0.0020207106760171
0.0048743843030786 0.0036508237357078 0.0037058590065811 0.0037470601898381 0.0037282255287141 0.0036625902630574 0.0035654237111233 0.0034501109597679 0.0033265593410374 0.0032004355330416 0.0030759794270774 0.0029549218755399 0.0028398634022187 0.0027285480357808 0.0026218661974653 0.0025264228583969 0.0024306920718218 0.0023453588618751 0.0022633907413267 0.002187389381922
0.0043600098000028 0.0033086737309417 0.0034181304413098 0.0035223608150022 0.0035693737573373 0.0035654237111233 0.003521884695564 0.0034507781522049 0.0033627518718254 0.0032645088708541 0.0031618794585773 0.0030577987316348 0.0029559165911905 0.0028544915504105 0.0027554388194707 0.0026655737894314 0.0025744569573037 0.0024913497864185 0.0024114218961981 0.0023365739719255
0.0039454323426173 0.0030231023174421 0.0031672544427797 0.0033132327908837 0.0034068793200492 0.0034501109597679 0.0034507781522049 0.0034187472284691 0.0033639283098966 0.0032932051926687 0.0032131145085149 0.0031273613836432 0.0030403529371091 0.0029507345993891 0.002861224561147 0.0027788736421379 0.0026940330473445 0.0026150640384817 0.0025387666035056 0.0024665511036435
0.0036027597547406 0.0027798655174082 0.0029465025493975 0.0031206698223471 0.0032475899216328 0.0033265593410374 0.0033627518718254 0.0033639283098966 0.0033392452981891 0.0032937832949621 0.003235611093212 0.0031683464716805 0.0030968613830299 0.0030200790191576 0.0029412803448354 0.0028677241096259 0.0027903490737689 0.0027169480911466 0.0026455161979583 0.0025770916598682
0.0033216515194339 0.0025744062116919 0.0027541406545566 0.002945625981512 0.0030951525054759 0.0032004355330416 0.0032645088708541 0.0032932051926687 0.0032937832949621 0.0032722625356875 0.0032346862092304 0.00318540763188 0.0031294576544008 0.0030659160795202 0.0029984284964589 0.0029344124338851 0.0028652378166952 0.0027983825341198 0.0027326737387737 0.0026688616673966
0.003084294356395 0.0023966968304283 0.0025835447521593 0.0027858991992017 0.0029511668428493 0.0030759794270774 0.0031618794585773 0.0032131145085149 0.003235611093212 0.0032346862092304 0.0032159504418603 0.0031835211688661 0.0031425067954442 0.003092033773312 0.0030359589253777 0.002981789082703 0.0029212082160953 0.0028615346620529 0.0028021454830906 0.0027435629158484
0.0028830123549006 0.0022416290868826 0.0024313958137752 0.002639890770596 0.002815775684342 0.0029549218755399 0.0030577987316348 0.0031273613836432 0.0031683464716805 0.00318540763188 0.0031835211688661 0.0031665962721199 0.0031396465160836 0.0031017589543037 0.0030568878186791 0.0030125632041129 0.0029607007696661 0.0029085407065911 0.0028558133373325 0.0028028630440794
0.0027131367041936 0.0021071131550537 0.0022965882809352 0.002507673517401 0.0026903327139015 0.0028398634022187 0.0029559165911905 0.0030403529371091 0.0030968613830299 0.0031294576544008 0.0031425067954442 0.0031396465160836 0.0031258963659327 0.0030997251681349 0.0030656239116436 0.0030309108843543 0.0029876794313098 0.0029431277883959 0.0028971984702999 0.0028501010115795
0.0025624978120154 0.0019857789469578 0.0021736284704298 0.0023852366338174 0.002571852854452 0.0027285480357808 0.0028544915504105 0.0029507345993891 0.0030200790191576 0.0030659160795202 0.003092033773312 0.0031017589543037 0.0030997251681349 0.0030848421194383 0.0030608732980274 0.0030353826312219 0.0030005486468256 0.0029635474848085 0.0029244219507552 0.0028832849148676
0.002428296019717 0.0018764680135553 0.0020612126891778 0.0022715273080047 0.0024601552870493 0.0026218661974653 0.0027554388194707 0.002861224561147 0.0029412803448354 0.0029984284964589 0.0030359589253777 0.0030568878186791 0.0030656239116436 0.0030608732980274 0.0030466434322507 0.003029734131784 0.0030029655215397 0.0029733305987876 0.0029409026870743 0.0029057180750987
0.0023195355041343 0.0017848975911138 0.001964981380026 0.0021726786253891 0.0023616369335761 0.0025264228583969 0.0026655737894314 0.0027788736421379 0.0028677241096259 0.0029344124338851 0.002981789082703 0.0030125632041129 0.0030309108843543 0.0030353826312219 0.003029734131784 0.0030214703460108 0.0030018408409348 0.0029791722508813 0.0029531170587127 0.0029236535560718
0.0022241190320881 0.0016967974453008 0.0018701088827634 0.0020747707722795 0.0022635579424103 0.0024306920718218 0.0025744569573037 0.0026940330473445 0.0027903490737689 0.0028652378166952 0.0029212082160953 0.0029607007696661 0.0029876794313098 0.0030005486468256 0.0030029655215397 0.0030018408409348 0.0029992275098794 0.0029737893638962 0.0029539198539422 0.0029300891694957
0.0021256284226436 0.0016211779705201 0.0017913252994561 0.0019916105309055 0.0021781776314169 0.0023453588618751 0.0024913497864185 0.0026150640384817 0.0027169480911466 0.0027983825341198 0.0028615346620529 0.0029085407065911 0.0029431277883959 0.0029635474848085 0.0029733305987876 0.0029791722508813 0.0029737893638962 0.0029641047684765 0.0029500852303583 0.0029316466382403
0.0020498837754214 0.0015506073473062 0.0017147610339941 0.0019112354516145 0.0020960402544459 0.0022633907413267 0.0024114218961981 0.0025387666035056 0.0026455161979583 0.0027326737387737 0.0028021454830906 0.0028558133373325 0.0028971984702999 0.0029244219507552 0.0029409026870743 0.0029531170587127 0.0029539198539422 0.0029500852303583 0.0029442687386065 0.0029282503523694
0.0019692950135612 0.0014851934760069 0.0016462457365514 0.0018385106834139 0.0020207106760171 0.002187389381922 0.0023365739719255 0.0024665511036435 0.0025770916598682 0.0026688616673966 0.0027435629158484 0.0028028630440794 0.0028501010115795 0.0028832849148676 0.0029057180750987 0.0029236535560718 0.0029300891694957 0.0029316466382403 0.0029282503523694 0.0029216067712865
