0 -3.1185730584235 0.10831388056343 -3.0294257328207 0.074653248833289 -3.0844781168611 0.041212365788603 -3.1195235956963 0.00047907825271063 3.1180058635931
3.1185730584235 0 3.1270642249617 -0.058400800407953 3.0489702974137 -0.10572252093554 3.0310724073618 -0.11337675765122 3.029983493776 -0.10629990787823
-0.10831388056343 -3.1270642249617 0 3.1207860146872 -0.041454316834944 3.0845644625145 -0.069326248788751 3.0602313081982 -0.093841598233662 3.0356781767888
3.0294257328207 0.058400800407953 -3.1207860146872 0 3.1234438463276 -0.030384938611957 3.1013840910537 -0.050103039511057 3.082024328532 -0.068317003616245
-0.074653248833289 -3.0489702974137 0.041454316834944 -3.1234438463276 0 3.1311309778269 -0.017089094972292 3.1177820721028 -0.029823749369078 3.1063357051551
3.0844781168611 0.10572252093554 -3.0845644625145 0.030384938611957 -3.1311309778269 0 3.1361145627026 -0.010860982728647 3.1263580979639 -0.018998836598226
-0.041212365788603 -3.0310724073618 0.069326248788751 -3.1013840910537 0.017089094972292 -3.1361145627026 0 3.1365007090676 -0.0090017891872106 3.1292814889122
3.1195235956963 0.11337675765122 -3.0602313081982 0.050103039511057 -3.1177820721028 0.010860982728647 -3.1365007090676 0 3.137819682699 -0.0069158875064399
-0.00047907825271063 -3.029983493776 0.093841598233662 -3.082024328532 0.029823749369078 -3.1263580979639 0.0090017891872106 -3.137819682699 0 3.1384870885833
-3.1180058635931 0.10629990787823 -3.0356781767888 0.068317003616245 -3.1063357051551 0.018998836598226 -3.1292814889122 0.0069158875064399 -3.1384870885833 0
