0 -3.1409245662982 0.0015625781687971 -3.1388973662538 0.0040835423899573 -3.13585511372 0.0076506482485338 -3.1317672662418 0.012250732618031 -3.1266720005402
3.1409245662982 0 -3.1406309035654 0.0021949765189574 -3.1378854485725 0.0055031191199289 -3.1340225872111 0.0099036809566918 -3.129104615893 0.015311366307897
-0.0015625781687971 3.1406309035654 0 -3.1403277217682 0.0028306045321421 -3.1368964311014 0.006843017915231 -3.1323322192324 0.011927522559677 -3.1267653256815
3.1388973662538 -0.0021949765189574 3.1403277217682 0 -3.1400057816317 0.0034890596176994 -3.135911235354 0.0081470553380232 -3.1307327297429 0.013797982074384
-0.0040835423899573 3.1378854485725 -0.0028306045321421 3.1400057816317 0 -3.1396755072439 0.0041328125211047 -3.1349690723887 0.0093583028597436 -3.1292827051926
3.13585511372 -0.0055031191199289 3.1368964311014 -0.0034890596176994 3.1396755072439 0 -3.1393688461274 0.0047241879820905 -3.1341277474879 0.010414079559162
-0.0076506482485338 3.1340225872111 -0.006843017915231 3.135911235354 -0.0041328125211047 3.1393688461274 0 -3.1390909095372 0.0052400578656104 -3.1334143468071
3.1317672662418 -0.0099036809566918 3.1323322192324 -0.0081470553380232 3.1349690723887 -0.0047241879820905 3.1390909095372 0 -3.1388581013145 0.0056606815613718
-0.012250732618031 3.129104615893 -0.011927522559677 3.1307327297429 -0.0093583028597436 3.1341277474879 -0.0052400578656104 3.1388581013145 0 -3.1386747873123
3.1266720005402 -0.015311366307897 3.1267653256815 -0.013797982074384 3.1292827051926 -0.010414079559162 3.1334143468071 -0.0056606815613718 3.1386747873123 0
