0.011496572806028 0.0039054721586235 0.0095484862266629 0.013026157697411 0.015149821425111 0.016345693004255 0.016860193732686 0.016925836438316 0.016677809091212 0.016214446902526 0.015649391962355 0.015010688167366 0.014356159957057 0.013708742857726 0.013085509178355 0.012492419507781 0.011908524312618 0.01144420286492 0.010983482170671 0.010564256168067
0.0039054721586235 0.010693004404401 0.012323355850754 0.011145576328024 0.0087629692825764 0.0059411702349945 0.0030571561335569 0.00044277422300818 0.0020709216617168 0.0041291745830976 0.0058313011890731 0.00720741008174 0.008271944198196 0.0090755077821934 0.0096490328075608 0.010036178036766 0.010261415719824 0.010366675075872 0.010370289985492 0.010300479689812
0.0095484862266629 0.012323355850754 0.018791327322489 0.020810654249836 0.020300903800688 0.018347968220347 0.015588403500687 0.012519589482539 0.00941433282221 0.0064436540975541 0.003752251760917 0.0013689129057358 0.00073727265727317 0.0024433471284659 0.0038663539194562 0.0050204663196648 0.0059496424284319 0.0066198188863481 0.0071367431626821 0.0075063709940769
0.013026157697411 0.011145576328024 0.020810654249836 0.025650222909554 0.027346158138318 0.026973620289431 0.025233680470835 0.022717875503558 0.0197949377794 0.016721520468743 0.013724658012374 0.010885101496481 0.0082929395720822 0.0059787234315167 0.0039586013734702 0.0022087820957163 0.00067906819643506 0.00052064716919312 0.0015423074779356 0.0023810302645099
0.015149821425111 0.0087629692825764 0.020300903800688 0.027346158138318 0.031126324192084 0.032533551578052 0.032210373225449 0.030744759889201 0.028537650438281 0.025891548310937 0.023077481700931 0.020229521056512 0.017478523136236 0.014894857639603 0.012531449778917 0.010384948580111 0.0084188350897322 0.0068023757322254 0.0053372691746077 0.0040678712897868
0.016345693004255 0.0059411702349945 0.018347968220347 0.026973620289431 0.032533551578052 0.035659622287334 0.036865280025964 0.036674554212533 0.035473815883174 0.033577621356001 0.031271393763382 0.02872865896383 0.026108934579443 0.023513369041718 0.021032458054716 0.01868165478867 0.01644086984945 0.014523195701518 0.012721253469472 0.011099514705663
0.016860193732686 0.0030571561335569 0.015588403500687 0.025233680470835 0.032210373225449 0.036865280025964 0.039552040804753 0.040692056636025 0.040626951549174 0.039657575783749 0.03806200875701 0.036037851391997 0.033761620430371 0.031356125709569 0.028944488779359 0.026558572118863 0.024196986501966 0.02210385939688 0.020076529179099 0.018195951930531
0.016925836438316 0.00044277422300818 0.012519589482539 0.022717875503558 0.030744759889201 0.036674554212533 0.040692056636025 0.043101785889088 0.044182050411905 0.044202339039307 0.043418567677109 0.042038225906726 0.040244624381943 0.038173674262507 0.03597378732196 0.03369023397173 0.031339913387148 0.02918666725499 0.02704128928666 0.024997521556263
0.016677809091212 0.0020709216617168 0.00941433282221 0.0197949377794 0.028537650438281 0.035473815883174 0.040626951549174 0.044182050411905 0.046345517356166 0.047344496560456 0.047403417897321 0.046727839641607 0.045499503781113 0.043860134185746 0.041975414185727 0.039900972080961 0.037669927991121 0.035556534882147 0.033389842217397 0.031272971934699
0.016214446902526 0.0041291745830976 0.0064436540975541 0.016721520468743 0.025891548310937 0.033577621356001 0.039657575783749 0.044202339039307 0.047344496560456 0.049307236339818 0.050146195154529 0.050188204807829 0.049562953617663 0.04841214190104 0.046911123893576 0.045123035318141 0.04309429630745 0.041102307497135 0.038996265841215 0.03688570624562
0.015649391962355 0.0058313011890731 0.003752251760917 0.013724658012374 0.023077481700931 0.031271393763382 0.03806200875701 0.043418567677109 0.047403417897321 0.050146195154529 0.051796382738217 0.052530909658062 0.052510786413686 0.05187286563063 0.05079514308256 0.049345516593703 0.047580272307479 0.045774255160938 0.043796634176152 0.041760701552358
0.015010688167366 0.00720741008174 0.0013689129057358 0.010885101496481 0.020229521056512 0.02872865896383 0.036037851391997 0.042038225906726 0.046727839641607 0.050188204807829 0.052530909658062 0.05391118489853 0.054474180742003 0.054348664794173 0.053709659190584 0.052627611813259 0.051165402144524 0.049591339883534 0.047793103178403 0.045885649087742
0.014356159957057 0.008271944198196 0.00073727265727317 0.0082929395720822 0.017478523136236 0.026108934579443 0.033761620430371 0.040244624381943 0.045499503781113 0.049562953617663 0.052510786413686 0.054474180742003 0.055588097940232 0.055948630159982 0.055745579996548 0.055042614706871 0.053906139434573 0.052595116573398 0.051013505360973 0.049276194844209
0.013708742857726 0.0090755077821934 0.0024433471284659 0.0059787234315167 0.014894857639603 0.023513369041718 0.031356125709569 0.038173674262507 0.043860134185746 0.04841214190104 0.05187286563063 0.054348664794173 0.055948630159982 0.056795298849008 0.056996923732655 0.056671924880865 0.055871345886096 0.05484292171586 0.053504234942803 0.051968700309233
0.013085509178355 0.0096490328075608 0.0038663539194562 0.0039586013734702 0.012531449778917 0.021032458054716 0.028944488779359 0.03597378732196 0.041975414185727 0.046911123893576 0.05079514308256 0.053709659190584 0.055745579996548 0.056996923732655 0.057608768100348 0.057644440779283 0.057174575386244 0.056432926659212 0.055348374825852 0.054031772931354
0.012492419507781 0.010036178036766 0.0050204663196648 0.0022087820957163 0.010384948580111 0.01868165478867 0.026558572118863 0.03369023397173 0.039900972080961 0.045123035318141 0.049345516593703 0.052627611813259 0.055042614706871 0.056671924880865 0.057644440779283 0.058025855809947 0.057877219621182 0.057422630838928 0.056599194245817 0.055514381826997
0.011908524312618 0.010261415719824 0.0059496424284319 0.00067906819643506 0.0084188350897322 0.01644086984945 0.024196986501966 0.031339913387148 0.037669927991121 0.04309429630745 0.047580272307479 0.051165402144524 0.053906139434573 0.055871345886096 0.057174575386244 0.057877219621182 0.058107582901692 0.057865081989524 0.057303869265198 0.056457551068895
0.01144420286492 0.010366675075872 0.0066198188863481 0.00052064716919312 0.0068023757322254 0.014523195701518 0.02210385939688 0.02918666725499 0.035556534882147 0.041102307497135 0.045774255160938 0.049591339883534 0.052595116573398 0.05484292171586 0.056432926659212 0.057422630838928 0.057865081989524 0.057956435449868 0.057645765397896 0.057032185868797
0.010983482170671 0.010370289985492 0.0071367431626821 0.0015423074779356 0.0053372691746077 0.012721253469472 0.020076529179099 0.02704128928666 0.033389842217397 0.038996265841215 0.043796634176152 0.047793103178403 0.051013505360973 0.053504234942803 0.055348374825852 0.056599194245817 0.057303869265198 0.057645765397896 0.057580758550336 0.057192918568471
0.010564256168067 0.010300479689812 0.0075063709940769 0.0023810302645099 0.0040678712897868 0.011099514705663 0.018195951930531 0.024997521556263 0.031272971934699 0.03688570624562 0.041760701552358 0.045885649087742 0.049276194844209 0.051968700309233 0.054031772931354 0.055514381826997 0.056457551068895 0.057032185868797 0.057192918568471 0.057029197257204
