0.0023276498604116 0.0012647097278037 0.0011944007674576 0.0011745707377012 0.0011780668639562 0.0011918369869386 0.0011990736362833 0.0012041692277202 0.0012056723679098 0.0012078041733792
0.0012647097278037 0.00065915842182569 0.00065302631774491 0.00065414950963199 0.00065635314909426 0.00066138259723096 0.00066407419171163 0.00066703047525954 0.00066866556830122 0.00067106169381166
0.0011944007674576 0.00065302631774491 0.00063690091426303 0.00063386989930195 0.00063380785171613 0.00063869182989044 0.00064124318192848 0.000643604646867 0.00064427218242502 0.00064544861346455
0.0011745707377012 0.00065414950963199 0.00063386989930195 0.00062638800270055 0.00062479355917383 0.00062899349496132 0.00063139686925388 0.00063382410794712 0.00063460816463642 0.00063594159368482
0.0011780668639562 0.00065635314909426 0.00063380785171613 0.00062479355917383 0.00062370277634986 0.0006288976973292 0.0006322311997998 0.00063546378681819 0.00063692761372505 0.000638992971085
0.0011918369869386 0.00066138259723096 0.00063869182989044 0.00062899349496132 0.0006288976973292 0.00063505634871405 0.00063912934479359 0.00064298522373037 0.00064496698397433 0.0006476483807005
0.0011990736362833 0.00066407419171163 0.00064124318192848 0.00063139686925388 0.0006322311997998 0.00063912934479359 0.00064365960777809 0.0006478829962356 0.00065018227002379 0.00065328509817058
0.0012041692277202 0.00066703047525954 0.000643604646867 0.00063382410794712 0.00063546378681819 0.00064298522373037 0.0006478829962356 0.00065236901243733 0.00065488618274335 0.0006583020094405
0.0012056723679098 0.00066866556830122 0.00064427218242502 0.00063460816463642 0.00063692761372505 0.00064496698397433 0.00065018227002379 0.00065488618274335 0.00065758547779625 0.00066125887186874
0.0012078041733792 0.00067106169381166 0.00064544861346455 0.00063594159368482 0.000638992971085 0.0006476483807005 0.00065328509817058 0.0006583020094405 0.00066125887186874 0.00066523582844324
