0.00017354824056876 0.00094145181540312 0.0009435707551901 0.00085250535377141 0.00070309279126372 0.00061838066581488 0.00055581175812166 0.00051633880930394 0.00049152571034972 0.00047175573143641
0.00094145181540312 0.00040195227935638 0.00027940971440953 0.00025388027750499 0.00019784840004926 0.00018066621559333 0.00016430149811008 0.00015698422108327 0.00015156092718127 0.00014745167340167
0.0009435707551901 0.00027940971440953 0.00038733557487558 0.00026951551777256 0.00020415138439753 0.00018969375620342 0.00017193930730497 0.00015949920005959 0.00015076403808508 0.00014370906900524
0.00085250535377141 0.00025388027750499 0.00026951551777256 0.0003528182112743 0.000253543171241 0.00021834018046595 0.00018744668741623 0.00016665037420552 0.00015427576767277 0.00014627058661717
0.00070309279126372 0.00019784840004926 0.00020415138439753 0.000253543171241 0.00023961977896601 0.00019156920680145 0.00016140220630207 0.00014132861700802 0.00012904271718199 0.00012078435333121
0.00061838066581488 0.00018066621559333 0.00018969375620342 0.00021834018046595 0.00019156920680145 0.00018589176775654 0.00016330990404818 0.00014687506881271 0.00013506098083923 0.0001264975786127
0.00055581175812166 0.00016430149811008 0.00017193930730497 0.00018744668741623 0.00016140220630207 0.00016330990404818 0.00015297544496122 0.00014103082698714 0.00013147800451273 0.00012407108018898
0.00051633880930394 0.00015698422108327 0.00015949920005959 0.00016665037420552 0.00014132861700802 0.00014687506881271 0.00014103082698714 0.00013349293556451 0.00012618964937236 0.00011985383740318
0.00049152571034972 0.00015156092718127 0.00015076403808508 0.00015427576767277 0.00012904271718199 0.00013506098083923 0.00013147800451273 0.00012618964937236 0.00012087734231984 0.00011579339974612
0.00047175573143641 0.00014745167340167 0.00014370906900524 0.00014627058661717 0.00012078435333121 0.0001264975786127 0.00012407108018898 0.00011985383740318 0.00011579339974612 0.00011191321327192
