0 0.0023394770001676
0.196 0.0022796203879106
0.392 0.0021187452512192
0.588 0.0019019655063452
0.784 0.0016759023313593
0.98 0.0014691160399634
1.176 0.0012880000078652
1.372 0.0011275655278282
1.568 0.00098388505756342
1.764 0.00085728072931909
1.96 0.00074987199909378
2.156 0.00066399757964639
2.352 0.00060154108086447
2.548 0.00056146775955094
2.744 0.00053778088999042
2.94 0.00052184846124391
3.136 0.00050539011472303
3.332 0.00048154762394528
3.528 0.00044696296650307
3.724 0.00040391181018735
3.92 0.00035898632247475
4.116 0.00031939698403373
4.312 0.00028966798406959
4.508 0.00026879653742875
4.704 0.00025088389030851
4.9 0.00023095368131123
5.096 0.00020902490517712
5.292 0.00018832845131046
5.488 0.00017109735438086
5.684 0.00015643835323239
5.88 0.00014188692117019
6.076 0.00012613486459127
6.272 0.00010974158268837
6.468 9.3919145342621e-05
6.664 7.9299411720381e-05
6.86 6.581105540744e-05
7.056 5.3210541105281e-05
7.252 4.147866450327e-05
7.448 3.0919074591056e-05
7.644 2.204173507326e-05
7.84 1.5300019170593e-05
8.036 1.0771140210751e-05
8.232 7.9886256883942e-06
8.428 6.1956679173249e-06
8.624 4.8118812306444e-06
8.82 3.5873517365783e-06
9.016 2.4885140040994e-06
9.212 1.5712398492272e-06
9.408 8.8947763299881e-07
9.604 4.4704664331984e-07
