0.0025001739524601 -0.00095975024636355 0.0016423718499838 -0.0020783771992888 0.0022886455713085 -0.0025800432990357 0.0026644188648431 -0.0029253902254269 0.002935262142818 -0.0032020454156617
-0.00095975024636355 0.0077656457713236 -0.0029509016720934 0.0034986288099489 -0.0041770867517676 0.0043772712341909 -0.0049686600730337 0.0049988000035528 -0.0055900242228521 0.0054845194429086
0.0016423718499838 -0.0029509016720934 0.0099690139429146 -0.0049601132937248 0.0052575519853154 -0.0059801529821655 0.0060979815218849 -0.0068002869791231 0.0067644560930765 -0.0074930562694456
-0.0020783771992888 0.0034986288099489 -0.0049601132937248 0.011079615803774 -0.0066575455935979 0.0068179223993209 -0.0074627588961364 0.0076046778873864 -0.0082521263995649 0.0082965780050797
0.0022886455713085 -0.0041770867517676 0.0052575519853154 -0.0066575455935979 0.011740052159775 -0.0081470189153814 0.0081630626465038 -0.008810143129368 0.0088862202764477 -0.0095799477027462
-0.0025800432990357 0.0043772712341909 -0.0059801529821655 0.0068179223993209 -0.0081470189153814 0.012343831432843 -0.0094631704709225 0.0095019212215107 -0.010026893611326 0.010200365208965
0.0026644188648431 -0.0049686600730337 0.0060979815218849 -0.0074627588961364 0.0081630626465038 -0.0094631704709225 0.012839976732295 -0.010662182803305 0.010635058639629 -0.011192193247154
-0.0029253902254269 0.0049988000035528 -0.0068002869791231 0.0076046778873864 -0.008810143129368 0.0095019212215107 -0.010662182803305 0.013499593623726 -0.011758577310286 0.011851409031533
0.002935262142818 -0.0055900242228521 0.0067644560930765 -0.0082521263995649 0.0088862202764477 -0.010026893611326 0.010635058639629 -0.011758577310286 0.014061014606042 -0.012796395495938
-0.0032020454156617 0.0054845194429086 -0.0074930562694456 0.0082965780050797 -0.0095799477027462 0.010200365208965 -0.011192193247154 0.011851409031533 -0.012796395495938 0.014849469748348
