0.0059965243900423 0.00072500690404294 -0.00024611236809406 6.0389292841705e-06 0.00015863405509748 -0.00028451319907929 0.00038693127736897 -0.00047418888659625 0.00055090587023243 -0.00061959481479291
0.00072500690404294 0.0057277744324872 -0.00018257806739922 0.00023524753224346 -0.00029504412120123 0.00035540205846238 -0.00041103260218097 0.00046161754242979 -0.0005081250670205 0.0005518359383977
-0.00024611236809406 -0.00018257806739922 0.0052022828015356 -0.00061279562077986 0.00051491976301285 -0.00051121874829166 0.00053838041193823 -0.00057416621032547 0.00061197951895002 -0.00064974962245431
6.0389292841705e-06 0.00023524753224346 -0.00061279562077986 0.0046295889707711 -0.00091627280668751 0.00074402845771879 -0.00070372963688092 0.00070960771245525 -0.00073241383326256 0.00076145192238608
0.00015863405509748 -0.00029504412120123 0.00051491976301285 -0.00091627280668751 0.0041137927776302 -0.0011387399178809 0.00093689644061746 -0.00087742973466801 0.00086937462520644 -0.00088332513018864
-0.00028451319907929 0.00035540205846238 -0.00051121874829166 0.00074402845771879 -0.0011387399178809 0.0036897448800949 -0.0013061043385374 0.0011011176710543 -0.001034457451959 0.0010178371796058
0.00038693127736897 -0.00041103260218097 0.00053838041193823 -0.00070372963688092 0.00093689644061746 -0.0013061043385374 0.0033592494622098 -0.0014367143758325 0.0012427227144313 -0.0011771743302276
-0.00047418888659625 0.00046161754242979 -0.00057416621032547 0.00070960771245525 -0.00087742973466801 0.0011011176710543 -0.0014367143758325 0.0031106280638521 -0.0015441260888071 0.0013673956401777
0.00055090587023243 -0.0005081250670205 0.00061197951895002 -0.00073241383326256 0.00086937462520644 -0.001034457451959 0.0012427227144313 -0.0015441260888071 0.0029290514392687 -0.0016382106595681
-0.00061959481479291 0.0005518359383977 -0.00064974962245431 0.00076145192238608 -0.00088332513018864 0.0010178371796058 -0.0011771743302276 0.0013673956401777 -0.0016382106595681 0.0028008446830511
