0.007277656174724 -0.0011163428231204 0.0018996685822764 -0.0023964747389038 0.0027812720193054 -0.0031007420869933 0.0033766042293598 -0.0036216153760264 0.0038439350735204 -0.0040483616435217
-0.0011163428231204 0.0078006736194305 -0.0021184137339704 0.0024578492093787 -0.0027424182275621 0.0029967351377724 -0.003224575473831 0.0034310975466651 -0.0036207159534969 0.0037966166915305
0.0018996685822764 -0.0021184137339704 0.0081567402415093 -0.0031467360813228 0.0033229503702077 -0.0035420844358976 0.0037662327910631 -0.0039808791922664 0.0041821886685807 -0.0043727927086604
-0.0023964747389038 0.0024578492093787 -0.0031467360813228 0.0082234010630912 -0.004056101435242 0.0041297852797327 -0.0043060056027632 0.0045085578249132 -0.0047141155732592 0.0049113777361251
0.0027812720193054 -0.0027424182275621 0.0033229503702077 -0.004056101435242 0.0082154106963944 -0.0048589073885355 0.0048788391336188 -0.0050286492603234 0.0052154668231909 -0.0054142797607117
-0.0031007420869933 0.0029967351377724 -0.0035420844358976 0.0041297852797327 -0.0048589073885355 0.0082394662363127 -0.0055775966424295 0.0055778464432114 -0.0057141287733362 0.0058896882782324
0.0033766042293598 -0.003224575473831 0.0037662327910631 -0.0043060056027632 0.0048788391336188 -0.0055775966424295 0.0083334676701722 -0.0062329772636298 0.0062345246771002 -0.00636698587996
-0.0036216153760264 0.0034310975466651 -0.0039808791922664 0.0045085578249132 -0.0050286492603234 0.0055778464432114 -0.0062329772636298 0.008502651563431 -0.0068422079424306 0.0068560844453457
0.0038439350735204 -0.0036207159534969 0.0041821886685807 -0.0047141155732592 0.0052154668231909 -0.0057141287733362 0.0062345246771002 -0.0068422079424306 0.0087384520187749 -0.0074189634158045
-0.0040483616435217 0.0037966166915305 -0.0043727927086604 0.0049113777361251 -0.0054142797607117 0.0058896882782324 -0.00636698587996 0.0068560844453457 -0.0074189634158045 0.0090284823007755
