-0.0022804938216995 -0.0028121342765512 0.002597926517158 -0.0026090241273197 0.0026570805577046 -0.0027453280552738 0.0028001712879446 -0.0029173354039074 0.0029320476350127 -0.0031113602218773
-0.0028121342765512 -0.0040034604543374 -0.0023959444992393 0.0024466793585844 -0.0025825612581781 0.0026287960286944 -0.0028099169558821 0.0027615230432917 -0.0030766990762149 0.0027572902711009
0.002597926517158 -0.0023959444992393 -0.0035698223468675 -0.0025666545196869 0.0027320292747189 -0.0029894338994819 0.002993008777911 -0.0033435313889877 0.0030682932860046 -0.0039133741865134
-0.0026090241273197 0.0024466793585844 -0.0025666545196869 -0.0026882143949123 -0.0028128253366233 0.0029945448974024 -0.0034065931597979 0.0032465079451723 -0.0040076004661682 0.002860631018269
0.0026570805577046 -0.0025825612581781 0.0027320292747189 -0.0028128253366233 -0.0017367281254098 -0.0031653148266069 0.0032131243708411 -0.0039372743651194 0.003138628658753 -0.0050547787456082
-0.0027453280552738 0.0026287960286944 -0.0029894338994819 0.0029945448974024 -0.0031653148266069 -0.00092798945416692 -0.0037108913795068 0.0031537189020484 -0.0048078687372842 0.0038759648419573
0.0028001712879446 -0.0028099169558821 0.002993008777911 -0.0034065931597979 0.0032131243708411 -0.0037108913795068 -0.00056025880239517 -0.0046538583832449 0.0038195914004295 -0.0024810021107288
-0.0029173354039074 0.0027615230432917 -0.0033435313889877 0.0032465079451723 -0.0039372743651194 0.0031537189020484 -0.0046538583832449 0.00020854557302891 -0.0028884440574364 0.006846033497891
0.0029320476350127 -0.0030766990762149 0.0030682932860046 -0.0040076004661682 0.003138628658753 -0.0048078687372842 0.0038195914004295 -0.0028884440574364 0.0029181758043168 -0.004765341861647
-0.0031113602218773 0.0027572902711009 -0.0039133741865134 0.002860631018269 -0.0050547787456082 0.0038759648419573 -0.0024810021107288 0.006846033497891 -0.004765341861647 -4.9683010064521e-05
