0.0053795734852556 0.0013279689902886 -0.00087218039033081 0.00067265633542055 -0.00055620557249473 0.00047600112236943 -0.00041871590741464 0.00037317613138649 -0.00034265804261449 0.00030522883469812
0.0013279689902886 0.0054619283291333 0.00032512662386968 -0.00030033527649287 0.0002545839033923 -0.00023615923265198 0.00020882044192469 -0.00020375369271051 0.0001596738515447 -7.7937523493373e-05
-0.00087218039033081 0.00032512662386968 0.0049162753489907 -1.7119939844412e-05 -0.00012562226429059 0.0001104401395955 -0.0001509662502565 0.00010137701150941 -6.8768414266086e-05 0.00063059867588995
0.00067265633542055 -0.00030033527649287 -1.7119939844414e-05 0.0043191078302775 -0.00021630545239754 -3.8747667443596e-05 -3.0145930751236e-05 -3.5568660948921e-05 0.00051442047090677 0.00064212893884252
-0.00055620557249473 0.0002545839033923 -0.00012562226429059 -0.00021630545239754 0.0037937140082131 -0.00034769400413164 3.057952571266e-05 0.00028280154958828 0.00068835886370322 -0.00058606154471666
0.00047600112236943 -0.00023615923265199 0.0001104401395955 -3.8747667443596e-05 -0.00034769400413164 0.003443629819568 -4.4966152962412e-06 0.00064853617247445 -0.0005816865926165 -0.0022256279610228
-0.00041871590741464 0.00020882044192469 -0.0001509662502565 -3.0145930751236e-05 3.057952571266e-05 -4.4966152962409e-06 0.0038573093226051 -0.00062027410449828 -0.0020669595177938 -0.0012039749840811
0.00037317613138649 -0.00020375369271051 0.00010137701150941 -3.5568660948921e-05 0.00028280154958828 0.00064853617247445 -0.00062027410449828 0.0013263151410224 -0.0011212934623379 0.0008353339459407
-0.00034265804261449 0.0001596738515447 -6.8768414266087e-05 0.00051442047090677 0.00068835886370322 -0.0005816865926165 -0.0020669595177938 -0.0011212934623379 0.0044479582852369 -0.0001002945081298
0.00030522883469812 -7.7937523493373e-05 0.00063059867588995 0.00064212893884252 -0.00058606154471666 -0.0022256279610228 -0.0012039749840811 0.0008353339459407 -0.0001002945081298 0.0036751858976337
