0.0059374238401829 0.00026485979935566 0.00033690021727891 -0.00066112717725978 0.00088393681121883 -0.001060178636969 0.0011977894403033 -0.0013254069355268 0.0014169173194212 -0.0015443123767278
0.00026485979935566 0.006685229372474 -0.00063052957804407 0.00081084980134526 -0.00096440012420395 0.0010660277256137 -0.0011895282507553 0.0012413992293572 -0.0013950828993485 0.0012810411630816
0.00033690021727891 -0.00063052957804408 0.0066872751180022 -0.0012369545721187 0.0012391211861162 -0.0013589012438195 0.0013778570137059 -0.0015570690810679 0.0014198311524238 -0.00201089840134
-0.00066112717725978 0.00081084980134526 -0.0012369545721187 0.006395851859788 -0.0017167927229928 0.0015820092242026 -0.0017534021421758 0.0015741682834203 -0.0021347419562674 0.0014002544983704
0.00088393681121883 -0.00096440012420395 0.0012391211861162 -0.0017167927229928 0.0060491990996895 -0.0021087895529331 0.0017881609823551 -0.0023145267133153 0.0015716742771896 -0.0016835527116947
-0.001060178636969 0.0010660277256137 -0.0013589012438195 0.0015820092242026 -0.0021087895529331 0.0057213158747285 -0.0025701471020469 0.0017763382799824 -0.0020705303440018 0.0042522055647776
0.0011977894403033 -0.0011895282507553 0.0013778570137059 -0.0017534021421758 0.0017881609823551 -0.0025701471020469 0.0053958458211333 -0.0022477605900798 0.0040263121122747 -0.00070995434845014
-0.0013254069355268 0.0012413992293572 -0.0015570690810679 0.0015741682834203 -0.0023145267133153 0.0017763382799824 -0.0022477605900798 0.0074747065768411 -0.00075364231264622 0.001878199873815
0.0014169173194212 -0.0013950828993485 0.0014198311524238 -0.0021347419562674 0.0015716742771896 -0.0020705303440018 0.0040263121122747 -0.00075364231264622 0.0057531415659095 -0.0036082581945514
-0.0015443123767278 0.0012810411630816 -0.0020108984013399 0.0014002544983704 -0.0016835527116947 0.0042522055647776 -0.00070995434845014 0.001878199873815 -0.0036082581945514 0.0074949842496045
