0.0026876652481636 -0.00079120709053756 0.00074667264948201 -0.0010551899325072 0.0011916207542204 -0.0014714259968642 0.0014512238655152 -0.0017389312102116 0.0016173223574429 -0.001944912703997
-0.00079120709053756 0.0078793779648905 -0.0023213770873301 0.0012291529881189 -0.0016825407968275 0.0017048054541877 -0.0023052480237909 0.0020594565457471 -0.0027577711371474 0.0022998560842879
0.00074667264948201 -0.0023213770873301 0.010529078019885 -0.004110177352946 0.002132317412641 -0.0026490334549641 0.0024992902550329 -0.0032153236555249 0.0028227468327291 -0.0036908234934226
-0.0010551899325072 0.0012291529881189 -0.004110177352946 0.011775636814303 -0.0054879071112727 0.0030399450864973 -0.0034474561878077 0.0032923928998288 -0.0038818231457473 0.0035923650782882
0.0011916207542204 -0.0016825407968275 0.002132317412641 -0.0054879071112727 0.012265238875053 -0.0065360393959631 0.0037841073501969 -0.0042065566869525 0.003895911688146 -0.0045311869847725
-0.0014714259968642 0.0017048054541877 -0.0026490334549641 0.0030399450864973 -0.0065360393959631 0.01251084439083 -0.0073092166254315 0.0046250109949502 -0.0048575018787463 0.0046554354014893
0.0014512238655152 -0.0023052480237909 0.0024992902550329 -0.0034474561878077 0.0037841073501969 -0.0073092166254315 0.012430450004279 -0.0078998848976519 0.0052035752638834 -0.0054934124064261
-0.0017389312102116 0.0020594565457471 -0.0032153236555249 0.0032923928998288 -0.0042065566869525 0.0046250109949502 -0.0078998848976519 0.012486880326792 -0.0083328161332017 0.0059567563375095
0.0016173223574429 -0.0027577711371474 0.0028227468327291 -0.0038818231457473 0.003895911688146 -0.0048575018787463 0.0052035752638834 -0.0083328161332017 0.012310342420409 -0.0086790469108935
-0.001944912703997 0.0022998560842879 -0.0036908234934227 0.0035923650782882 -0.0045311869847725 0.0046554354014893 -0.0054934124064261 0.0059567563375095 -0.0086790469108935 0.012470940709639
