0.014108026210482 0.0027724046760585 -0.0024374049932156 0.0019856399412665 -0.0016580625494931 0.0014276042051155 -0.0012547227511938 0.0011203611414438 -0.0010113734852632 0.00092078734181148
0.0027724046760585 0.013454935409875 -0.00016858437784279 -0.0009130422772793 0.00091612288365008 -0.00081977785409972 0.00074196180029114 -0.00067141541577064 0.00061378675769475 -0.00056510226807577
-0.0024374049932156 -0.00016858437784279 0.012284029605517 -0.0012350463120523 -0.00039922454511726 0.00058152074958123 -0.00057588304127976 0.00055615743019811 -0.00052282536086213 0.00049174341508982
0.0019856399412665 -0.0009130422772793 -0.0012350463120523 0.011038059283441 -0.0018697361702664 -3.2711951462209e-05 0.00031443966755947 -0.00038291141337812 0.00040821083180585 -0.00040262080747814
-0.0016580625494931 0.00091612288365008 -0.00039922454511726 -0.0018697361702664 0.0098644521677799 -0.002247127253511 0.00023715116308278 8.9249893609189e-05 -0.00021519274438361 0.00027715494581325
0.0014276042051155 -0.00081977785409972 0.00058152074958123 -3.2711951462208e-05 -0.002247127253511 0.0088280030340389 -0.0024474840718849 0.00043178466896784 -9.9529927334829e-05 -7.0313405616535e-05
-0.0012547227511938 0.00074196180029114 -0.00057588304127976 0.00031443966755947 0.00023715116308278 -0.0024474840718849 0.0079504760093013 -0.002526364617581 0.00056243488622101 -0.00025774461447337
0.0011203611414438 -0.00067141541577064 0.00055615743019811 -0.00038291141337812 8.9249893609188e-05 0.00043178466896784 -0.002526364617581 0.007226972954758 -0.0025250252172793 0.0006314360986
-0.0010113734852632 0.00061378675769474 -0.00052282536086213 0.00040821083180585 -0.00021519274438362 -9.9529927334829e-05 0.00056243488622101 -0.0025250252172793 0.0066387733416444 -0.0024843768767212
0.00092078734181148 -0.00056510226807577 0.00049174341508982 -0.00040262080747814 0.00027715494581325 -7.0313405616535e-05 -0.00025774461447337 0.0006314360986 -0.0024843768767212 0.0061234072603562
