0.002689039350931 -0.00080010273009732 0.00072506294176258 -0.0010790889557815 0.0011626074797385 -0.0015116784340568 0.0014064350631651 -0.0017990974803637 0.0015496958410403 -0.0020346915775582
-0.00080010273009732 0.0078654860071835 -0.002378646322245 0.0011549738265179 -0.0017685937490848 0.0016153423562813 -0.0024315911178645 0.0019290004019724 -0.0029394570553095 0.0021018163494666
0.00072506294176258 -0.002378646322245 0.010506700928689 -0.0041936826351677 0.0020106692331049 -0.0027638568571358 0.0023689652539692 -0.0033818077593098 0.0026362917834855 -0.0039343255761653
-0.0010790889557815 0.0011549738265179 -0.0041936826351677 0.011791848853047 -0.0055756048496571 0.002925328563447 -0.0035567023981841 0.0031985607549183 -0.0040334498060071 0.0034520193797053
0.0011626074797385 -0.0017685937490848 0.0020106692331049 -0.0055756048496571 0.012304838486925 -0.0066187102777566 0.0036174745802577 -0.0043191339513172 0.0037625932571749 -0.004695389677145
-0.0015116784340568 0.0016153423562813 -0.0027638568571358 0.002925328563447 -0.0066187102777566 0.01266775641531 -0.0073653101199299 0.0044918291647506 -0.0049271044764222 0.004615926858871
0.0014064350631651 -0.0024315911178645 0.0023689652539692 -0.0035567023981841 0.0036174745802577 -0.0073653101199299 0.012650815403843 -0.0079171238620802 0.0049963355852873 -0.0055441186246087
-0.0017990974803637 0.0019290004019724 -0.0033818077593098 0.0031985607549183 -0.0043191339513172 0.0044918291647506 -0.0079171238620802 0.012937031359585 -0.0082792868204616 0.0058269453270416
0.0015496958410403 -0.0029394570553095 0.0026362917834855 -0.0040334498060071 0.0037625932571749 -0.0049271044764222 0.0049963355852873 -0.0082792868204616 0.012911388507459 -0.0086588231871128
-0.0020346915775582 0.0021018163494666 -0.0039343255761653 0.0034520193797053 -0.004695389677145 0.004615926858871 -0.0055441186246087 0.0058269453270416 -0.0086588231871128 0.012958218957961
