0.0096641091483647 0.0002473404401156 -0.00061417690778839 0.00014500202167481 0.00019443017030618 -0.00046028218365891 0.00067527323083556 -0.00085291269962962 0.0010031511564734 -0.0011368488740967
0.0002473404401156 0.010229001445813 -0.0018177224405717 0.0001233940930272 -0.00037209185324833 0.00054255484634082 -0.00070218543231878 0.00083808581260891 -0.00096173770022469 0.0010585003019125
-0.00061417690778839 -0.0018177224405717 0.010791795388876 -0.0029791667828549 0.00069136718139096 -0.00084917514982908 0.00092568518261577 -0.0010533509135545 0.0011517080152905 -0.0012663295778456
0.00014500202167481 0.0001233940930272 -0.0029791667828549 0.010861083566812 -0.0037774927990678 0.0012130143551329 -0.0013139467194383 0.0012966001350074 -0.0014008819924684 0.0014563401898726
0.00019443017030618 -0.00037209185324833 0.00069136718139096 -0.0037774927990678 0.010651701940467 -0.0043252173166335 0.0016699102028566 -0.0017483949773543 0.0016462698157496 -0.0017525979367645
-0.00046028218365891 0.00054255484634082 -0.00084917514982908 0.0012130143551329 -0.0043252173166335 0.010343180394772 -0.0046896770643462 0.0020486325723029 -0.0021618057283627 0.0019608010134448
0.00067527323083556 -0.00070218543231878 0.00092568518261577 -0.0013139467194383 0.0016699102028566 -0.0046896770643462 0.010044282030486 -0.0049385473816228 0.0023361368273612 -0.0026559755649886
-0.00085291269962962 0.00083808581260891 -0.0010533509135545 0.0012966001350074 -0.0017483949773543 0.0020486325723029 -0.0049385473816228 0.0098123826487908 -0.0052044614082203 0.0021380776390099
0.0010031511564734 -0.00096173770022469 0.0011517080152905 -0.0014008819924684 0.0016462698157496 -0.0021618057283627 0.0023361368273612 -0.0052044614082203 0.0093038813873496 -0.0058979460482359
-0.0011368488740967 0.0010585003019125 -0.0012663295778456 0.0014563401898726 -0.0017525979367645 0.0019608010134448 -0.0026559755649886 0.0021380776390099 -0.0058979460482359 0.0099539252860838
