-0.011008740293404 -0.0020754058575435 0.0023521341202173 -0.0019377757783594 0.0017003827192321 -0.0015175405233979 0.0013923372968531 -0.0012964932007545 0.0012242966108975 -0.0011674956023203
-0.0020754058575435 -0.01099910848551 0.00043679157709906 0.0012730260647995 -0.0011042392939828 0.0010790176319173 -0.00099596455711484 0.00095507779354401 -0.00091184974016536 0.00088466611882747
0.0023521341202173 0.00043679157709906 -0.010561780618744 0.0013774731330759 0.00093159451282014 -0.00086307645035433 0.00094975461657831 -0.00090399119129689 0.00090756122211275 -0.00088801993353885
-0.0019377757783594 0.0012730260647995 0.0013774731330759 -0.0098527858497253 0.0018895181890956 0.00067646963831406 -0.00067472631734003 0.00085015565516751 -0.0008380530118211 0.00086263646001036
0.0017003827192321 -0.0011042392939828 0.00093159451282014 0.0018895181890956 -0.0090596227440278 0.0021427345320041 0.00049907134885525 -0.00052516020062101 0.000753267833331 -0.00078877043519647
-0.0015175405233979 0.0010790176319173 -0.00086307645035433 0.00067646963831406 0.0021427345320041 -0.008301189550863 0.0022200712609985 0.0003896671520947 -0.00041082791338365 0.00058851461942674
0.0013923372968531 -0.00099596455711484 0.00094975461657831 -0.00067472631734003 0.00049907134885525 0.0022200712609985 -0.0076568386035582 0.0021788269769967 0.00028498032471992 -0.00057678517963107
-0.0012964932007545 0.00095507779354401 -0.00090399119129689 0.00085015565516751 -0.00052516020062101 0.0003896671520947 0.0021788269769967 -0.0072236562715362 0.0018148278617902 0.00010130073372257
0.0012242966108975 -0.00091184974016536 0.00090756122211275 -0.0008380530118211 0.000753267833331 -0.00041082791338365 0.00028498032471992 0.0018148278617902 -0.0071150170221395 0.00257020846731
-0.0011674956023203 0.00088466611882747 -0.00088801993353885 0.00086263646001036 -0.00078877043519647 0.00058851461942674 -0.00057678517963107 0.00010130073372257 0.00257020846731 -0.0043454374518458
