0.0027735835684308 -0.00069356129997927 0.0010364226835517 -0.0018563459778227 0.0014823556862344 -0.0022739625863315 0.0017869622445055 -0.0024045104275742 0.0021662232801845 -0.0022798288537984
-0.00065770562144696 0.0074421892439637 -0.0023096360642903 0.0015689800269539 -0.0033059558608305 0.0020762742933403 -0.0037026554149732 0.0027067906263951 -0.0036030245325591 0.0036976849599494
0.0011342152207988 -0.0022181652248685 0.0085920120841683 -0.003955406002303 0.0026259230759447 -0.004450886351305 0.003186503236855 -0.0045829339652182 0.0040631960988705 -0.00411933115477
-0.0017481429872523 0.0018177249792879 -0.0037719488667762 0.0089656659373138 -0.0049266385176442 0.0040025825876073 -0.0049857160213198 0.0045582844221059 -0.0049859615881177 0.0055366728600853
0.0016248853004938 -0.0030828385709244 0.0028380901798508 -0.0049179273237392 0.0086879110479655 -0.0057442069269486 0.004828598380024 -0.0054730720642036 0.0055077818755462 -0.0049501666159662
-0.0022000872460653 0.0023394737970991 -0.0042276435024233 0.0041417996847797 -0.0056456325948504 0.0088977530348181 -0.0062688468774233 0.0060838619968717 -0.0057838357489524 0.0068310772100775
0.0018270259798746 -0.0036835520425811 0.0032444210574175 -0.0050068657515145 0.0048132933022249 -0.0063142410260751 0.0084315739634765 -0.0067850184119458 0.0067267197760748 -0.0063677236932708
-0.0025459466658543 0.0025578320674438 -0.0047933429350262 0.0045236109171546 -0.0056064745461903 0.0060399569934991 -0.0069668096798803 0.0085610787066821 -0.0076571489185992 0.0066191279659265
0.0018815365721904 -0.0043059454512655 0.0033726401653338 -0.0054660048553163 0.0049302211654764 -0.0062551466274523 0.0061839895281179 -0.0074977274246678 0.0077239096727289 -0.0088163263241973
-0.0029168960932747 0.0024633062009059 -0.0055863769849033 0.0045692602604169 -0.0064330856929892 0.0058972792019885 -0.0066614280635016 0.0080706858833929 -0.0081987014856184 0.007137322588918
