0.006873519935211 0.00020193558060257 0.00046686599415593 -0.00082695224213818 0.0010832994154261 -0.0012826389403495 0.0014443551489317 -0.0015820421998817 0.0017098194274536 -0.0017952059224081
0.00019523728996486 0.0073687664660109 -0.00090959409058592 0.0010601478067591 -0.0011870204755551 0.0013140577026041 -0.0014247444518196 0.0015317771391773 -0.0015857942925103 0.0018082054136938
0.0004780978943932 -0.00091266471660489 0.0070610496082527 -0.0016562160782687 0.0016070120498289 -0.0016329773509364 0.0017273496768028 -0.0017795668048785 0.0019799908713538 -0.0016724097497983
-0.00084209399817717 0.0010667030562937 -0.0016590090538655 0.0064679933392395 -0.0022385809694802 0.0020780753371148 -0.0020101758074759 0.0021578800960106 -0.0019431822016293 0.0025300848955871
0.0011025817722027 -0.00119595209507 0.001612378917094 -0.0022429797681939 0.0058351506215918 -0.0027007034853486 0.0025162041102207 -0.0022437777902715 0.0026467442456766 -0.0028143630382563
-0.0013057683802934 0.0013243358807985 -0.0016465399454795 0.0020742404582452 -0.0027160312849814 0.0052510888555986 -0.0030635087604888 0.002961759100483 -0.0028181944218159 0.0015652681397494
0.00146929574706 -0.0014471097806543 0.0017192418624993 -0.0020570790041563 0.0024538680364219 -0.0031482812635724 0.0047128377026994 -0.0035217424560824 0.0026710404542046 -0.0037373730763954
-0.0016173919155234 0.0015233592193787 -0.001857327097223 0.002027767988609 -0.0025066665009213 0.0027541775201013 -0.0034284607825448 0.0041693300382416 -0.0041307216025777 0.0037219413108193
0.0017279413444799 -0.0016808367824594 0.0017831890455538 -0.002401595379582 0.0022216507840003 -0.0025061428599821 0.0037703023201445 -0.0035848257314269 0.0035325682781008 -0.0041665327969201
-0.0018754515507292 0.0015825583889502 -0.002317916410299 0.0018948803144777 -0.0021723972917167 0.0039510767050977 -0.0020298665334449 0.0034942779062215 -0.0044373506197263 0.002669746913429
