-0.0038658691111671 -0.0023861996501167 0.0020671992949248 -0.0020031267779356 0.0020072468154603 -0.0020403861003077 0.0020877627207585 -0.0021418835447422 0.0021988029698527 -0.002257029474184
-0.0023861996501167 -0.0045753873317883 -0.0013621317811244 0.0014365589684825 -0.0015100154511305 0.0015770353328472 -0.0016419080081213 0.0017053732617691 -0.0017674817691348 0.0018269836503907
0.0020671992949248 -0.0013621317811244 -0.0038694122529261 -0.0012350152643253 0.0014743864141964 -0.0016187744351456 0.0017246021044729 -0.001814550991543 0.0018957966423887 -0.0019716356061715
-0.0020031267779356 0.0014365589684825 -0.0012350152643253 -0.0029713256999227 -0.0012594607811311 0.0015883972437004 -0.0017767661070195 0.0019095798206979 -0.0020178288592076 0.002113194432049
0.0020072468154603 -0.0015100154511305 0.0014743864141964 -0.0012594607811311 -0.0020754358697196 -0.0013739479353965 0.0017434175523146 -0.0019568102639389 0.0021082261524142 -0.0022296148790185
-0.0020403861003077 0.0015770353328472 -0.0016187744351456 0.0015883972437004 -0.0013739479353965 -0.0012545238305394 -0.0015489305230866 0.0019278725244271 -0.0021526186760458 0.0023155646885716
0.0020877627207585 -0.0016419080081213 0.0017246021044729 -0.0017767661070195 0.0017434175523146 -0.0015489305230866 -0.00052706203609235 -0.001764140225746 0.0021339664745441 -0.0023605947819324
-0.0021418835447422 0.0017053732617691 -0.001814550991543 0.0019095798206979 -0.0019568102639389 0.0019278725244271 -0.001764140225746 0.00011105339631432 -0.0020041115162022 0.0023561101488719
0.0021988029698527 -0.0017674817691348 0.0018957966423887 -0.0020178288592076 0.0021082261524142 -0.0021526186760458 0.0021339664745441 -0.0020041115162022 0.00067310204418277 -0.0022580213713715
-0.002257029474184 0.0018269836503907 -0.0019716356061715 0.002113194432049 -0.0022296148790185 0.0023155646885716 -0.0023605947819324 0.0023561101488719 -0.0022580213713715 0.0011723133050829
