0.0058118427797223 0.00086905369164518 -0.0004014273267245 0.00017463946382402 -2.3018573638247e-05 -9.0327092923802e-05 0.00018078447356076 -0.00025671864984232 0.0003227149509878 -0.00038117717850738
0.00086905369164518 0.0056171971234679 -6.2345447959237e-05 0.00010454126731823 -0.00015403343553083 0.00020474030361734 -0.00025136164076379 0.00029320873236659 -0.00033126527084525 0.00036698137699899
-0.0004014273267245 -6.2345447959237e-05 0.0050732792020606 -0.00047172367202432 0.00036282898244362 -0.00034869564087482 0.0003658676479576 -0.00039237624254728 0.00042127518646329 -0.00045010617022877
0.00017463946382402 0.00010454126731823 -0.00047172367202432 0.0044770105887896 -0.00075117898971135 0.00056737330055322 -0.00051633579238192 0.00051189933020713 -0.00052481286487977 0.00054450749670565
-2.3018573638247e-05 -0.00015403343553083 0.00036282898244362 -0.00075117898971135 0.0039362092650608 -0.00094847480058347 0.00073475421657396 -0.00066399371560636 0.00064526727443296 -0.00064922779517427
-9.0327092923802e-05 0.00020474030361734 -0.00034869564087482 0.00056737330055322 -0.00094847480058347 0.0034865709955574 -0.0010898880013218 0.00087275095737229 -0.00079479077758418 0.0007673716387305
0.00018078447356076 -0.00025136164076379 0.0003658676479576 -0.00051633579238192 0.00073475421657396 -0.0010898880013218 0.003129844619983 -0.0011944581482845 0.0009882641073905 -0.00091108181122962
-0.00025671864984232 0.00029320873236659 -0.00039237624254728 0.00051189933020713 -0.00066399371560636 0.00087275095737229 -0.0011944581482845 0.0028551549734345 -0.0012756360830297 0.0010866094410637
0.0003227149509878 -0.00033126527084525 0.00042127518646329 -0.00052481286487977 0.00064526727443296 -0.00079479077758418 0.0009882641073905 -0.0012756360830297 0.0026472868707972 -0.0013437703554933
-0.00038117717850738 0.00036698137699899 -0.00045010617022877 0.00054450749670565 -0.00064922779517427 0.0007673716387305 -0.00091108181122962 0.0010866094410637 -0.0013437703554933 0.0024931197479994
