-0.0022763357388208 -0.0027775695569949 0.0025718888500326 -0.0025783342913506 0.0026341275259926 -0.0027048130316805 0.0027824410584052 -0.0028580775286908 0.0029348128418746 -0.0030042872533767
-0.0027801867518722 -0.0039511471164813 -0.0023372215138777 0.0024230011661474 -0.0025285163805898 0.0026299174375751 -0.0027195307654531 0.0028128129762812 -0.0028903414044697 0.0029781455919607
0.0025761456224916 -0.0023387851283255 -0.0034615347175054 -0.0024623957923577 0.0027161038346461 -0.0028921853108107 0.0030390388831923 -0.0031542667919198 0.0032742299109309 -0.0033647683673175
-0.002584439137932 0.0024251693661907 -0.0024641345800133 -0.0024911890292183 -0.0026372080680614 0.0030064961755023 -0.003230778552465 0.003410228724824 -0.0035422142179065 0.0036823253485198
0.0026411924309765 -0.0025334092930338 0.0027176130517184 -0.0026393075483052 -0.001399704144252 -0.002870652871064 0.003301739672246 -0.0035545901010196 0.0037560003233781 -0.003899140261377
-0.0027140796972069 0.0026334269090908 -0.0028979843435814 0.0030072480233966 -0.0028729854135713 -0.00034434507252802 -0.0031490507060546 0.0036034652587779 -0.0038696356854004 0.0040852194594608
0.0027918182029202 -0.0027280699625331 0.0030410796962544 -0.0032377290589572 0.0033018674743226 -0.0031517855549396 0.00061445494619944 -0.0034596342344806 0.0039113330745096 -0.0041804348918641
-0.0028703585117426 0.0028170157662266 -0.0031647148971453 0.0034107038838313 -0.0035623340913504 0.0036030190041277 -0.0034623904615046 0.0014637136695717 -0.003789780873013 0.0042242944365484
0.0029461377789532 -0.0029028226507204 0.0032760162191364 -0.0035547078228112 0.0037553298821478 -0.0038782659004938 0.0039105548665019 -0.0037929127351661 0.0022112103824561 -0.0041295589095605
-0.0030195065878665 0.0029824700062601 -0.0033803499224456 0.0036816934729184 -0.0039129348581779 0.0040835346602826 -0.0041892846478223 0.0042231962756412 -0.0041324553362567 0.0028726241975485
