0.0022893016745785 -0.00042271619947213 0.00096178692506539 -0.0012806553148815 0.0014001589143248 -0.0016054868955914 0.0016232005132899 -0.0018087116806547 0.0017722162398423 -0.001961401420901
-0.00042083100547239 0.0066453254569131 -0.0013800404649416 0.0016853419707997 -0.0021231834822734 0.0021500421051013 -0.0025513688306133 0.0024517434511501 -0.0028660180994211 0.0026780147776619
0.0009721752151102 -0.0013722337735003 0.0080618328974322 -0.002586866439049 0.0026364480647399 -0.0030745590353539 0.0030048970119871 -0.0034669873315186 0.0032950476283571 -0.0037866514331026
-0.0012715274301711 0.0017135359584493 -0.0025672407838735 0.0084144912258985 -0.003531519536568 0.0034428978130787 -0.0037862328524053 0.0037274497324326 -0.0041172567322331 0.0040061657912441
0.0014217622699814 -0.0020924778833087 0.0026717381511575 -0.0035258826961587 0.0083631433814013 -0.0043212305364762 0.0040958133690662 -0.0044249752618955 0.0043068431175382 -0.0047137218941347
-0.0015892761686219 0.0022061640765253 -0.003025881366729 0.0034752081767867 -0.0042964274663358 0.0082505545334487 -0.0049463144208059 0.0047354935146945 -0.0049507797560155 0.0049092311960024
0.0016545096749809 -0.0025006830231795 0.0030715618885832 -0.0037581219633975 0.0041280072332812 -0.0049494149377554 0.0080855381885824 -0.0055014723143008 0.0052330358711552 -0.0054689176706071
-0.0017869353661392 0.0025303701387505 -0.0033959851203013 0.0037851297646124 -0.0043776941512869 0.0047601892021316 -0.0054760895679566 0.0080527302778766 -0.0059445816768664 0.0057716822056262
0.0018110506522127 -0.0028010815860382 0.0033851557722032 -0.0040740026594116 0.0043624050506052 -0.0049401761181465 0.0052557932134701 -0.0059567874843736 0.00799458564583 -0.0063778244716696
-0.001936181760091 0.0027724602203154 -0.0037015217973505 0.004081307276336 -0.0046528159808068 0.0049505568839831 -0.0054305132697977 0.0057880225135032 -0.0063525678250899 0.0081008846606755
