-0.0049275167407337 -0.0015678831851856 0.0011539377302476 -0.00099566833412399 0.00091234400162871 -0.0008646715047227 0.00083699672755179 -0.00082103257076454 0.00081206678363954 -0.0008079164679168
-0.0015684209033932 -0.0053405485183213 -0.0005941592605145 0.00059070340831501 -0.00059202630594355 0.00059206216440563 -0.00059472107531662 0.00059975290142784 -0.00060676019947535 0.00061433354630951
0.0011548369455009 -0.00059441260654295 -0.0047859173420529 -0.00029540535637987 0.00045566341396024 -0.00052704379352314 0.00056406953535502 -0.00058969126586346 0.00061029574368485 -0.00062866764915111
-0.00099690977600153 0.00059119244212374 -0.00029563813108986 -0.0040571579164934 -0.00013662032165451 0.00038544874813986 -0.00049968964925932 0.00056191081233635 -0.00060395328250655 0.0006360974249176
0.00091391723797827 -0.00059274500429028 0.00045612436274706 -0.00013684953829376 -0.0033334038898094 -6.6391494203933e-05 0.00035532323177572 -0.00049426294984809 0.00057322656810467 -0.0006270625902799
-0.00086656802148317 0.00059300691092707 -0.0005277310661936 0.00038590564218542 -6.6620809549258e-05 -0.0026846524697084 -5.7930389094815e-05 0.00035566455004005 -0.0005062315367374 0.00059532539877557
0.00083920876177705 -0.00059588972522975 0.00056497968477754 -0.00050037392867469 0.00035578169517761 -5.8161254719458e-05 -0.0021286895938776 -9.1158331462122e-05 0.00037953512953215 -0.00053261933594099
-0.00082355396915446 0.00060114043423849 -0.00059082319417604 0.0005628203272651 -0.00049495164686653 0.0003561251767587 -9.1390996459216e-05 -0.001660552180318 -0.00015061815233151 0.0004208338980592
0.00081489149812582 -0.00060836251340487 0.00061164694158913 -0.00060508872531567 0.00057414055071271 -0.00050692609594794 0.00037999710078185 -0.00015085228483317 -0.0012669582046898 -0.00022496711557294
-0.00081103752041991 0.00061614949480875 -0.00063023689282848 0.00063745153650042 -0.00062820856084468 0.00059624309703563 -0.00053331879292828 0.00042129718214931 -0.00022520356674809 -0.0009331350151303
