0.0053364781214594 0.0013041305993704 -0.00086410880370077 0.00067405117913223 -0.00055927642634226 0.00048143201747291 -0.00042489710730711 0.00038137039114417 -0.00034628913487424 0.0003173069739568
0.001304098058615 0.005357011668922 0.00029208874531016 -0.00027897206474024 0.00025883949961805 -0.00023608198919961 0.00021603376173109 -0.00019918949480484 0.00018499217183213 -0.0001723096964363
-0.00086405275436285 0.00029207253995318 0.0047525663999388 -6.1412651984612e-05 -7.9730829856335e-05 0.00012493852834526 -0.00013636729849396 0.00013727776288362 -0.00013433412796861 0.00013007337855637
0.00067397132339733 -0.00027893972682423 -6.1428585253308e-05 0.0040791604168631 -0.00027370359697547 5.6292775909644e-05 2.7501913915679e-05 -6.1610948488705e-05 7.7132805716528e-05 -8.4223308779029e-05
-0.0005591713691917 0.00025878973099056 -7.9698052972152e-05 -0.00027372077930067 0.0034570459474896 -0.00040042420141067 0.00015226669015721 -4.7367479396837e-05 -1.4435539884909e-06 2.7254149820961e-05
0.00048130057326586 -0.00023601452873598 0.00012488773201525 5.6328457736776e-05 -0.00040044264225188 0.0029246296631864 -0.0004697227605878 0.00021819873022656 -0.00010423932928876 4.6890223752215e-05
-0.00042473864746765 0.0002159482151344 -0.00013629705881807 2.7447314446033e-05 0.00015230436588719 -0.00046974238971665 0.0024851879086888 -0.00050140862831282 0.00026140340006894 -0.00014638396760899
0.00038118504611016 -0.00019908376844369 0.00013718875655261 -6.1536860867196e-05 -4.7425704734167e-05 0.0002182385713036 -0.00050142945771555 0.0021277550354844 -0.00051000565891105 0.0002880145158618
-0.00034607648521705 0.00018486615270368 -0.00013422647896307 7.7037796700697e-05 -1.3649524655289e-06 -0.00010430121273707 0.00026144607497419 -0.00051002748713678 0.0018372326026889 -0.00050568583879155
0.00031706595496005 -0.00017216622101301 0.00012994394924467 -8.4108481060535e-05 2.7152890945614e-05 4.6974797516944e-05 -0.00014644894882283 0.00028805835633481 -0.00050570830233799 0.001599055315886
