0.0060298645901964 0.0001549646509541 0.00037712405756919 -0.00063088659871264 0.00081351065584846 -0.00095605467604897 0.0010698104039302 -0.0011654956101262 0.001253563603507 -0.0013339122832262
0.0001549646509541 0.0066194713246119 -0.00070142936433574 0.00083148827568128 -0.00091623450220191 0.0010030895992577 -0.0010792106507626 0.0011466476543127 -0.0012022126096243 0.0012577255119749
0.00037712405756919 -0.00070142936433574 0.0065527027667966 -0.001314100427403 0.0012859537387379 -0.0012851548793693 0.0013274853197469 -0.0013766497031828 0.0014271810959418 -0.0014711298071902
-0.00063088659871264 0.00083148827568128 -0.001314100427403 0.0062218382446494 -0.0017916204688328 0.001653657740113 -0.0016026949806838 0.0016151928757575 -0.0016459597688074 0.0016843942049612
0.00081351065584846 -0.00091623450220191 0.0012859537387379 -0.0017916204688328 0.0057845855420584 -0.0021589455117709 0.0019650764367472 -0.0018851280320877 0.0018772220578445 -0.0018943985339531
-0.00095605467604897 0.0010030895992577 -0.0012851548793693 0.001653657740113 -0.0021589455117709 0.0053741031962895 -0.0024466879442041 0.0022320535999748 -0.0021376613118441 0.0021167795137695
0.0010698104039302 -0.0010792106507626 0.0013274853197469 -0.0016026949806838 0.0019650764367472 -0.0024466879442041 0.0050330814355991 -0.0026759366393234 0.0024629776944998 -0.002364882128588
-0.0011654956101262 0.0011466476543127 -0.0013766497031828 0.0016151928757575 -0.0018851280320877 0.0022320535999748 -0.0026759366393234 0.0047691651610242 -0.0028644523462258 0.002665660690663
0.001253563603507 -0.0012022126096243 0.0014271810959418 -0.0016459597688074 0.0018772220578445 -0.0021376613118441 0.0024629776944998 -0.0028644523462258 0.0045756816242571 -0.00302592078234
-0.0013339122832262 0.0012577255119749 -0.0014711298071902 0.0016843942049612 -0.0018943985339531 0.0021167795137695 -0.002364882128588 0.002665660690663 -0.00302592078234 0.004440617753215
