-0.00298345198207 -0.0028159270298594 0.0028333563571072 -0.0028908553884384 0.0027026755563381 -0.0033524265889366 0.0020033798912841 -0.0008717984523627 0.010405669747545 -0.0059826768980421
-0.0028159270298594 -0.0051745242624482 -0.0023220607148548 0.0025309176508212 -0.003531043549398 0.00099894732611308 -0.003062899539374 0.012696237331072 0.0084290721057715 -0.0052358256647775
0.0028333563571072 -0.0023220607148548 -0.0058241785203847 -0.0030176715369381 0.001464956100546 -0.0039165832869815 0.010463542605348 0.0052429763085147 0.00045158846205535 -0.0025257767277142
-0.0028908553884384 0.0025309176508212 -0.0030176715369381 -0.0076018871981567 -0.0036143247366949 0.0096013492533618 0.0035639014786966 0.001576321465082 -0.0017155423294653 0.0076066548656159
0.0027026755563381 -0.003531043549398 0.001464956100546 -0.0036143247366949 -0.0012490450719987 0.0028988485547865 0.0025538318381455 -0.0019625161374023 0.0074526350150908 -0.0079090866958542
-0.0033524265889366 0.00099894732611308 -0.0039165832869815 0.0096013492533618 0.0028988485547865 -0.010784495127456 -0.0031779392027997 0.0097831861878956 -0.00589008169617 0.0044875016258793
0.0020033798912841 -0.003062899539374 0.010463542605348 0.0035639014786966 0.0025538318381455 -0.0031779392027997 -0.0085487496641595 -0.0097656382896222 0.0075299207037987 -0.0095657913316921
-0.0008717984523627 0.012696237331072 0.0052429763085147 0.001576321465082 -0.0019625161374023 0.0097831861878956 -0.0097656382896222 -0.019339816001243 -0.016490973526858 0.01444358301401
0.010405669747545 0.0084290721057715 0.00045158846205535 -0.0017155423294653 0.0074526350150908 -0.00589008169617 0.0075299207037987 -0.016490973526858 -0.02656425727642 0.015320193647159
-0.0059826768980421 -0.0052358256647775 -0.0025257767277142 0.0076066548656159 -0.0079090866958542 0.0044875016258793 -0.0095657913316921 0.01444358301401 0.015320193647159 -0.011867021440543
