-0.0068249173947341 -0.0018790590647808 0.0017329072331267 -0.0014595105927072 0.0012393267264956 -0.00037614603548509 0.0013333507173493 -0.0052991341378185 0.0024666519887067 0.0073191018014322
-0.0018790590647808 -0.007642784268253 -0.00045254996015685 0.0010688234644227 4.5828725883836e-05 0.0033692114741726 -0.0050219349731765 -0.007940032449483 0.0085460643410447 0.010904115937419
0.0017329072331267 -0.00045254996015685 -0.0080672451596329 0.00095291603459904 0.0044818261390091 -0.0028959327881117 -0.0079680683415984 0.00099889576754231 0.0062451760242087 0.00042251376478454
-0.0014595105927072 0.0010688234644227 0.00095291603459904 -0.0051712576653628 -0.00085906928603254 -0.0057912401902186 -0.00016912941263733 0.0033653833000574 -0.0031983857453885 0.0065143940065832
0.0012393267264956 4.5828725883835e-05 0.0044818261390091 -0.00085906928603254 -0.016568470287981 0.00083034367516287 0.0047777625103467 -0.003779697168206 0.0039513548730053 -0.0017666957737585
-0.00037614603548509 0.0033692114741726 -0.0028959327881117 -0.0057912401902186 0.00083034367516287 -0.0091638557175801 -0.0027408457279904 0.0067112033032466 -0.00296574012127 0.0046037193499496
0.0013333507173493 -0.0050219349731765 -0.0079680683415984 -0.00016912941263733 0.0047777625103467 -0.0027408457279904 -0.011413245405311 -0.0019955980270399 0.0098572065802727 0.0087869861897356
-0.0052991341378185 -0.007940032449483 0.00099889576754231 0.0033653833000574 -0.003779697168206 0.0067112033032466 -0.0019955980270399 -0.013460035531331 0.012185749944832 0.0092489434367287
0.0024666519887067 0.0085460643410447 0.0062451760242087 -0.0031983857453885 0.0039513548730053 -0.00296574012127 0.0098572065802727 0.012185749944832 -0.018971813220893 -0.010881644020518
0.0073191018014322 0.010904115937419 0.00042251376478454 0.0065143940065832 -0.0017666957737585 0.0046037193499496 0.0087869861897356 0.0092489434367287 -0.010881644020518 -0.02822115686244
