0.0071934440718539 0.00038140535694469 -8.3291050023611e-05 -0.00035884453876487 0.0004916917966235 -0.0010455553813814 0.00261517638496 0.001430329237411 -0.0048393516815047 -0.0059975900276851
0.00038140535694469 0.0082937260781202 -0.00089651657871822 0.00014334385124442 -0.0012733769331006 0.0019818106270594 0.0051970513383536 0.0013517933180231 -0.015940580932875 -0.0013702252872063
-8.3291050023611e-05 -0.00089651657871822 0.0089144180051476 -0.002263067563463 0.0011567186979583 0.0045892493524383 0.0038684876926399 -0.010043115052051 -0.0022684748832891 -0.0029758100780127
-0.00035884453876487 0.00014334385124442 -0.002263067563463 0.010460157582618 0.0031553079270225 0.0035222803181287 -0.0080240110989831 -0.00031916013697301 -0.0016520025900571 -0.0055731845965652
0.00049169179662351 -0.0012733769331006 0.0011567186979583 0.0031553079270225 0.014462376150637 -0.0078585782518521 -0.0011129681006912 -0.0015376676808755 -0.0041415398122195 -0.0026200796273946
-0.0010455553813814 0.0019818106270594 0.0045892493524383 0.0035222803181287 -0.0078585782518521 0.012809483252692 -0.0013147679202862 -0.0065846683052674 -0.003622175405486 -0.0036795327476295
0.00261517638496 0.0051970513383536 0.0038684876926399 -0.0080240110989831 -0.0011129681006912 -0.0013147679202862 0.012085407344262 -0.0031432070519503 -0.010091394120806 -0.002031516573763
0.001430329237411 0.0013517933180231 -0.010043115052051 -0.00031916013697301 -0.0015376676808755 -0.0065846683052674 -0.0031432070519503 0.014880312264582 -0.0017486917418819 0.0079162058670451
-0.0048393516815047 -0.015940580932875 -0.0022684748832891 -0.0016520025900571 -0.0041415398122195 -0.003622175405486 -0.010091394120806 -0.0017486917418819 0.041886043995279 0.0039385587337582
-0.0059975900276851 -0.0013702252872063 -0.0029758100780127 -0.0055731845965652 -0.0026200796273946 -0.0036795327476295 -0.002031516573763 0.0079162058670451 0.0039385587337582 0.016669080873361
