0.0024154034872906 -0.00063120279187304 0.00060218217721021 -0.0015638071404551 0.0007486786841791 -0.0024624166468514 -0.00024923039635899 -0.0052455375440811 0.00083575175492509 0.0077371620534202
-0.00063120279187304 0.0068888326747207 -0.0022801279128518 0.00045769289466655 -0.0034548126398033 -0.00062918886522233 -0.0077052092337907 -0.002950156126994 0.001682591172613 0.014883587709299
0.00060218217721021 -0.0022801279128518 0.0086078274500703 -0.0040568510876872 1.7752711856335e-05 -0.0069864110397257 -0.0016654060944669 4.5327612274005e-05 0.0091346264432377 -0.0077532955170849
-0.0015638071404551 0.00045769289466655 -0.0040568510876872 0.0096580417953609 -0.0066458431757855 0.00047188768803539 0.0011289541863464 0.010620255147385 -0.0091800275545025 -0.002172389795162
0.0007486786841791 -0.0034548126398033 1.7752711856336e-05 -0.0066458431757855 0.01018004331255 0.00062617412053848 0.0091781918107081 -0.0079856762002477 0.0014279397571971 -0.0046432301649947
-0.0024624166468514 -0.00062918886522233 -0.0069864110397257 0.00047188768803539 0.00062617412053848 0.022694587398024 -0.0046106897916054 0.0055335758469647 -0.005815599647036 -0.010439114148863
-0.00024923039635899 -0.0077052092337907 -0.0016654060944669 0.0011289541863464 0.0091781918107081 -0.0046106897916054 0.020866900735582 0.00073950567203686 -0.007084183051811 -0.016517537044124
-0.0052455375440811 -0.002950156126994 4.5327612274002e-05 0.010620255147385 -0.0079856762002477 0.0055335758469647 0.00073950567203686 0.024084670112942 -0.008811946831421 -0.025535675095347
0.00083575175492509 0.001682591172613 0.0091346264432377 -0.0091800275545025 0.0014279397571971 -0.005815599647036 -0.007084183051811 -0.008811946831421 0.018075895571118 -0.0024708833409995
0.0077371620534202 0.014883587709299 -0.0077532955170849 -0.002172389795162 -0.0046432301649947 -0.010439114148863 -0.016517537044124 -0.025535675095347 -0.0024708833409995 0.075673326713713
