0.0041613321042432 0.0008553775589021 -0.00053204489220777 0.00037968996097026 -0.00028521187485712 0.00021485859348895 -0.00016957432052953 0.00013333923179648 -0.00010447640595634 8.2932336457854e-05
0.00085580327591308 0.0046874232959443 0.00031115786113025 -0.00023535571439972 0.00018274746398394 -0.00014929874473922 0.00011330438368449 -9.2929144967839e-05 7.7038737858645e-05 -5.0687392243336e-05
-0.00053202227422864 0.00031071758677114 0.0045844125460856 3.6227191223378e-05 -6.0179460794896e-05 6.6867290437195e-05 -5.5276996889305e-05 3.7932433957062e-05 -1.7415137555405e-05 3.1727920785971e-05
0.00037933319668071 -0.0002342937822613 3.5883556515357e-05 0.0041997502476217 -0.00017044982642216 8.1583393492549e-05 -2.6676653814451e-05 3.1504305535339e-05 -1.5015313614887e-05 6.1991055601912e-05
-0.00028437185567344 0.00018155972058553 -5.9154659314999e-05 -0.00017088421896769 0.0036806935969725 -0.000337905218269 0.00020612380570005 -9.5356474539539e-05 0.00011865784455929 -1.0397969323519e-05
0.00021373540108722 -0.00014750847879283 6.539649118161e-05 8.1617287400211e-05 -0.00033986657187101 0.0031182404981704 -0.00047111158886453 0.00032194610403462 -0.00011774416792854 0.00032826522282761
-0.00016815714875808 0.00011064411900852 -5.538979694218e-05 -3.2652208966696e-05 0.0001987527820983 -0.00047916079199616 0.0025476624535026 -0.00057643212126205 0.0004955009128677 -7.0472398646834e-05
0.0001311278008864 -9.2758307116221e-05 2.8167779718412e-05 1.6801146099871e-05 -0.00011945574763958 0.00029736041816865 -0.0006086973462614 0.0019714980911145 -0.00066081960323453 0.00034508026960502
-0.00010386247091426 6.5283469554952e-05 -3.7825314177286e-05 -5.3954061833599e-05 7.0068841808875e-05 -0.0002154088577966 0.00032914142936802 -0.00074991181118036 0.0013690352622622 -0.0011037095106903
7.5260258751846e-05 -7.1106028676324e-05 -1.6623540495845e-05 -6.5499064100314e-06 -0.00017443795828039 -1.1892178251549e-05 -0.0003389776523063 0.00070117742932698 -0.00055685450917166 0.00069936517145885
