-0.0028780539956486 -0.0010986720246371 0.00085101003505569 -0.00073158095142616 0.00070637495026876 -0.00064041697433174 0.00067698303170016 -0.00061271252406643 0.00069003126419889 -0.00059639330179662
-0.0011081362412841 -0.0040366366989213 -0.00080947126173746 0.00081066246098943 -0.00071179296837321 0.00081703728984134 -0.00065165921238563 0.00085952832181735 -0.00060405290680871 0.0009396507403935
0.00086134795170976 -0.00082034009698122 -0.0040963707248421 -0.0006537629613357 0.00079706207633428 -0.00065657528363897 0.00091125215904248 -0.00059918836984641 0.0010203717035387 -0.00050959776716818
-0.00075725785821585 0.00079764315625465 -0.0006748270037684 -0.0037170471854766 -0.00049407966202433 0.00080789908711852 -0.00059346322571553 0.0010100562500938 -0.00052743884928002 0.0011992113009642
0.00071457993707768 -0.00076069183505741 0.00075513697062538 -0.00053091964629581 -0.0031130433128173 -0.00036328103848653 0.00083206847077171 -0.00053431406917326 0.0011184993374938 -0.00044153220747538
-0.00068630115583043 0.0007647684882515 -0.00075173267210532 0.00072905036251072 -0.00042017670823027 -0.0024388464118351 -0.00026160231674676 0.00086581923746405 -0.0004840649631836 0.0012680338770355
0.00067544908070678 -0.00076138055684998 0.00078436154652836 -0.00074867971121166 0.00070859470534224 -0.00034277906063399 -0.0017504996832584 -0.00017882189419873 0.00092062433304516 -0.00032967115316622
-0.00068440066554955 0.00074360813162576 -0.0008105904703317 0.00078874335526558 -0.00077028738818981 0.00068123435285169 -0.00029742727568218 -0.0010696876809414 -7.0171703436173e-05 0.001024897866207
0.00067080969070522 -0.00080160929678443 0.00075594389005911 -0.00088188810092136 0.00076520675328588 -0.00083058141857507 0.00061758300106395 -0.00030862476668844 -0.00038313565400658 -0.00013142210315779
-0.00070354956352201 0.00071848221257557 -0.00091823877139774 0.00071899126358786 -0.0010001058158852 0.00066550269344465 -0.0010586075587264 0.00045797169531993 -0.0001524435140744 0.00033948866174969
