-0.0048285109715713 -0.00084750627665265 0.00052600460859047 -0.00037644569387182 0.00027960350074817 -0.00021016326016532 0.00016232044996803 -0.00012462298824013 9.4879206524064e-05 -6.8785067077157e-05
-0.00084591741514493 -0.0047810775427374 -0.00023747675123453 0.00017492988196178 -0.00014019909877346 0.00011102121287003 -8.3984429553335e-05 6.6829150630541e-05 -4.9194820071851e-05 3.9472922634021e-05
0.00052352735018037 -0.00023688821035383 -0.0044770618915636 2.8534487232988e-05 1.3179110041645e-05 -3.9574765935494e-05 3.020241133742e-05 -1.9591692476116e-05 1.6106779100295e-05 -4.2273351886108e-06
-0.00037326279248534 0.00017384438195218 2.8901895603428e-05 -0.0039885056003735 0.00021154834193692 -0.00011962413745615 3.8809436629562e-05 -3.7089825224177e-05 3.2943161893223e-05 1.8277608999208e-06
0.00027573399459811 -0.00013888407859533 1.2163699706591e-05 0.00021162176343883 -0.003436737357326 0.00034810352644421 -0.00023336547002951 9.6683936231705e-05 -7.7255810895507e-05 0.0001689630898722
-0.00020577050514994 0.00010899430447712 -3.915887357468e-05 -0.00012186190528599 0.0003466467545348 -0.0028736238294869 0.00045106682092898 -0.00032990944981825 0.00018949203854987 -0.00012536039953781
0.00015723536142103 -8.2591131834709e-05 2.6217096618768e-05 3.4910494332719e-05 -0.00023906402048508 0.000447700648604 -0.0023184467918408 0.00055117479127425 -0.00043394215677759 -0.00016731835975202
-0.00011952428711081 6.1766478509691e-05 -2.4434182543837e-05 -4.6911185752424e-05 8.7651702015746e-05 -0.00035816621549955 0.00050928212825009 -0.0017646383515238 0.00050417090211833 -0.00099150612907245
8.764555216715e-05 -5.2085455304687e-05 5.4706953270559e-06 2.1654193252483e-05 -0.00013195175732782 6.4256393809492e-05 -0.00047641912839201 0.00070151496276478 -0.0011876158495665 0.00067246451763541
-6.387162386982e-05 3.3062181744033e-05 -1.1904082800874e-05 -7.4860523440141e-05 -3.6621332292801e-05 -0.00019884370497155 0.00044578112218399 -0.00017753316460766 0.00068884885666244 -0.00054625430814064
