0.0050300846665737 0.00096401941598007 -0.00064563362108772 0.00050447511473117 -0.00041399796117109 0.00035170997759286 -0.00030857037530597 0.00027552042950931 -0.000249023144925 0.00022706817962503
0.00096352001528568 0.0046825982874062 0.00027242863952366 -0.00022648244345171 0.00020888644334635 -0.00018743650459493 0.00016901582665269 -0.00015590809541447 0.00014578166262729 -0.00013801505877898
-0.00064515172269334 0.00027246818239064 0.0042265225472198 2.1106331769292e-05 -7.5503718795776e-05 0.00011708963130039 -0.00011369616920404 0.00011378285562471 -0.00011144918185038 0.00012888956302048
0.00050403512027019 -0.000226596735132 2.1180460351978e-05 0.0036680422490838 -0.00014088277980138 4.4749213659107e-05 5.4811445510435e-05 -5.8474830401037e-05 8.9057187041261e-05 -2.5914777548495e-05
-0.00041360369173156 0.00020909094534477 -7.5721426252287e-05 -0.00014097279710764 0.0030925892045926 -0.00025066887237863 0.00014827865237116 2.1934177098074e-05 2.5116884789508e-05 6.5382999471281e-06
0.00035137423858208 -0.00018782845877449 0.0001168774904546 4.3913161642294e-05 -0.00025066336117188 0.0025298654346823 -0.00032347660593585 0.00026660284921452 -2.7092084094248e-05 -0.00030080242053712
-0.00030839696350163 0.00016882738293399 -0.00011503811433093 5.5103553150152e-05 0.0001484049014849 -0.00032881091768857 0.0019855066832378 -0.00038582125690111 0.00019466502275406 -0.00031554982716799
0.00027513024272451 -0.00015695904293277 0.00011509375591697 -5.7774047978542e-05 6.0839668768571e-06 0.0002298058315504 -0.00037417163920289 0.0014466192262683 -0.00052749943160222 0.00071514765121538
-0.00024880775684906 0.00014863006387168 -0.00010978432164003 6.312555283905e-05 -4.6427729607822e-05 1.2593045513904e-05 0.0005184871037823 -0.0003198248934681 0.00088614604052112 -0.00022657325534658
0.00022863133224993 -0.00013757729093925 9.3465377624084e-05 -0.00012606541634755 8.8865758025057e-05 0.0003622732050285 0.00029913213391661 0.00026408869712598 -0.00070843340590044 0.00026379117816149
