0.0063080485221119 0.0018616230717005 -0.0010059173527129 -0.0003744637363468 -0.00090283473609296 0.0055223499725657 -0.0052252284503471 -0.0022321143815931 0.0082153014159391 -0.0079874292673693
0.0018616230717005 0.0079822790204465 -0.0004447517104893 -0.0046880102664151 0.0059344842038112 0.0066235761290796 -0.010039072369768 -0.0026864963731043 0.0082117609709502 -0.0055323768215262
-0.0010059173527129 -0.0004447517104893 0.0040505850852528 0.0033832649251428 0.0060393752520331 -0.0010077816274851 -0.00053113776923551 -0.0049493267706638 -0.0067699812935187 0.0043250461674097
-0.0003744637363468 -0.0046880102664151 0.0033832649251428 0.016569784264266 -0.00040357836475716 0.00053242829782938 0.0020827588348917 -0.0087706275699879 -0.012582187399296 0.0032283463160177
-0.00090283473609296 0.0059344842038112 0.0060393752520331 -0.00040357836475716 0.014869660556815 0.0027354923159821 -0.008375881812913 -0.0088207582112598 -0.0039880379346882 0.0033375991341532
0.0055223499725657 0.0066235761290796 -0.0010077816274851 0.00053242829782938 0.0027354923159821 0.0096273520560951 -0.011087366139264 -0.0052767051409322 0.0095921507625527 -0.0096739977707648
-0.0052252284503471 -0.010039072369768 -0.00053113776923551 0.0020827588348917 -0.008375881812913 -0.011087366139264 0.015134779392824 0.0073212599619881 -0.010396162376153 0.0092643583536116
-0.0022321143815931 -0.0026864963731043 -0.0049493267706637 -0.0087706275699879 -0.0088207582112598 -0.0052767051409322 0.0073212599619881 0.011770632341604 0.0048136567515922 0.00066103544610308
0.0082153014159391 0.0082117609709502 -0.0067699812935187 -0.012582187399296 -0.0039880379346882 0.0095921507625527 -0.010396162376153 0.0048136567515922 0.024274493576537 -0.016623579335123
-0.0079874292673693 -0.0055323768215262 0.0043250461674097 0.0032283463160177 0.0033375991341532 -0.0096739977707648 0.0092643583536116 0.00066103544610308 -0.016623579335123 0.014360230828082
