0.0065376714830974 0.00063180782343721 -9.6740763995733e-05 -0.00048236471772249 0.0034548552095334 -0.0012381953837379 -0.0076052653157885 0.0038638649854594 0.0072155635226258 -0.010978118350584
0.00063180782343721 0.0081302758625253 -0.00040974195329975 0.0034020435841661 0.0045038602709449 -0.0066329856492539 -0.013360694154926 0.0069609582218448 0.006107941576789 0.0019701129988646
-9.6740763995734e-05 -0.00040974195329975 0.012794154803497 0.0055615928537904 -0.0037713433090193 -0.0096427685013473 -0.001196795464829 -0.0092534800589509 0.0083991974413798 0.018383914218053
-0.00048236471772249 0.0034020435841661 0.0055615928537904 0.0089695987505 -0.0067525526066306 -0.0023576638369562 -0.0097722149752718 -0.00043454731427127 0.0054793705819337 0.012644758102658
0.0034548552095334 0.0045038602709449 -0.0037713433090193 -0.0067525526066306 0.014136257939251 -0.0078729510294108 -0.0044184543275352 0.0064726940782334 0.0045561466188338 -0.012497433535395
-0.0012381953837379 -0.0066329856492539 -0.0096427685013473 -0.0023576638369562 -0.0078729510294108 0.018053209541805 0.0090860332170867 0.0019748385724982 -0.01296175617017 -0.012281920444482
-0.0076052653157885 -0.013360694154926 -0.001196795464829 -0.0097722149752718 -0.0044184543275352 0.0090860332170867 0.032400582875582 -0.014498910020304 -0.017708537597457 0.0029535797327862
0.0038638649854594 0.0069609582218448 -0.0092534800589509 -0.00043454731427127 0.0064726940782334 0.0019748385724982 -0.014498910020304 0.014361858582458 0.0020644755524665 -0.015673502356001
0.0072155635226258 0.006107941576789 0.0083991974413798 0.0054793705819337 0.0045561466188338 -0.01296175617017 -0.017708537597457 0.0020644755524665 0.018311588423228 0.0015369838946436
-0.010978118350584 0.0019701129988646 0.018383914218053 0.012644758102658 -0.012497433535395 -0.012281920444482 0.0029535797327862 -0.015673502356001 0.0015369838946436 0.048245113225035
