0.0023432790227081 -0.00058209183100575 0.00032342500446922 -0.0022070626095028 -0.00080351392522355 -0.0052630052471582 0.0037722368511866 0.0090263044263407 -0.00068438686535121 -0.0092301463439174
-0.00058209183100575 0.0066662381925796 -0.0027029122516644 -0.0017645272443576 -0.0082125255983345 -0.00089086100190649 0.0051044231936896 0.010219701688968 0.00013053064447257 -0.0013901435160074
0.00032342500446922 -0.0027029122516644 0.0071491631891015 -0.0067623768811028 -0.0001746035121943 0.0029404166828411 0.0022247632809091 -0.008678130766515 0.0099834107553423 -0.0024263184731107
-0.0022070626095028 -0.0017645272443576 -0.0067623768811028 0.012484862314972 0.0061713049437275 0.004737253953047 -0.012865703945251 -0.005447468229422 -0.012331912044459 0.013702825769554
-0.00080351392522355 -0.0082125255983345 -0.0001746035121943 0.0061713049437275 0.018687552938813 -0.0045014887328186 -0.0047531869722247 -0.021020797462223 -0.0032216961140405 0.0078673527567909
-0.0052630052471582 -0.00089086100190649 0.0029404166828411 0.004737253953047 -0.0045014887328186 0.024044711471688 -0.017645948771468 -0.020434103119847 0.0031384498968501 0.022904215924149
0.0037722368511866 0.0051044231936896 0.0022247632809091 -0.012865703945251 -0.0047531869722247 -0.017645948771468 0.022520150473196 0.017087863227364 0.0085184459256187 -0.022096353552874
0.0090263044263407 0.010219701688968 -0.008678130766515 -0.005447468229422 -0.021020797462223 -0.020434103119847 0.017087863227364 0.066589175756136 -0.012985612429655 -0.03880383642866
-0.00068438686535121 0.00013053064447257 0.0099834107553423 -0.012331912044459 -0.0032216961140405 0.0031384498968501 0.0085184459256187 -0.012985612429655 0.018238804076205 -0.002874794753955
-0.0092301463439174 -0.0013901435160074 -0.0024263184731106 0.013702825769554 0.0078673527567909 0.022904215924149 -0.022096353552874 -0.03880383642866 -0.002874794753955 0.040863066498681
