626101.51336055 -763507.5454691 -374525.08313433 -1586530.2289065 -1712283.2989482 -2885229.4086682 -3196118.437971 -4190889.0990106 -4439423.6693937 -5118081.1464773
-763507.5454691 -868239.59099901 -4913532.8988394 -7175494.1213649 -11880875.300414 -15447028.014658 -20157444.429157 -23550926.720185 -27208272.394185 -29329027.733729
-374525.08313433 -4913532.8988394 -9089170.169721 -19443078.219658 -27596385.200286 -38890135.597584 -48362890.633228 -58506871.279008 -66044199.529922 -72658355.67257
-1586530.2289065 -7175494.1213649 -19443078.219658 -31519723.293991 -51615670.396696 -68400958.299252 -88170044.239501 -104514976.15529 -120071622.24908 -130793066.61489
-1712283.2989482 -11880875.300414 -27596385.200286 -51615670.396696 -74764883.170583 -106768231.66396 -133247041.50402 -161423718.50642 -183483005.46902 -202256321.22041
-2885229.4086682 -15447028.014658 -38890135.597584 -68400958.299252 -106768231.66396 -142333434.15303 -186311892.66099 -221311276.24692 -255564726.9979 -279959440.43814
-3196118.437971 -20157444.429157 -48362890.633228 -88170044.239501 -133247041.50402 -186311892.66099 -233265278.17932 -286907108.91541 -326948210.78054 -362765654.6283
-4190889.0990106 -23550926.720185 -58506871.279008 -104514976.15529 -161423718.50642 -221311276.24692 -286907108.91541 -341800304.49398 -400521878.00018 -440033224.68716
-4439423.6693937 -27208272.394185 -66044199.529922 -120071622.24908 -183483005.46902 -255564726.9979 -326948210.78054 -400521878.00018 -457723340.40813 -514985000.27683
-5118081.1464773 -29329027.733729 -72658355.67257 -130793066.61489 -202256321.22041 -279959440.43814 -362765654.6283 -440033224.68716 -514985000.27683 -567099862.60993
