-3026023.9546276 1143945.9665342 -792855.81350077 630358.26872281 -522665.09358392 441667.37610709 -383896.34314279 327896.63239162 -295765.87391404 247684.48930951
1143945.9665342 -1917651.626578 1057677.5257586 -664666.32528443 506714.9255608 -426746.18699333 320203.83137104 -330906.57025685 196416.59245484 -292589.11337987
-792855.81350077 1057677.5257586 -2167519.4508404 1261780.9691729 -781391.86259895 517064.70750176 -557542.55148032 210758.26643471 -549826.21574169 -50247.497613048
630358.26872281 -664666.32528443 1261780.9691729 -2536911.3267461 1423767.7306258 -1028742.594233 351464.47456749 -975463.02784993 -271348.47587045 -1262423.0505737
-522665.09358392 506714.9255608 -781391.86259895 1423767.7306258 -3067272.4653874 1357641.3369343 -1652050.3204166 -349864.32602844 -2120920.3953554 -1665172.0743604
441667.37610709 -426746.18699333 517064.70750176 -1028742.594233 1357641.3369343 -4019170.7256418 658861.96357473 -3182355.6089902 -2247437.358513 -4753436.9108509
-383896.34314279 320203.83137104 -557542.55148032 351464.47456749 -1652050.3204166 658861.96357473 -5951155.4187593 -1402181.3637751 -6490896.4000317 -6318546.4211403
327896.63239162 -330906.57025685 210758.26643471 -975463.02784993 -349864.32602844 -3182355.6089902 -1402181.3637751 -9771919.147659 -5884010.0431075 -12726597.382798
-295765.87391404 196416.59245484 -549826.21574169 -271348.47587045 -2120920.3953554 -2247437.358513 -6490896.4000317 -5884010.0431075 -16671067.790466 -14043395.993954
247684.48930951 -292589.11337987 -50247.497613048 -1262423.0505737 -1665172.0743604 -4753436.9108509 -6318546.4211403 -12726597.382798 -14043395.993954 -27941005.599238
