1091267.682334 7594534.7717037 12666693.346373 17512335.567528 20707048.444895 22972496.444556 23363225.379504 22523296.714822 19888075.808729 16099291.694848
7594534.7717037 44260995.987372 78254690.25781 105120634.2629 126617165.93509 138670631.20773 142612168.75718 136289965.85489 121487831.43757 97533742.264987
12666693.346373 78254690.25781 133642551.38518 183649724.83465 218708058.40831 241666123.6526 247293378.64574 237881394.15922 211351977.65275 170859321.87963
17512335.567528 105120634.2629 183649724.83465 247067326.67742 299270327.91787 328180059.25561 338491094.05174 324642045.01504 290428351.62328 234433162.24558
20707048.444895 126617165.93509 218708058.40831 299270327.91787 356625716.76833 397253575.67524 407332877.88444 393991225.50559 351832970.63317 286470645.20746
22972496.444556 138670631.20773 241666123.6526 328180059.25561 397253575.67524 436188069.5452 454637213.38895 437487851.44445 394608094.19668 320976800.30437
23363225.379504 142612168.75718 247293378.64574 338491094.05174 407332877.88444 454637213.38895 467154354.36863 457992161.99599 410914608.92011 338610456.61739
22523296.714822 136289965.85489 237881394.15922 324642045.01504 393991225.50559 437487851.44445 457992161.99599 441847172.98737 405664178.81431 332072074.58036
19888075.808729 121487831.43757 211351977.65275 290428351.62328 351832970.63317 394608094.19668 410914608.92011 405664178.81431 364750870.25548 308202960.03034
16099291.694848 97533742.264987 170859321.87963 234433162.24558 286470645.20746 320976800.30437 338610456.61739 332072074.58036 308202960.03034 252289763.0546
