-0.0047856454482692 -0.00082771386808078 0.00051324508721407 -0.00036967562898943 0.00027458839309975 -0.00020678983623614 0.00016072673147721 -0.00012507743958553 9.8104160531067e-05 -3.3887639616334e-05
-0.00082577045302506 -0.0046927104666881 -0.00021619129180976 0.0001553126027781 -0.00013523246451419 0.00010593607335993 -8.1875341426934e-05 6.5366805252099e-05 7.8598932683791e-07 0.00017833798730142
0.00051021962043625 -0.00021548834919176 -0.0043408722375579 5.616058981073e-05 -2.2651842847452e-05 -3.758287869588e-05 2.1266844751093e-05 2.1139510430414e-05 0.00015401588798042 -0.0001811736429648
-0.00036582571337303 0.00015378402107235 5.6113801626252e-05 -0.0037887280640119 0.00024863379651443 -0.00018441798991743 5.7331020422247e-05 5.0413286953914e-05 -5.3712530254062e-05 -0.0013235754812782
0.00026967840227825 -0.00013481249250712 -2.604599091227e-05 0.00024764149648285 -0.003145920129499 0.00040782665346277 -0.00029374152507113 3.8261614620502e-05 -0.00095974596544435 -0.0011253040466782
-0.00020216760823119 0.0001008323727041 -3.9081398161853e-05 -0.00019026465255758 0.00038870056098245 -0.0024476265949969 0.00051528185832646 -0.00094146507833855 -0.00066033779901582 0.00065071709607183
0.00015393917814463 -7.9570749632104e-05 1.3202891723746e-05 2.4058798571897e-06 -0.00041038564336591 0.00053077538827477 -0.001688716113265 0.00039122543537855 -0.00040349190631067 0.0010105283224086
-0.00011624777096629 5.7955397451827e-05 -6.1765157412694e-05 -0.00017042928302033 0.0001011031761815 -0.00013976011147087 0.00088672107451683 -0.00082775150332089 0.0010725283195469 -0.0012124750789895
8.3059334826356e-05 -9.9495559534323e-05 -0.00013954212559916 0.00010837486290198 0.00069386096708272 0.00081408981816693 -0.0011621847087436 0.0004528593163066 0.00020764695410709 0.0010031430933035
-9.8268734351542e-05 -0.00010629667508271 0.00016879634763914 0.0012421318538935 0.0012528310676155 -0.0010599160862482 -0.00092467223206117 -0.0010345680934264 0.00081295961839191 0.0015185784564705
