0.0041288957820642 0.00083967993544082 -0.0005222802676306 0.00037441599726525 -0.00028175248800823 0.00021267427032081 -0.00016780458195048 0.00013528734343729 -0.00010514364094232 9.1996244685223e-05
0.00084016080056713 0.0046119661195723 0.00029193214770323 -0.00022116392581936 0.00017852324061427 -0.00014492984984891 0.00011563230182673 -8.6927093005278e-05 8.7470321220616e-05 5.9973646211665e-05
-0.00052221438485253 0.00029148379657169 0.004461018807154 7.0151002489259e-06 -3.4793836701943e-05 6.6736709959984e-05 -4.3327697790264e-05 5.0232824845416e-05 7.8720232918586e-05 0.0003973643801086
0.00037404548471463 -0.00021980582925105 6.5539647925688e-06 0.0040105563138452 -0.00021552338533331 0.00012841596653538 -1.5837027248884e-05 0.00010955576397939 0.00025855448075804 0.00018513898675696
-0.00028073015413885 0.00017684961641245 -3.5450281892396e-05 -0.0002191308805785 0.0033955347087176 -0.00040820658114423 0.00031517575165815 8.0199816944855e-05 0.00024437702232473 -0.0013291313500897
0.00021082676194262 -0.00014640231124976 5.6118045799677e-05 0.00011769619910226 -0.00042031721755517 0.002689484479257 -0.00053426437300636 0.00050985778037317 -0.0008277194231171 -0.0015849247086333
-0.00016898471698102 0.00010038070677138 -6.2576932027198e-05 -5.0570200215696e-05 0.00023101645903398 -0.00065724581362633 0.0019021299220972 -0.0010006099828477 -0.00022542348668473 -0.00024805552218095
0.00012669597135605 -0.00010459922281402 5.6908376766259e-07 -5.586021768389e-05 -0.0002895928924431 0.00035471716339196 -0.0005629235983143 0.00099839841363726 -0.0010354472938006 0.0012929546712082
-0.00010671722400868 4.4359088059798e-05 -0.00015098866219477 -0.00035124332444688 -4.2277707930156e-05 0.00053690074130799 0.0014800178525358 -0.00095517435139961 -9.7675898773757e-05 -0.001368620337002
6.4493646714639e-05 -0.00019787274644776 -0.0004076895991161 -0.00015975537760945 0.0011177739916001 0.0019407490732904 -3.3890711425733e-05 0.00050712145548966 -0.0011585283206303 -0.0015059222635466
