0.0015117634550316 -9.3257635205367e-05 0.00019200318350069 -0.00066811123592628 0.00039094557945301 -0.00086747098834488 0.00054748265429411 -0.00088470603883041 0.00076542032544556 -0.00073040181996858
-8.8992184631047e-05 0.0040156022280514 -0.00037407980804249 -0.00030947123989243 -0.0008129411293625 -0.00016901621604838 -0.00088597411198182 0.00015678816082404 -0.00058981391289009 0.00081252499072363
0.00026956538214629 -0.00031622568384714 0.0045967131048557 -0.0010057548347715 -0.00015140464646911 -0.0011895653539602 8.2725012579319e-05 -0.0010197929277411 0.00066529418996932 -0.00035111928448042
-0.00062759573415048 -0.00015850418792042 -0.00087354008864147 0.004687586735317 -0.0013318686912291 0.00041350338487891 -0.0012046813099143 0.00070314495916622 -0.0008926628651906 0.0014888483085833
0.00050203397162877 -0.0006627832571756 -3.8454392487078e-06 -0.0013233196470554 0.0042524422454256 -0.0015960295357896 0.00069110336562868 -0.0011558832687089 0.0011851274859649 -0.00013197674589932
-0.00085672344146913 -7.9524275910723e-06 -0.0010216372195454 0.00052053594930752 -0.0015211956548674 0.0041128073996902 -0.0016921734557355 0.0013923440862591 -0.00087830441095678 0.0019949020953502
0.00059442140469128 -0.00087925745358568 0.0001009800095104 -0.0012365569290901 0.00064842992426463 -0.001746656627772 0.003354058365554 -0.0017544103147926 0.0017208768548596 -0.0016561000140037
-0.0010256433473185 2.5236603601444e-06 -0.0012262755027274 0.00060902624554543 -0.0013375706834274 0.0012404244792418 -0.0020497551073577 0.0029105984495581 -0.002466936215091 0.00069515137861155
0.00058707133136377 -0.0011623549107842 1.797363959778e-06 -0.0014107357492704 0.00045653248850617 -0.001688339581048 0.0010248239707181 -0.0020205667434536 0.0016097899262674 -0.0029188177526241
-0.0012412031861446 -0.00024778696531378 -0.0016907299596047 0.00032902265467148 -0.0020903139179002 0.00074618064523524 -0.00099376999887842 0.0029268144817478 -0.0027020383068028 0.00029695685619157
