0.0053458200672326 0.001301760213232 -0.00086178467374724 0.00067150411305305 -0.00055673369434426 0.00047865240649455 -0.00042189943690191 0.00037805777415932 -0.00034261646855349 0.000313194501634
0.001301760213232 0.0053660791393065 0.00029069958241445 -0.00027759444672717 0.00025612257370009 -0.00023397045106763 0.00021344819024094 -0.00019655457484759 0.00018199539033231 -0.00016934329521636
-0.00086178467374724 0.00029069958241445 0.0047656223133071 -6.249770140358e-05 -7.933127329944e-05 0.000120749371925 -0.0001339993713044 0.0001337699398093 -0.00013154211391708 0.00012668079678093
0.00067150411305305 -0.00027759444672717 -6.2497701403579e-05 0.0040979709165874 -0.00027409373856437 5.4860298239467e-05 2.0946173883045e-05 -5.9612521130627e-05 7.2593514612134e-05 -8.1472921479057e-05
-0.00055673369434426 0.00025612257370008 -7.9331273299441e-05 -0.00027409373856437 0.0034843169357486 -0.00039930179234396 0.00014715610153769 -5.7174215103615e-05 -4.1806241425821e-07 2.1215388577947e-05
0.00047865240649455 -0.00023397045106763 0.000120749371925 5.4860298239467e-05 -0.00039930179234396 0.0029636632960849 -0.00046555867730335 0.00020723831220445 -0.00011878362701685 4.5720046516794e-05
-0.00042189943690191 0.00021344819024094 -0.0001339993713044 2.0946173883045e-05 0.00014715610153769 -0.00046555867730335 0.0025410268844481 -0.00049228215054334 0.0002413331088628 -0.00016879949878729
0.00037805777415932 -0.00019655457484759 0.0001337699398093 -5.9612521130627e-05 -5.7174215103616e-05 0.00020723831220445 -0.00049228215054334 0.0022070171289423 -0.00049436114924277 0.00025165501011837
-0.00034261646855349 0.00018199539033231 -0.00013154211391708 7.2593514612135e-05 -4.1806241425825e-07 -0.00011878362701685 0.0002413331088628 -0.00049436114924277 0.0019460616431968 -0.00048776469627064
0.000313194501634 -0.00016934329521636 0.00012668079678093 -8.1472921479057e-05 2.1215388577946e-05 4.5720046516794e-05 -0.00016879949878729 0.00025165501011837 -0.00048776469627065 0.0017357644773276
