0.007344776287702 -0.001181085501071 0.0019747839140965 -0.0024811030667696 0.0028744999094801 -0.0032018574406382 0.0034849334156295 -0.0037366026873175 0.0039652318260445 -0.0041756971294763
-0.001181085501071 0.007862659326053 -0.0021905442114143 0.0025392032340989 -0.0028321113365193 0.0030938196489614 -0.00332863677511 0.0035418085378822 -0.0037375112288161 0.0039191839025825
0.0019747839140965 -0.0021905442114143 0.0082403171553841 -0.0032411340853652 0.0034268272470285 -0.0036548615118227 0.0038870933534345 -0.0041092942031623 0.0043179578997704 -0.0045151695881153
-0.0024811030667696 0.0025392032340989 -0.0032411340853652 0.0083295002429199 -0.0041732539851727 0.0042568336710344 -0.0044423600596029 0.0046535181688185 -0.0048669509399943 0.0050720571904002
0.0028744999094801 -0.0028321113365193 0.0034268272470285 -0.0041732539851727 0.0083443881764928 -0.0049990115181351 0.0050291244556615 -0.005188384268813 0.005384126251911 -0.0055913348986464
-0.0032018574406382 0.0030938196489614 -0.0036548615118227 0.0042568336710344 -0.0049990115181351 0.0083914303397631 -0.0057405497776544 0.0057511133672747 -0.0058972409477519 0.0060817997955435
0.0034849334156295 -0.00332863677511 0.0038870933534345 -0.0044423600596029 0.0050291244556615 -0.0057405497776544 0.0085082184860168 -0.0064188900282475 0.006430667910722 -0.0065730429328268
-0.0037366026873175 0.0035418085378822 -0.0041092942031623 0.0046535181688185 -0.005188384268813 0.0057511133672747 -0.0064188900282475 0.0087001262047505 -0.0070507295469914 0.0070748472019993
0.0039652318260445 -0.0037375112288161 0.0043179578997704 -0.0048669509399943 0.005384126251911 -0.0058972409477519 0.006430667910722 -0.0070507295469914 0.0089584252318278 -0.0076500039048343
-0.0041756971294763 0.0039191839025825 -0.0045151695881153 0.0050720571904002 -0.0055913348986464 0.0060817997955435 -0.0065730429328268 0.0070748472019993 -0.0076500039048343 0.0092710598569148
