0.0024864127939216 -0.00092680458510105 0.0015990425982595 -0.0020271344959309 0.0022307192427759 -0.0025162860270244 0.0025954706412009 -0.0028516526646031 0.0028570947346852 -0.0031197026899946
-0.00092680458510105 0.0076882901586981 -0.0028479644457314 0.0033760822680105 -0.0040386400339129 0.004224646167015 -0.0048034148278891 0.0048219129271616 -0.0054025123349224 0.0052868605120201
0.0015990425982595 -0.0028479644457314 0.0098345248023454 -0.0047991247607862 0.0050747429397954 -0.0057788676106179 0.0058798101131592 -0.0065667437200338 0.0065168226251053 -0.0072322489263369
-0.0020271344959309 0.0033760822680105 -0.0047991247607862 0.010889994841495 -0.0064411287378226 0.0065784096665504 -0.0072036120290328 0.0073270768104675 -0.0079578344265168 0.0079865121430172
0.0022307192427759 -0.0040386400339129 0.0050747429397954 -0.0064411287378226 0.011496619855871 -0.0078765489039503 0.0078690038581307 -0.0084957867503238 0.0085526386022067 -0.0092283664338797
-0.0025162860270244 0.004224646167015 -0.0057788676106179 0.0065784096665504 -0.0078765489039503 0.012047496801616 -0.0091399240147533 0.0091545987804991 -0.0096588777759174 0.0098122513556748
0.0025954706412009 -0.0048034148278891 0.0058798101131592 -0.0072036120290328 0.0078690038581307 -0.0091399240147533 0.012491979187918 -0.010286905274918 0.010235497433742 -0.010771487514343
-0.0028516526646031 0.0048219129271616 -0.0065667437200338 0.0073270768104675 -0.0084957867503238 0.0091545987804991 -0.010286905274918 0.013100176684955 -0.011331873274978 0.011399989200625
0.0028570947346852 -0.0054025123349224 0.0065168226251053 -0.0079578344265168 0.0085526386022067 -0.0096588777759174 0.010235497433742 -0.011331873274978 0.013611043738741 -0.012319025726689
-0.0031197026899946 0.0052868605120201 -0.0072322489263369 0.0079865121430172 -0.0092283664338797 0.0098122513556748 -0.010771487514343 0.011399989200625 -0.012319025726689 0.014349374563686
