0.0071668730390642 -0.0010088045621727 0.0017750573544267 -0.0022563060116009 0.0026270595285374 -0.0029337862946284 0.0031978533941857 -0.0034317964837474 0.0036437025043318 -0.0038383427264915
-0.0010088045621727 0.0076993155657334 -0.0019991593692791 0.0023233484797353 -0.002594561717015 0.0028364272272808 -0.0030528823296049 0.0032489040708085 -0.0034286556741294 0.0035951825991713
0.0017750573544267 -0.0019991593692791 0.0080204936703681 -0.0029913465966521 0.0031512369582032 -0.003356252408023 0.0035671055749261 -0.0037695486705901 0.0039595168408737 -0.0041392148791977
-0.0022563060116009 0.0023233484797353 -0.0029913465966521 0.0080504233709505 -0.0038633937083283 0.0039201391912898 -0.0040818617827731 0.0042705295935586 -0.0044630620891448 0.0046481400545056
0.0026270595285374 -0.002594561717015 0.0031512369582032 -0.0038633937083283 0.0080054855308278 -0.0046290266624205 0.0046316354283393 -0.0047665143016091 0.0049388352390325 -0.0051240782357515
-0.0029337862946284 0.0028364272272808 -0.003356252408023 0.0039201391912898 -0.0046290266624205 0.0079929089499812 -0.0053106875938072 0.0052931330897516 -0.0054142692359943 0.0055749131461398
0.0031978533941857 -0.0030528823296049 0.0035671055749261 -0.0040818617827731 0.0046316354283393 -0.0053106875938072 0.0080502340476091 -0.005929122351141 0.0059125192253606 -0.0060298966671774
-0.0034317964837474 0.0032489040708085 -0.0037695486705901 0.0042705295935586 -0.0047665143016091 0.0052931330897516 -0.005929122351141 0.0081828888900244 -0.0065017627997175 0.0064973645443815
0.0036437025043318 -0.0034286556741294 0.0039595168408737 -0.0044630620891448 0.0049388352390325 -0.0054142692359943 0.0059125192253606 -0.0065017627997175 0.0083826890882562 -0.0070423448119294
-0.0038383427264915 0.0035951825991713 -0.0041392148791977 0.0046481400545056 -0.0051240782357515 0.0055749131461398 -0.0060298966671774 0.0064973645443815 -0.0070423448119294 0.0086371440623388
