-0.0026937345899358 -0.0031519310003721 0.0026273922987835 -0.0032933516735729 0.0020950847483348 0.0018962509018111 0.0081929940116934 -0.012950725268897 0.00016526655792483 0.0040196528302696
-0.0031519310003721 -0.0056680207177186 -0.0038839555653048 0.00092114140808051 0.00039854276436692 0.015434457100739 0.0012518526813722 -0.010469512256708 -0.012307272455689 0.0030659286934658
0.0026273922987835 -0.0038839555653048 -0.0084322127686209 -0.0014516104436364 0.013721637165424 0.00086503612816912 0.0006875836889642 -0.00073079292527621 -0.0094614784393232 -0.015411795453126
-0.0032933516735729 0.00092114140808051 -0.0014516104436364 0.001134598699462 -0.0016190571366605 0.0036265688200191 0.00059480467206586 -0.0021061689563211 -0.0046099844351076 0.0072914352069105
0.0020950847483348 0.00039854276436692 0.013721637165424 -0.0016190571366605 -0.012803347489117 -0.004604810312111 0.0011310760241339 -0.001694735213088 0.018921481300888 0.0057750017219441
0.0018962509018111 0.015434457100739 0.00086503612816912 0.0036265688200191 -0.004604810312111 -0.023680883702271 -0.0088209839380932 0.027827656652938 0.012682878471792 0.0038705392372081
0.0081929940116934 0.0012518526813722 0.0006875836889642 0.00059480467206586 0.0011310760241339 -0.0088209839380932 -0.0078591755500913 0.015015616389981 0.0084533403439741 -0.015900999769053
-0.012950725268897 -0.010469512256708 -0.00073079292527622 -0.0021061689563211 -0.001694735213088 0.027827656652938 0.015015616389981 -0.036784655000494 -0.018822565484002 0.022108379785976
0.00016526655792483 -0.012307272455689 -0.0094614784393232 -0.0046099844351076 0.018921481300888 0.012682878471792 0.0084533403439741 -0.018822565484002 -0.018353114332083 -0.015041793974152
0.0040196528302696 0.0030659286934658 -0.015411795453126 0.0072914352069105 0.0057750017219441 0.0038705392372081 -0.015900999769053 0.022108379785976 -0.015041793974152 -0.015461075065841
