-0.0057006197013438 -0.0020974312000102 0.0016410197821354 -0.00017568139953462 -0.00067183109325871 -0.0044759314976412 0.0084016392531516 -0.0015473530545837 -0.0067640728785675 0.009014934906942
-0.0020974312000102 -0.0072146988775027 0.00052145545302861 0.0016052191471954 -0.0087252462585579 -0.00027192494943058 0.012255436179686 -0.00018570865849431 -0.0071485643196425 0.0050943244120718
0.0016410197821354 0.00052145545302861 -0.0072585128781587 -0.0079936114057043 -0.0022324399467966 0.0045057916687365 0.0026236862009209 0.0083818853771626 0.0045370605748234 -0.014228364226083
-0.00017568139953462 0.0016052191471954 -0.0079936114057043 -0.014058999637447 0.002165305381232 0.001893975275343 0.0047254524565266 0.011681927818134 0.0026770584599259 -0.012631822954315
-0.00067183109325872 -0.0087252462585578 -0.0022324399467966 0.002165305381232 -0.013883800549165 0.0033114081410275 0.01410823627664 0.0013219094811219 -0.0049189168576679 -0.0016693993499381
-0.0044759314976412 -0.00027192494943058 0.0045057916687365 0.001893975275343 0.0033114081410275 -0.0057399701691239 0.0025277419108743 -0.0039783427290238 -0.0063761768681316 0.013064209041842
0.0084016392531516 0.012255436179686 0.0026236862009209 0.0047254524565266 0.01410823627664 0.0025277419108743 -0.028977884393972 -0.0050140764181978 0.0155824221398 -0.0083977960066622
-0.0015473530545837 -0.00018570865849431 0.0083818853771626 0.011681927818134 0.0013219094811219 -0.0039783427290238 -0.0050140764181978 -0.010505641968237 -0.004645665779459 0.016234279855177
-0.0067640728785675 -0.0071485643196425 0.0045370605748234 0.0026770584599259 -0.0049189168576679 -0.0063761768681316 0.0155824221398 -0.004645665779459 -0.011792223194394 0.015547079254247
0.009014934906942 0.0050943244120718 -0.014228364226083 -0.012631822954315 -0.0016693993499381 0.013064209041842 -0.0083977960066622 0.016234279855177 0.015547079254247 -0.03334699062971
