0.0065250596250084 0.0006401631835087 -0.00010452407984539 -0.00047412857428155 0.0034460713228205 -0.0012307914730029 -0.0076107767544254 0.0038722368189801 0.0072005316162125 -0.010958329320875
0.0006401631835087 0.0081189387363753 -0.00039951349314609 0.0033934742155093 0.0045092020887054 -0.0066397837601731 -0.013346162196828 0.0069464180482669 0.0061179460886289 0.0019597227006913
-0.00010452407984539 -0.00039951349314609 0.012779042492918 0.0055711963642304 -0.0037808242999142 -0.0096275254085833 -0.0012126479074509 -0.0092352182415556 0.0083852936254863 0.01838782838687
-0.00047412857428155 0.0033934742155093 0.0055711963642304 0.0089516935479759 -0.0067315481060847 -0.0023765219891338 -0.0097530701522713 -0.00044896564082701 0.0054916722376779 0.012629521299936
0.0034460713228205 0.0045092020887054 -0.0037808242999142 -0.0067315481060847 0.01410723232197 -0.0078469419932809 -0.004435864747425 0.0064854558681811 0.0045404228849123 -0.012479859590453
-0.0012307914730029 -0.0066397837601731 -0.0096275254085833 -0.0023765219891338 -0.0078469419932809 0.018023992323977 0.0091065439748682 0.0019556889382979 -0.012943739124394 -0.012290533223871
-0.0076107767544254 -0.013346162196828 -0.0012126479074509 -0.0097530701522713 -0.004435864747425 0.0091065439748682 0.03236782952634 -0.0144720467392 -0.017720626712524 0.0029618606386606
0.0038722368189801 0.0069464180482669 -0.0092352182415556 -0.00044896564082701 0.006485455868181 0.0019556889382979 -0.0144720467392 0.014334483886616 0.0020825843712697 -0.015683368478397
0.0072005316162125 0.0061179460886289 0.0083852936254863 0.0054916722376779 0.0045404228849123 -0.012943739124394 -0.017720626712524 0.0020825843712697 0.018284666319676 0.0015634405282755
-0.010958329320875 0.0019597227006913 0.01838782838687 0.012629521299936 -0.012479859590453 -0.012290533223871 0.0029618606386606 -0.015683368478397 0.0015634405282755 0.04819472630226
