0.0023421638703788 -0.00058006399572513 0.00032147972960669 -0.0022050149290244 -0.00080569279113623 -0.0052603171535011 0.0037701230021503 0.0090272008544951 -0.00068657096058446 -0.0092255525107437
-0.00058006399572513 0.0066606138075943 -0.0026968865384038 -0.0017699047179342 -0.0082062381034408 -0.0008954032250001 0.0051086384138128 0.010212233002073 0.00013781357232642 -0.0013985654622314
0.00032147972960669 -0.0026968865384038 0.0071392468418675 -0.0067520484319444 -0.00018129391412492 0.0029455646953504 0.0022161539818612 -0.0086648203250001 0.0099690148834502 -0.002416150478214
-0.0022050149290244 -0.0017699047179342 -0.0067520484319444 0.012472054275346 0.0061808914579273 0.0047263111965824 -0.012850848715651 -0.0054631227380018 -0.01231476028996 0.013690404133754
-0.00080569279113624 -0.0082062381034408 -0.00018129391412491 0.0061808914579273 0.018668731250674 -0.0044807825747325 -0.0047717222697138 -0.021002325797386 -0.0032345269796409 0.0078797423492633
-0.0052603171535011 -0.0008954032250001 0.0029455646953504 0.0047263111965824 -0.0044807825747325 0.024016435818734 -0.017620614256519 -0.02044979952804 0.0031515239176111 0.022887679616117
0.0037701230021503 0.0051086384138128 0.0022161539818612 -0.012850848715651 -0.0047717222697138 -0.017620614256519 0.022493035683376 0.017108602232851 0.0084987181600478 -0.022079704622258
0.0090272008544951 0.010212233002073 -0.0086648203250001 -0.0054631227380018 -0.021002325797386 -0.02044979952804 0.017108602232851 0.066556243154543 -0.012960203834195 -0.038815485109496
-0.00068657096058446 0.00013781357232642 0.0099690148834502 -0.01231476028996 -0.0032345269796409 0.0031515239176111 0.0084987181600478 -0.012960203834195 0.018212247979238 -0.0028566298588198
-0.0092255525107437 -0.0013985654622314 -0.002416150478214 0.013690404133754 0.0078797423492633 0.022887679616117 -0.022079704622258 -0.038815485109496 -0.0028566298588198 0.04083655284351
