0.0062776504573945 0.0018771662542337 -0.0010198924432947 -0.00036069343495156 -0.00091518330798982 0.0055330830918772 -0.0052390100510389 -0.0022099103550633 0.0081853818799118 -0.0079558832098219
0.0018771662542337 0.0079630889223612 -0.0004309264458121 -0.0046964623142934 0.0059441043082294 0.0066041057278351 -0.010016425211231 -0.0027004771641001 0.0082195018523518 -0.0055429983101556
-0.0010198924432947 -0.0004309264458121 0.0040326317019003 0.0033999432236713 0.0060171333057483 -0.00098759184038535 -0.00054904864003028 -0.0049320614124023 -0.0067788841315735 0.0043333678578006
-0.00036069343495156 -0.0046964623142934 0.0033999432236713 0.016536160072671 -0.0003765646354567 0.00051076734744375 0.0020983500086626 -0.0087822689581173 -0.01256154606833 0.003217117638451
-0.00091518330798982 0.0059441043082294 0.0060171333057483 -0.00037656463545669 0.014834869134566 0.0027588085037201 -0.008391886648102 -0.0088004437177484 -0.0039998776391907 0.0033448437291013
0.0055330830918772 0.0066041057278351 -0.00098759184038535 0.00051076734744375 0.0027588085037201 0.0095964244834129 -0.011057793727783 -0.00529252937613 0.0095990653467986 -0.0096794089656131
-0.0052390100510389 -0.010016425211231 -0.00054904864003028 0.0020983500086626 -0.008391886648102 -0.011057793727783 0.015102523553324 0.0073385079964327 -0.010406149853261 0.0092762463345214
-0.0022099103550633 -0.0027004771641001 -0.0049320614124023 -0.0087822689581173 -0.0088004437177484 -0.00529252937613 0.0073385079964327 0.01174238067215 0.0048371536165686 0.00063321050151276
0.0081853818799118 0.0082195018523518 -0.0067788841315735 -0.01256154606833 -0.0039998776391907 0.0095990653467986 -0.010406149853261 0.0048371536165686 0.024226467580778 -0.016576862559213
-0.0079558832098219 -0.0055429983101556 0.0043333678578006 0.003217117638451 0.0033448437291013 -0.0096794089656131 0.0092762463345214 0.00063321050151276 -0.016576862559213 0.01430946681319
