-0.0022612747441227 -0.002796187700831 0.0025947939937472 -0.0026053100779015 0.0026638818224136 -0.0027383659284723 0.0028175911358276 -0.0028973187578179 0.0029744625770429 -0.0030486757665462
-0.002796187700831 -0.0039318271825183 -0.0023618460382238 0.0024505721733964 -0.0025613723137344 0.0026631720490375 -0.0027595860482059 0.0028503061389564 -0.0029371320925635 0.0030188336273103
0.0025947939937472 -0.0023618460382238 -0.0034338925756515 -0.0024963206066242 0.0027516372469936 -0.0029352593747693 0.0030799738079728 -0.003205769677377 0.003319053762283 -0.0034244305164338
-0.0026053100779015 0.0024505721733964 -0.0024963206066242 -0.0024557124062511 -0.0026803943486973 0.0030493588694129 -0.0032838163568965 0.0034580679176068 -0.0036046189686438 0.0037336821548349
0.0026638818224136 -0.0025613723137344 0.0027516372469936 -0.0026803943486973 -0.0013567409006682 -0.0029227920922572 0.0033517190413748 -0.0036169675951032 0.0038107503912634 -0.0039713911980927
-0.0027383659284723 0.0026631720490375 -0.0029352593747693 0.0030493588694129 -0.0029227920922572 -0.00029423744386216 -0.0032099811413434 0.0036603063258488 -0.0039410935197086 0.0041466055612985
0.0028175911358276 -0.0027595860482059 0.0030799738079728 -0.0032838163568965 0.0033517190413748 -0.0032099811413434 0.00067166762507792 -0.0035288992267911 0.0039751639114368 -0.0042602280424524
-0.0028973187578179 0.0028503061389564 -0.003205769677377 0.0034580679176068 -0.0036169675951032 0.0036603063258488 -0.0035288992267911 0.0015277584861434 -0.0038673128227188 0.0042948435627065
0.0029744625770429 -0.0029371320925635 0.003319053762283 -0.0036046189686438 0.0038107503912634 -0.0039410935197086 0.0039751639114368 -0.0038673128227188 0.0022821950205962 -0.0042148486096645
-0.0030486757665462 0.0030188336273103 -0.0034244305164338 0.0037336821548349 -0.0039713911980927 0.0041466055612985 -0.0042602280424524 0.0042948435627065 -0.0042148486096645 0.0029502691129288
