0.005341410217621 0.001301357817827 -0.00086097666217852 0.00067055216891924 -0.00055551926922687 0.00047745345222811 -0.00042074557641379 0.00037700110956665 -0.00034164250719866 0.00031236392367394
0.001301357817827 0.0053609724982442 0.0002899182106631 -0.00027652470860332 0.00025596903448288 -0.00023310608226759 0.00021269946724116 -0.0001956818615926 0.00018138424016991 -0.00016856500908373
-0.00086097666217852 0.00028991821066309 0.0047576280857147 -6.3710497099635e-05 -7.715416396824e-05 0.00012134797169723 -0.00013294540261134 0.0001334479344249 -0.00013035583917497 0.00012584006660632
0.00067055216891924 -0.00027652470860332 -6.3710497099634e-05 0.0040857275420098 -0.00027628175632014 5.8971718802141e-05 2.3030355681551e-05 -5.7769463071366e-05 7.2525499303202e-05 -7.9749051051583e-05
-0.00055551926922687 0.00025596903448288 -7.715416396824e-05 -0.00027628175632014 0.0034657333759733 -0.00040299631070974 0.00015476583984645 -5.3180847370127e-05 2.6589420488891e-06 2.2043054118568e-05
0.00047745345222811 -0.00023310608226759 0.00012134797169723 5.8971718802142e-05 -0.00040299631070974 0.0029362460442394 -0.00047210379981383 0.00022000511586859 -0.00011155206997915 5.1015458821664e-05
-0.00042074557641379 0.00021269946724116 -0.00013294540261134 2.303035568155e-05 0.00015476583984645 -0.00047210379981383 0.0025008815021671 -0.00050277094796041 0.0002618166143531 -0.00015617053321282
0.00037700110956665 -0.0001956818615926 0.0001334479344249 -5.7769463071365e-05 -5.3180847370127e-05 0.00022000511586859 -0.00050277094796041 0.002149308295083 -0.00050986880133113 0.00028582774592866
-0.00034164250719866 0.00018138424016991 -0.00013035583917497 7.2525499303201e-05 2.6589420488892e-06 -0.00011155206997915 0.0002618166143531 -0.00050986880133113 0.0018670285449387 -0.00050272651689721
0.00031236392367394 -0.00016856500908373 0.00012584006660632 -7.9749051051583e-05 2.2043054118568e-05 5.1015458821664e-05 -0.00015617053321282 0.00028582774592866 -0.00050272651689721 0.001640642644813
