-6.7910535265156 0.001189244536816
-6.7638348751067 0.0012385350248102
-6.7366162236978 0.0012891484721668
-6.709397572289 0.0013410861749369
-6.6821789208801 0.0013943491824945
-6.6549602694712 0.0014489382110202
-6.6277416180623 0.0015048494885233
-6.6005229666534 0.001562072402346
-6.5733043152446 0.0016205954596452
-6.5460856638357 0.0016804068392499
-6.5188670124268 0.0017414943714197
-6.4916483610179 0.0018038455179406
-6.464429709609 0.0018674473551914
-6.4372110582002 0.0019322838690323
-6.4099924067913 0.0019983313129419
-6.3827737553824 0.0020655642933328
-6.3555551039735 0.0021339569999953
-6.3283364525646 0.0022034831960924
-6.3011178011558 0.0022741162077677
-6.2738991497469 0.0023458289384713
-6.246680498338 0.0024185926615648
-6.2194618469291 0.0024923721222783
-6.1922431955202 0.0025671297856111
-6.1650245441114 0.0026428276827102
-6.1378058927025 0.0027194274296211
-6.1105872412936 0.002796890289077
-6.0833685898847 0.0028751773498874
-6.0561499384758 0.0029542495955039
-6.028931287067 0.0030340642357248
-6.0017126356581 0.0031145763687523
-5.9744939842492 0.0031957396520991
-5.9472753328403 0.0032775059004234
-5.9200566814314 0.003359826436916
-5.8928380300226 0.0034426532398851
-5.8656193786137 0.0035259436196081
-5.8384007272048 0.0036096560596716
-5.8111820757959 0.0036937488555243
-5.783963424387 0.0037781783462781
-5.7567447729782 0.0038628966276266
-5.7295261215693 0.00394785580974
-5.7023074701604 0.004033008972153
-5.6750888187515 0.0041183132837548
-5.6478701673426 0.0042037284195307
-5.6206515159338 0.0042892150225443
-5.5934328645249 0.0043747350562265
-5.566214213116 0.0044602514679009
-5.5389955617071 0.0045457289834926
-5.5117769102982 0.0046311343488216
-5.4845582588894 0.0047164367292754
-5.4573396074805 0.0048016080814002
-5.4301209560716 0.0048866236635175
-5.4029023046627 0.0049714611984761
-5.3756836532538 0.0050561007088364
-5.348465001845 0.0051405244889716
-5.3212463504361 0.0052247170572455
-5.2940276990272 0.0053086651477265
-5.2668090476183 0.0053923582904231
-5.2395903962094 0.0054757913991787
-5.2123717448006 0.0055589621534931
-5.1851530933917 0.0056418697150446
-5.1579344419828 0.0057245144158638
-5.1307157905739 0.0058068974420519
-5.103497139165 0.0058890205339797
-5.0762784877562 0.0059708861954021
-5.0490598363473 0.0060525020812083
-5.0218411849384 0.006133878138902
-4.9946225335295 0.0062150232401508
-4.9674038821206 0.0062959446789498
-4.9401852307118 0.0063766477051874
-4.9129665793029 0.006457135082719
-4.885747927894 0.0065374068741712
-4.8585292764851 0.006617464403621
-4.8313106250762 0.0066973095652143
-4.8040919736673 0.0067769402680233
-4.7768733222585 0.0068563499438688
-4.7496546708496 0.0069355272784471
-4.7224360194407 0.0070144560092083
-4.6952173680318 0.0070931148299097
-4.6679987166229 0.0071714797590037
-4.6407800652141 0.007249525631229
-4.6135614138052 0.007327222627844
-4.5863427623963 0.0074045361343996
-4.5591241109874 0.0074814270446591
-4.5319054595785 0.0075578521592066
-4.5046868081697 0.0076337646790685
-4.4774681567608 0.0077091157626126
-4.4502495053519 0.0077838569391923
-4.423030853943 0.0078579386059641
-4.3958122025341 0.0079313103708074
-4.3685935511253 0.0080039219215769
-4.3413748997164 0.0080757239397345
-4.3141562483075 0.0081466690531504
-4.2869375968986 0.0082167131689812
-4.2597189454897 0.0082858179406383
-4.2325002940809 0.0083539503425579
-4.205281642672 0.0084210828533915
-4.1780629912631 0.0084871942808221
-4.1508443398542 0.008552270541793
-4.1236256884453 0.0086163058420305
-4.0964070370365 0.0086793033368734
-4.0691883856276 0.0087412766997044
-4.0419697342187 0.008802248212709
-4.0147510828098 0.0088622455765686
-3.9875324314009 0.0089213038277947
-3.9603137799921 0.0089794661982057
-3.9330951285832 0.0090367899939864
-3.9058764771743 0.0090933450729138
-3.8786578257654 0.0091492090186216
-3.8514391743565 0.0092044628191289
-3.8242205229477 0.0092591831717535
-3.7970018715388 0.0093134475215909
-3.7697832201299 0.0093673348676419
-3.742564568721 0.0094209269060278
-3.7153459173121 0.0094743060146289
-3.6881272659033 0.0095275506350945
-3.6609086144944 0.0095807331071596
-3.6336899630855 0.0096339182894691
-3.6064713116766 0.0096871629114804
-3.5792526602677 0.0097405145244228
-3.5520340088589 0.0097940103879243
-3.52481535745 0.0098476764272788
-3.4975967060411 0.009901525708942
-3.4703780546322 0.0099555567081903
-3.4431594032233 0.010009754659154
-3.4159407518145 0.010064091954598
-3.3887221004056 0.010118528477862
-3.3615034489967 0.010173012221733
-3.3342847975878 0.010227480192417
-3.3070661461789 0.010281859119042
-3.2798474947701 0.010336064903001
-3.2526288433612 0.010390005975087
-3.2254101919523 0.010443585961241
-3.1981915405434 0.010496705711383
-3.1709728891345 0.010549265443914
-3.1437542377257 0.010601166954332
-3.1165355863168 0.010652315584945
-3.0893169349079 0.010702620193556
-3.062098283499 0.0107519962885
-3.0348796320901 0.010800369322795
-3.0076609806813 0.010847676420586
-2.9804423292724 0.010893867825174
-2.9532236778635 0.010938908041727
-2.9260050264546 0.010982776562167
-2.8987863750457 0.011025466713607
-2.8715677236369 0.011066985748478
-2.844349072228 0.011107355999442
-2.8171304208191 0.011146614161475
-2.7899117694102 0.011184810112939
-2.7626931180013 0.011222005367547
-2.7354744665925 0.011258271185835
-2.7082558151836 0.011293686707224
-2.6810371637747 0.011328336730309
-2.6538185123658 0.011362308623192
-2.6265998609569 0.011395689556962
-2.5993812095481 0.01142856376031
-2.5721625581392 0.0114610098268
-2.5449439067303 0.011493098134533
-2.5177252553214 0.011524890257809
-2.4905066039125 0.01155644021237
-2.4632879525037 0.011587788483197
-2.4360693010948 0.011618959779685
-2.4088506496859 0.011649962144461
-2.381631998277 0.011680786532613
-2.3544133468681 0.011711406873644
-2.3271946954593 0.01174178215996
-2.2999760440504 0.011771863872248
-2.2727573926415 0.011801592529467
-2.2455387412326 0.011830897151018
-2.2183200898237 0.011859697556171
-2.1911014384149 0.011887906573982
-2.163882787006 0.011915433013337
-2.1366641355971 0.011942186113971
-2.1094454841882 0.011968084778484
-2.0822268327793 0.011993059081487
-2.0550081813705 0.012017046881337
-2.0277895299616 0.012039994858757
-2.0005708785527 0.012061860845939
-1.9733522271438 0.012082620031778
-1.9461335757349 0.012102270155451
-1.9189149243261 0.01212083435677
-1.8916962729172 0.012138355644318
-1.8644776215083 0.012154892110489
-1.8372589700994 0.012170517147742
-1.8100403186905 0.012185320650434
-1.7828216672817 0.012199411201688
-1.7556030158728 0.012212911561891
-1.7283843644639 0.012225953647254
-1.701165713055 0.012238673018067
-1.6739470616461 0.01225120801143
-1.6467284102373 0.012263697287279
-1.6195097588284 0.01227627646595
-1.5922911074195 0.012289074820851
-1.5650724560106 0.012302211584313
-1.5378538046017 0.012315790472156
-1.5106351531928 0.012329892551236
-1.483416501784 0.012344579308546
-1.4561978503751 0.012359892056731
-1.4289791989662 0.01237585066455
-1.4017605475573 0.012392452896602
-1.3745418961484 0.01240967439411
-1.3473232447396 0.012427468084106
-1.3201045933307 0.012445760169846
-1.2928859419218 0.012464456413101
-1.2656672905129 0.012483446756568
-1.238448639104 0.012502608300187
-1.2112299876952 0.012521808704093
-1.1840113362863 0.012540909919235
-1.1567926848774 0.012559771693172
-1.1295740334685 0.012578251527063
-1.1023553820596 0.012596210649287
-1.0751367306508 0.012613520570896
-1.0479180792419 0.012630066815118
-1.020699427833 0.012645752257466
-0.99348077642413 0.0126605000027
-0.96626212501525 0.012674255597735
-0.93904347360637 0.012686986318378
-0.91182482219749 0.012698682204007
-0.88460617078861 0.012709358720261
-0.85738751937973 0.012719056396369
-0.83016886797084 0.012727839602783
-0.80295021656196 0.012735794616992
-0.77573156515308 0.012743026981993
-0.7485129137442 0.012749654792011
-0.72129426233532 0.012755802554124
-0.69407561092644 0.012761602502268
-0.66685695951756 0.012767190777977
-0.63963830810868 0.012772702858037
-0.6124196566998 0.01277826897292
-0.58520100529092 0.012784009660152
-0.55798235388204 0.012790032906168
-0.53076370247316 0.012796432902564
-0.50354505106428 0.012803283615425
-0.4763263996554 0.012810635443073
-0.44910774824652 0.012818513251996
-0.42188909683764 0.012826915087695
-0.39467044542876 0.012835811640359
-0.36745179401988 0.012845141408026
-0.340233142611 0.01285478937161
-0.31301449120212 0.012864608580034
-0.28579583979324 0.012874432112803
-0.25857718838436 0.012884075192231
-0.23135853697548 0.012893337152321
-0.2041398855666 0.012902007038981
-0.17692123415772 0.012909880765243
-0.14970258274884 0.012916873225458
-0.12248393133996 0.012922972105979
-0.095265279931081 0.012928166263348
-0.0680466285222 0.012932439968506
-0.04082797711332 0.012935776112428
-0.01360932570444 0.012938191957441
0.01360932570444 0.012938191957441
0.04082797711332 0.012935776112428
0.0680466285222 0.012932439968506
0.095265279931081 0.012928166263348
0.12248393133996 0.012922972105979
0.14970258274884 0.012916873225458
0.17692123415772 0.012909880765243
0.2041398855666 0.012902007038981
0.23135853697548 0.012893337152321
0.25857718838436 0.012884075192231
0.28579583979324 0.012874432112803
0.31301449120212 0.012864608580034
0.340233142611 0.01285478937161
0.36745179401988 0.012845141408026
0.39467044542876 0.012835811640359
0.42188909683764 0.012826915087695
0.44910774824652 0.012818513251996
0.4763263996554 0.012810635443073
0.50354505106428 0.012803283615425
0.53076370247316 0.012796432902564
0.55798235388204 0.012790032906168
0.58520100529092 0.012784009660152
0.6124196566998 0.01277826897292
0.63963830810868 0.012772702858037
0.66685695951756 0.012767190777977
0.69407561092644 0.012761602502268
0.72129426233532 0.012755802554124
0.7485129137442 0.012749654792011
0.77573156515308 0.012743026981993
0.80295021656197 0.012735794616992
0.83016886797084 0.012727839602783
0.85738751937973 0.012719056396369
0.88460617078861 0.012709358720261
0.91182482219749 0.012698682204007
0.93904347360637 0.012686986318378
0.96626212501525 0.012674255597735
0.99348077642413 0.0126605000027
1.020699427833 0.012645752257466
1.0479180792419 0.012630066815118
1.0751367306508 0.012613520570896
1.1023553820596 0.012596210649287
1.1295740334685 0.012578251527063
1.1567926848774 0.012559771693172
1.1840113362863 0.012540909919235
1.2112299876952 0.012521808704093
1.238448639104 0.012502608300187
1.2656672905129 0.012483446756568
1.2928859419218 0.012464456413101
1.3201045933307 0.012445760169846
1.3473232447396 0.012427468084106
1.3745418961484 0.01240967439411
1.4017605475573 0.012392452896602
1.4289791989662 0.01237585066455
1.4561978503751 0.012359892056731
1.483416501784 0.012344579308546
1.5106351531929 0.012329892551236
1.5378538046017 0.012315790472156
1.5650724560106 0.012302211584313
1.5922911074195 0.012289074820851
1.6195097588284 0.01227627646595
1.6467284102373 0.012263697287279
1.6739470616461 0.01225120801143
1.701165713055 0.012238673018067
1.7283843644639 0.012225953647254
1.7556030158728 0.012212911561891
1.7828216672817 0.012199411201688
1.8100403186905 0.012185320650434
1.8372589700994 0.012170517147742
1.8644776215083 0.012154892110489
1.8916962729172 0.012138355644318
1.9189149243261 0.01212083435677
1.9461335757349 0.012102270155451
1.9733522271438 0.012082620031778
2.0005708785527 0.012061860845939
2.0277895299616 0.012039994858757
2.0550081813705 0.012017046881337
2.0822268327793 0.011993059081487
2.1094454841882 0.011968084778484
2.1366641355971 0.011942186113971
2.163882787006 0.011915433013337
2.1911014384149 0.011887906573982
2.2183200898237 0.011859697556171
2.2455387412326 0.011830897151018
2.2727573926415 0.011801592529467
2.2999760440504 0.011771863872248
2.3271946954593 0.01174178215996
2.3544133468681 0.011711406873644
2.381631998277 0.011680786532613
2.4088506496859 0.011649962144461
2.4360693010948 0.011618959779685
2.4632879525037 0.011587788483197
2.4905066039125 0.01155644021237
2.5177252553214 0.011524890257809
2.5449439067303 0.011493098134533
2.5721625581392 0.0114610098268
2.5993812095481 0.01142856376031
2.6265998609569 0.011395689556962
2.6538185123658 0.011362308623192
2.6810371637747 0.011328336730309
2.7082558151836 0.011293686707224
2.7354744665925 0.011258271185835
2.7626931180013 0.011222005367547
2.7899117694102 0.011184810112939
2.8171304208191 0.011146614161475
2.844349072228 0.011107355999442
2.8715677236369 0.011066985748478
2.8987863750457 0.011025466713607
2.9260050264546 0.010982776562167
2.9532236778635 0.010938908041727
2.9804423292724 0.010893867825174
3.0076609806813 0.010847676420586
3.0348796320901 0.010800369322795
3.062098283499 0.0107519962885
3.0893169349079 0.010702620193556
3.1165355863168 0.010652315584945
3.1437542377257 0.010601166954332
3.1709728891345 0.010549265443914
3.1981915405434 0.010496705711383
3.2254101919523 0.010443585961241
3.2526288433612 0.010390005975087
3.2798474947701 0.010336064903001
3.3070661461789 0.010281859119042
3.3342847975878 0.010227480192417
3.3615034489967 0.010173012221733
3.3887221004056 0.010118528477862
3.4159407518145 0.010064091954598
3.4431594032233 0.010009754659154
3.4703780546322 0.0099555567081903
3.4975967060411 0.009901525708942
3.52481535745 0.0098476764272788
3.5520340088589 0.0097940103879243
3.5792526602677 0.0097405145244228
3.6064713116766 0.0096871629114804
3.6336899630855 0.0096339182894691
3.6609086144944 0.0095807331071596
3.6881272659033 0.0095275506350945
3.7153459173121 0.0094743060146289
3.742564568721 0.0094209269060278
3.7697832201299 0.0093673348676419
3.7970018715388 0.0093134475215909
3.8242205229477 0.0092591831717535
3.8514391743565 0.0092044628191289
3.8786578257654 0.0091492090186216
3.9058764771743 0.0090933450729138
3.9330951285832 0.0090367899939864
3.9603137799921 0.0089794661982057
3.9875324314009 0.0089213038277947
4.0147510828098 0.0088622455765686
4.0419697342187 0.008802248212709
4.0691883856276 0.0087412766997044
4.0964070370365 0.0086793033368734
4.1236256884453 0.0086163058420305
4.1508443398542 0.008552270541793
4.1780629912631 0.0084871942808221
4.205281642672 0.0084210828533915
4.2325002940809 0.0083539503425579
4.2597189454897 0.0082858179406383
4.2869375968986 0.0082167131689812
4.3141562483075 0.0081466690531504
4.3413748997164 0.0080757239397345
4.3685935511253 0.0080039219215769
4.3958122025341 0.0079313103708074
4.423030853943 0.0078579386059641
4.4502495053519 0.0077838569391923
4.4774681567608 0.0077091157626126
4.5046868081697 0.0076337646790685
4.5319054595785 0.0075578521592066
4.5591241109874 0.0074814270446591
4.5863427623963 0.0074045361343996
4.6135614138052 0.007327222627844
4.6407800652141 0.007249525631229
4.6679987166229 0.0071714797590037
4.6952173680318 0.0070931148299097
4.7224360194407 0.0070144560092083
4.7496546708496 0.0069355272784471
4.7768733222585 0.0068563499438688
4.8040919736673 0.0067769402680233
4.8313106250762 0.0066973095652143
4.8585292764851 0.006617464403621
4.885747927894 0.0065374068741712
4.9129665793029 0.006457135082719
4.9401852307117 0.0063766477051874
4.9674038821206 0.0062959446789498
4.9946225335295 0.0062150232401508
5.0218411849384 0.006133878138902
5.0490598363473 0.0060525020812083
5.0762784877562 0.0059708861954021
5.103497139165 0.0058890205339797
5.1307157905739 0.0058068974420519
5.1579344419828 0.0057245144158638
5.1851530933917 0.0056418697150446
5.2123717448006 0.0055589621534931
5.2395903962094 0.0054757913991787
5.2668090476183 0.0053923582904231
5.2940276990272 0.0053086651477265
5.3212463504361 0.0052247170572455
5.348465001845 0.0051405244889716
5.3756836532538 0.0050561007088364
5.4029023046627 0.0049714611984761
5.4301209560716 0.0048866236635175
5.4573396074805 0.0048016080814002
5.4845582588894 0.0047164367292754
5.5117769102982 0.0046311343488216
5.5389955617071 0.0045457289834926
5.566214213116 0.0044602514679009
5.5934328645249 0.0043747350562265
5.6206515159338 0.0042892150225443
5.6478701673426 0.0042037284195307
5.6750888187515 0.0041183132837548
5.7023074701604 0.004033008972153
5.7295261215693 0.00394785580974
5.7567447729782 0.0038628966276266
5.783963424387 0.0037781783462781
5.8111820757959 0.0036937488555243
5.8384007272048 0.0036096560596716
5.8656193786137 0.0035259436196081
5.8928380300226 0.0034426532398851
5.9200566814314 0.003359826436916
5.9472753328403 0.0032775059004234
5.9744939842492 0.0031957396520991
6.0017126356581 0.0031145763687523
6.028931287067 0.0030340642357248
6.0561499384758 0.0029542495955039
6.0833685898847 0.0028751773498874
6.1105872412936 0.002796890289077
6.1378058927025 0.0027194274296211
6.1650245441114 0.0026428276827102
6.1922431955202 0.0025671297856111
6.2194618469291 0.0024923721222783
6.246680498338 0.0024185926615648
6.2738991497469 0.0023458289384713
6.3011178011558 0.0022741162077677
6.3283364525646 0.0022034831960924
6.3555551039735 0.0021339569999953
6.3827737553824 0.0020655642933328
6.4099924067913 0.0019983313129419
6.4372110582002 0.0019322838690323
6.464429709609 0.0018674473551914
6.4916483610179 0.0018038455179406
6.5188670124268 0.0017414943714197
6.5460856638357 0.0016804068392499
6.5733043152446 0.0016205954596452
6.6005229666534 0.001562072402346
6.6277416180623 0.0015048494885233
6.6549602694712 0.0014489382110202
6.6821789208801 0.0013943491824945
6.709397572289 0.0013410861749369
6.7366162236978 0.0012891484721668
6.7638348751067 0.0012385350248102
6.7910535265156 0.001189244536816
