-6.7910535265156 0.0011432458130268
-6.7638348751067 0.0011907207408598
-6.7366162236978 0.0012394846960923
-6.709397572289 0.0012895412045745
-6.6821789208801 0.001340893788561
-6.6549602694712 0.0013935458995815
-6.6277416180623 0.0014474969388554
-6.6005229666534 0.0015027400111681
-6.5733043152446 0.001559267672862
-6.5460856638357 0.0016170724751872
-6.5188670124268 0.0016761469639016
-6.4916483610179 0.0017364836788531
-6.464429709609 0.0017980751495607
-6.4372110582002 0.0018609113003122
-6.4099924067913 0.0019249749959484
-6.3827737553824 0.0019902479089909
-6.3555551039735 0.0020567117042461
-6.3283364525646 0.0021243480383248
-6.3011178011558 0.002193138559106
-6.2738991497469 0.0022630649054988
-6.246680498338 0.0023341075100054
-6.2194618469291 0.0024062408869519
-6.1922431955202 0.0024794377212283
-6.1650245441114 0.0025536706856803
-6.1378058927025 0.0026289124410508
-6.1105872412936 0.0027051356359678
-6.0833685898847 0.0027823129086274
-6.0561499384758 0.0028604164952033
-6.028931287067 0.0029394149100288
-6.0017126356581 0.0030192746329724
-5.9744939842492 0.0030999620891034
-5.9472753328403 0.0031814436594941
-5.9200566814314 0.003263685699306
-5.8928380300226 0.0033466545536063
-5.8656193786137 0.0034303165520939
-5.8384007272048 0.0035146363869691
-5.8111820757959 0.0035995772077936
-5.783963424387 0.0036851020520827
-5.7567447729782 0.0037711738566006
-5.7295261215693 0.0038577555239802
-5.7023074701604 0.0039448099354622
-5.6750888187515 0.0040322999995009
-5.6478701673426 0.0041201882010749
-5.6206515159338 0.0042084363251882
-5.5934328645249 0.0042970060782854
-5.566214213116 0.0043858591374949
-5.5389955617071 0.0044749571632726
-5.5117769102982 0.0045642618020978
-5.4845582588894 0.0046537346942095
-5.4573396074805 0.0047433378461692
-5.4301209560716 0.0048330342814066
-5.4029023046627 0.0049227871875984
-5.3756836532538 0.0050125597420082
-5.348465001845 0.0051023151118231
-5.3212463504361 0.0051920164547647
-5.2940276990272 0.0052816269220037
-5.2668090476183 0.0053711103604497
-5.2395903962094 0.0054604341202613
-5.2123717448006 0.0055495666412403
-5.1851530933917 0.0056384763597918
-5.1579344419828 0.0057271317080301
-5.1307157905739 0.0058155011140672
-5.103497139165 0.0059035530045354
-5.0762784877562 0.0059912563783257
-5.0490598363473 0.006078585657805
-5.0218411849384 0.0061655182584856
-4.9946225335295 0.006252031628658
-4.9674038821206 0.0063381032180176
-4.9401852307118 0.0064237104779097
-4.9129665793029 0.0065088308633101
-4.885747927894 0.006593442061621
-4.8585292764851 0.0066775264443708
-4.8313106250762 0.0067610707870415
-4.8040919736673 0.0068440620414144
-4.7768733222585 0.0069264871654769
-4.7496546708496 0.0070083331238776
-4.7224360194407 0.0070895868892288
-4.6952173680318 0.0071702354821802
-4.6679987166229 0.0072502684282922
-4.6407800652141 0.0073296792418849
-4.6135614138052 0.0074084618022539
-4.5863427623963 0.0074866099987611
-4.5591241109874 0.007564117731815
-4.5319054595785 0.0076409789138864
-4.5046868081697 0.0077171874720918
-4.4774681567608 0.0077927383332187
-4.4502495053519 0.007867629187403
-4.423030853943 0.007941858211393
-4.3958122025341 0.0080154235928464
-4.3685935511253 0.0080883235338594
-4.3413748997164 0.0081605562539484
-4.3141562483075 0.0082321200009539
-4.2869375968986 0.0083030134214726
-4.2597189454897 0.0083732370910965
-4.2325002940809 0.0084427921789763
-4.205281642672 0.0085116798217766
-4.1780629912631 0.0085799011644798
-4.1508443398542 0.0086474573879904
-4.1236256884453 0.0087143498878729
-4.0964070370365 0.008780580365114
-4.0691883856276 0.0088461522008926
-4.0419697342187 0.0089110693728093
-4.0147510828098 0.0089753350421925
-3.9875324314009 0.0090389522009555
-3.9603137799921 0.0091019238961011
-3.9330951285832 0.0091642546870761
-3.9058764771743 0.0092259503687824
-3.8786578257654 0.0092870176522748
-3.8514391743565 0.0093474635101179
-3.8242205229477 0.0094072930493961
-3.7970018715388 0.0094665109287425
-3.7697832201299 0.0095251217818572
-3.742564568721 0.0095831309271362
-3.7153459173121 0.009640544420772
-3.6881272659033 0.0096973680176792
-3.6609086144944 0.0097536068503751
-3.6336899630855 0.0098092657407374
-3.6064713116766 0.0098643494424166
-3.5792526602677 0.0099188627274934
-3.5520340088589 0.0099728104325024
-3.52481535745 0.010026197479928
-3.4975967060411 0.01007902813948
-3.4703780546322 0.010131304774551
-3.4431594032233 0.010183029412456
-3.4159407518145 0.010234204095473
-3.3887221004056 0.010284830891226
-3.3615034489967 0.010334911894856
-3.3342847975878 0.010384449231228
-3.3070661461789 0.010433444563996
-3.2798474947701 0.010481897071651
-3.2526288433612 0.010529805152947
-3.2254101919523 0.010577167234151
-3.1981915405434 0.010623981770829
-3.1709728891345 0.01067024724803
-3.1437542377257 0.010715962180506
-3.1165355863168 0.010761124859217
-3.0893169349079 0.010805731124188
-3.062098283499 0.010849775443722
-3.0348796320901 0.010893252304062
-3.0076609806813 0.010936156224545
-2.9804423292724 0.010978481758062
-2.9532236778635 0.011020223492719
-2.9260050264546 0.011061375972784
-2.8987863750457 0.011101932110736
-2.8715677236369 0.01114188325168
-2.844349072228 0.011181220713922
-2.8171304208191 0.011219935851298
-2.7899117694102 0.011258020053505
-2.7626931180013 0.01129546474982
-2.7354744665925 0.011332261410584
-2.7082558151836 0.011368401868985
-2.6810371637747 0.011403878530845
-2.6538185123658 0.011438683887074
-2.6265998609569 0.011472810460743
-2.5993812095481 0.011506250807077
-2.5721625581392 0.011538997520096
-2.5449439067303 0.011571043230192
-2.5177252553214 0.011602382401425
-2.4905066039125 0.011633014690295
-2.4632879525037 0.011662940681515
-2.4360693010948 0.011692160976945
-2.4088506496859 0.011720676200012
-2.381631998277 0.011748487039859
-2.3544133468681 0.011775594239219
-2.3271946954593 0.011802000044733
-2.2999760440504 0.011827714423458
-2.2727573926415 0.011852749653413
-2.2455387412326 0.011877117966092
-2.2183200898237 0.011900831616064
-2.1911014384149 0.011923903421007
-2.163882787006 0.011946346795265
-2.1366641355971 0.011968175775138
-2.1094454841882 0.011989409811056
-2.0822268327793 0.012010068789458
-2.0550081813705 0.012030171678561
-2.0277895299616 0.012049737542827
-2.0005708785527 0.012068788901099
-1.9733522271438 0.012087353357051
-1.9461335757349 0.012105458923598
-1.9189149243261 0.012123134710288
-1.8916962729172 0.012140406093345
-1.8644776215083 0.012157295938092
-1.8372589700994 0.012173827144187
-1.8100403186905 0.012190023894845
-1.7828216672817 0.012205912998907
-1.7556030158728 0.012221521537895
-1.7283843644639 0.0122368749537
-1.701165713055 0.012251995458509
-1.6739470616461 0.012266904579884
-1.6467284102373 0.012281623824461
-1.6195097588284 0.012296174744342
-1.5922911074195 0.012310579053578
-1.5650724560106 0.012324858477004
-1.5378538046017 0.012339032456167
-1.5106351531928 0.012353113804958
-1.483416501784 0.012367114099431
-1.4561978503751 0.012381044903786
-1.4289791989662 0.012394917773279
-1.4017605475573 0.012408744259026
-1.3745418961484 0.012422535903025
-1.3473232447396 0.01243630300278
-1.3201045933307 0.012450049304743
-1.2928859419218 0.012463776387482
-1.2656672905129 0.012477485824542
-1.238448639104 0.012491179185635
-1.2112299876952 0.012504858034889
-1.1840113362863 0.01251852393174
-1.1567926848774 0.012532177981457
-1.1295740334685 0.012545816730834
-1.1023553820596 0.012559434078653
-1.0751367306508 0.012573023891028
-1.0479180792419 0.0125865800336
-1.020699427833 0.012600096369855
-0.99348077642413 0.01261356676126
-0.96626212501525 0.012626984955922
-0.93904347360637 0.012640342188813
-0.91182482219749 0.012653627212484
-0.88460617078861 0.012666828673464
-0.85738751937973 0.012679935217187
-0.83016886797084 0.012692935484781
-0.80295021656196 0.01270581811313
-0.77573156515308 0.012718571689103
-0.7485129137442 0.012731181247113
-0.72129426233532 0.012743625861037
-0.69407561092644 0.012755884034774
-0.66685695951756 0.012767934272013
-0.63963830810868 0.012779755072576
-0.6124196566998 0.012791324931346
-0.58520100529092 0.012802622341283
-0.55798235388204 0.012813627175843
-0.53076370247316 0.012824323366261
-0.50354505106428 0.012834695582448
-0.4763263996554 0.01284472849591
-0.44910774824652 0.012854406791409
-0.42188909683764 0.012863715169774
-0.39467044542876 0.012872638324775
-0.36745179401988 0.012881155636162
-0.340233142611 0.012889217888968
-0.31301449120212 0.012896766340345
-0.28579583979324 0.012903742346967
-0.25857718838436 0.012910087527207
-0.23135853697548 0.012915743861365
-0.2041398855666 0.012920653263465
-0.17692123415772 0.012924767846104
-0.14970258274884 0.012928145810275
-0.12248393133996 0.012930908553856
-0.095265279931081 0.012933179612396
-0.0680466285222 0.012935084313238
-0.04082797711332 0.012936749609068
-0.01360932570444 0.012938301351534
0.01360932570444 0.012938301351534
0.04082797711332 0.012936749609068
0.0680466285222 0.012935084313238
0.095265279931081 0.012933179612396
0.12248393133996 0.012930908553856
0.14970258274884 0.012928145810275
0.17692123415772 0.012924767846104
0.2041398855666 0.012920653263465
0.23135853697548 0.012915743861365
0.25857718838436 0.012910087527207
0.28579583979324 0.012903742346967
0.31301449120212 0.012896766340345
0.340233142611 0.012889217888968
0.36745179401988 0.012881155636162
0.39467044542876 0.012872638324775
0.42188909683764 0.012863715169774
0.44910774824652 0.012854406791409
0.4763263996554 0.01284472849591
0.50354505106428 0.012834695582448
0.53076370247316 0.012824323366261
0.55798235388204 0.012813627175843
0.58520100529092 0.012802622341283
0.6124196566998 0.012791324931346
0.63963830810868 0.012779755072576
0.66685695951756 0.012767934272013
0.69407561092644 0.012755884034774
0.72129426233532 0.012743625861037
0.7485129137442 0.012731181247113
0.77573156515308 0.012718571689103
0.80295021656197 0.01270581811313
0.83016886797084 0.012692935484781
0.85738751937973 0.012679935217187
0.88460617078861 0.012666828673464
0.91182482219749 0.012653627212484
0.93904347360637 0.012640342188813
0.96626212501525 0.012626984955922
0.99348077642413 0.01261356676126
1.020699427833 0.012600096369855
1.0479180792419 0.0125865800336
1.0751367306508 0.012573023891028
1.1023553820596 0.012559434078653
1.1295740334685 0.012545816730834
1.1567926848774 0.012532177981457
1.1840113362863 0.01251852393174
1.2112299876952 0.012504858034889
1.238448639104 0.012491179185635
1.2656672905129 0.012477485824542
1.2928859419218 0.012463776387482
1.3201045933307 0.012450049304743
1.3473232447396 0.01243630300278
1.3745418961484 0.012422535903025
1.4017605475573 0.012408744259026
1.4289791989662 0.012394917773279
1.4561978503751 0.012381044903786
1.483416501784 0.012367114099431
1.5106351531929 0.012353113804958
1.5378538046017 0.012339032456167
1.5650724560106 0.012324858477004
1.5922911074195 0.012310579053578
1.6195097588284 0.012296174744342
1.6467284102373 0.012281623824461
1.6739470616461 0.012266904579884
1.701165713055 0.012251995458509
1.7283843644639 0.0122368749537
1.7556030158728 0.012221521537895
1.7828216672817 0.012205912998907
1.8100403186905 0.012190023894845
1.8372589700994 0.012173827144187
1.8644776215083 0.012157295938092
1.8916962729172 0.012140406093345
1.9189149243261 0.012123134710288
1.9461335757349 0.012105458923598
1.9733522271438 0.012087353357051
2.0005708785527 0.012068788901099
2.0277895299616 0.012049737542827
2.0550081813705 0.012030171678561
2.0822268327793 0.012010068789458
2.1094454841882 0.011989409811056
2.1366641355971 0.011968175775138
2.163882787006 0.011946346795265
2.1911014384149 0.011923903421007
2.2183200898237 0.011900831616064
2.2455387412326 0.011877117966092
2.2727573926415 0.011852749653413
2.2999760440504 0.011827714423458
2.3271946954593 0.011802000044733
2.3544133468681 0.011775594239219
2.381631998277 0.011748487039859
2.4088506496859 0.011720676200012
2.4360693010948 0.011692160976945
2.4632879525037 0.011662940681515
2.4905066039125 0.011633014690295
2.5177252553214 0.011602382401425
2.5449439067303 0.011571043230192
2.5721625581392 0.011538997520096
2.5993812095481 0.011506250807077
2.6265998609569 0.011472810460743
2.6538185123658 0.011438683887074
2.6810371637747 0.011403878530845
2.7082558151836 0.011368401868985
2.7354744665925 0.011332261410584
2.7626931180013 0.01129546474982
2.7899117694102 0.011258020053505
2.8171304208191 0.011219935851298
2.844349072228 0.011181220713922
2.8715677236369 0.01114188325168
2.8987863750457 0.011101932110736
2.9260050264546 0.011061375972784
2.9532236778635 0.011020223492719
2.9804423292724 0.010978481758062
3.0076609806813 0.010936156224545
3.0348796320901 0.010893252304062
3.062098283499 0.010849775443722
3.0893169349079 0.010805731124188
3.1165355863168 0.010761124859217
3.1437542377257 0.010715962180506
3.1709728891345 0.01067024724803
3.1981915405434 0.010623981770829
3.2254101919523 0.010577167234151
3.2526288433612 0.010529805152947
3.2798474947701 0.010481897071651
3.3070661461789 0.010433444563996
3.3342847975878 0.010384449231228
3.3615034489967 0.010334911894856
3.3887221004056 0.010284830891226
3.4159407518145 0.010234204095473
3.4431594032233 0.010183029412456
3.4703780546322 0.010131304774551
3.4975967060411 0.01007902813948
3.52481535745 0.010026197479928
3.5520340088589 0.0099728104325024
3.5792526602677 0.0099188627274934
3.6064713116766 0.0098643494424166
3.6336899630855 0.0098092657407374
3.6609086144944 0.0097536068503751
3.6881272659033 0.0096973680176792
3.7153459173121 0.009640544420772
3.742564568721 0.0095831309271362
3.7697832201299 0.0095251217818572
3.7970018715388 0.0094665109287425
3.8242205229477 0.0094072930493961
3.8514391743565 0.0093474635101179
3.8786578257654 0.0092870176522748
3.9058764771743 0.0092259503687824
3.9330951285832 0.0091642546870761
3.9603137799921 0.0091019238961011
3.9875324314009 0.0090389522009555
4.0147510828098 0.0089753350421925
4.0419697342187 0.0089110693728093
4.0691883856276 0.0088461522008926
4.0964070370365 0.008780580365114
4.1236256884453 0.0087143498878729
4.1508443398542 0.0086474573879904
4.1780629912631 0.0085799011644798
4.205281642672 0.0085116798217766
4.2325002940809 0.0084427921789763
4.2597189454897 0.0083732370910965
4.2869375968986 0.0083030134214726
4.3141562483075 0.0082321200009539
4.3413748997164 0.0081605562539484
4.3685935511253 0.0080883235338594
4.3958122025341 0.0080154235928464
4.423030853943 0.007941858211393
4.4502495053519 0.007867629187403
4.4774681567608 0.0077927383332187
4.5046868081697 0.0077171874720918
4.5319054595785 0.0076409789138864
4.5591241109874 0.007564117731815
4.5863427623963 0.0074866099987611
4.6135614138052 0.0074084618022539
4.6407800652141 0.0073296792418849
4.6679987166229 0.0072502684282922
4.6952173680318 0.0071702354821802
4.7224360194407 0.0070895868892288
4.7496546708496 0.0070083331238776
4.7768733222585 0.0069264871654769
4.8040919736673 0.0068440620414144
4.8313106250762 0.0067610707870415
4.8585292764851 0.0066775264443708
4.885747927894 0.006593442061621
4.9129665793029 0.0065088308633101
4.9401852307117 0.0064237104779097
4.9674038821206 0.0063381032180176
4.9946225335295 0.006252031628658
5.0218411849384 0.0061655182584856
5.0490598363473 0.006078585657805
5.0762784877562 0.0059912563783257
5.103497139165 0.0059035530045354
5.1307157905739 0.0058155011140672
5.1579344419828 0.0057271317080301
5.1851530933917 0.0056384763597918
5.2123717448006 0.0055495666412403
5.2395903962094 0.0054604341202613
5.2668090476183 0.0053711103604497
5.2940276990272 0.0052816269220037
5.3212463504361 0.0051920164547647
5.348465001845 0.0051023151118231
5.3756836532538 0.0050125597420082
5.4029023046627 0.0049227871875984
5.4301209560716 0.0048330342814066
5.4573396074805 0.0047433378461692
5.4845582588894 0.0046537346942095
5.5117769102982 0.0045642618020978
5.5389955617071 0.0044749571632726
5.566214213116 0.0043858591374949
5.5934328645249 0.0042970060782854
5.6206515159338 0.0042084363251882
5.6478701673426 0.0041201882010749
5.6750888187515 0.0040322999995009
5.7023074701604 0.0039448099354622
5.7295261215693 0.0038577555239802
5.7567447729782 0.0037711738566006
5.783963424387 0.0036851020520827
5.8111820757959 0.0035995772077936
5.8384007272048 0.0035146363869691
5.8656193786137 0.0034303165520939
5.8928380300226 0.0033466545536063
5.9200566814314 0.003263685699306
5.9472753328403 0.0031814436594941
5.9744939842492 0.0030999620891034
6.0017126356581 0.0030192746329724
6.028931287067 0.0029394149100288
6.0561499384758 0.0028604164952033
6.0833685898847 0.0027823129086274
6.1105872412936 0.0027051356359678
6.1378058927025 0.0026289124410508
6.1650245441114 0.0025536706856803
6.1922431955202 0.0024794377212283
6.2194618469291 0.0024062408869519
6.246680498338 0.0023341075100054
6.2738991497469 0.0022630649054988
6.3011178011558 0.002193138559106
6.3283364525646 0.0021243480383248
6.3555551039735 0.0020567117042461
6.3827737553824 0.0019902479089909
6.4099924067913 0.0019249749959484
6.4372110582002 0.0018609113003122
6.464429709609 0.0017980751495607
6.4916483610179 0.0017364836788531
6.5188670124268 0.0016761469639016
6.5460856638357 0.0016170724751872
6.5733043152446 0.001559267672862
6.6005229666534 0.0015027400111681
6.6277416180623 0.0014474969388554
6.6549602694712 0.0013935458995815
6.6821789208801 0.001340893788561
6.709397572289 0.0012895412045745
6.7366162236978 0.0012394846960923
6.7638348751067 0.0011907207408598
6.7910535265156 0.0011432458130268
