-6.7910535265156 0.00018502613514197
-6.7638348751067 0.0001950316358818
-6.7366162236978 0.00020551677568952
-6.709397572289 0.00021649987352234
-6.6821789208801 0.00022799924833745
-6.6549602694712 0.00024003324037466
-6.6277416180623 0.00025262147810095
-6.6005229666534 0.00026578559324321
-6.5733043152446 0.00027954739061465
-6.5460856638357 0.00029392867502845
-6.5188670124268 0.00030895125129779
-6.4916483610179 0.00032463692423587
-6.464429709609 0.00034100749985837
-6.4372110582002 0.00035808555055811
-6.4099924067913 0.00037589572858501
-6.3827737553824 0.0003944630356338
-6.3555551039735 0.00041381247339923
-6.3283364525646 0.00043396904357606
-6.3011178011558 0.00045495774785903
-6.2738991497469 0.00047680358794288
-6.246680498338 0.00049953179437716
-6.2194618469291 0.00052316872694217
-6.1922431955202 0.00054774109310486
-6.1650245441114 0.00057327560042874
-6.1378058927025 0.00059979895647736
-6.1105872412936 0.00062733786881422
-6.0833685898847 0.00065591904500287
-6.0561499384758 0.00068556916050815
-6.028931287067 0.00071631459123424
-6.0017126356581 0.0007481815498485
-5.9744939842492 0.00078119624737639
-5.9472753328403 0.00081538489484332
-5.9200566814314 0.00085077370327474
-5.8928380300226 0.00088738888369609
-5.8656193786137 0.00092525660404493
-5.8384007272048 0.00096440216162229
-5.8111820757959 0.0010048500451451
-5.783963424387 0.001046624712674
-5.7567447729782 0.0010897506222698
-5.7295261215693 0.0011342522319934
-5.7023074701604 0.0011801539999054
-5.6750888187515 0.0012274803770923
-5.6478701673426 0.0012762553777153
-5.6206515159338 0.0013265023278597
-5.5934328645249 0.0013782444931361
-5.566214213116 0.0014315051391552
-5.5389955617071 0.0014863075315277
-5.5117769102982 0.0015426749358641
-5.4845582588894 0.0016006306178888
-5.4573396074805 0.0016601979232004
-5.4301209560716 0.0017214004171482
-5.4029023046627 0.0017842617025446
-5.3756836532538 0.0018488053822021
-5.348465001845 0.0019150550589333
-5.3212463504361 0.0019830343355506
-5.2940276990272 0.0020527668148664
-5.2668090476183 0.00212427608028
-5.2395903962094 0.0021975856180213
-5.2123717448006 0.0022727188839813
-5.1851530933917 0.0023496993340408
-5.1579344419828 0.0024285504240806
-5.1307157905739 0.0025092956099817
-5.103497139165 0.0025919583476248
-5.0762784877562 0.0026765618430211
-5.0490598363473 0.00276312693246
-5.0218411849384 0.0028516731442074
-4.9946225335295 0.0029422199928019
-4.9674038821206 0.0030347869927822
-4.9401852307118 0.003129393658687
-4.9129665793029 0.0032260595050549
-4.885747927894 0.0033248038005404
-4.8585292764851 0.0034256407394459
-4.8313106250762 0.0035285797449264
-4.8040919736673 0.0036336300549662
-4.7768733222585 0.0037408009075497
-4.7496546708496 0.0038501015406612
-4.7224360194407 0.0039615411922848
-4.6952173680318 0.0040751290223815
-4.6679987166229 0.0041908691289109
-4.6407800652141 0.0043087575366958
-4.6135614138052 0.0044287895488654
-4.5863427623963 0.0045509604685489
-4.5591241109874 0.0046752655988753
-4.5319054595785 0.004801700242974
-4.5046868081697 0.0049302596997885
-4.4774681567608 0.0050609360096671
-4.4502495053519 0.0051937121243807
-4.423030853943 0.0053285694235712
-4.3958122025341 0.0054654892868804
-4.3685935511253 0.0056044530939501
-4.3413748997164 0.0057454422244222
-4.3141562483075 0.0058884380579385
-4.2869375968986 0.0060334202909254
-4.2597189454897 0.0061803600733317
-4.2325002940809 0.0063292258491977
-4.205281642672 0.0064799860614919
-4.1780629912631 0.0066326091531825
-4.1508443398542 0.0067870635672379
-4.1236256884453 0.0069433177466265
-4.0964070370365 0.0071013392165392
-4.0691883856276 0.0072610866563438
-4.0419697342187 0.007422513799659
-4.0147510828098 0.0075855743259937
-3.9875324314009 0.0077502219148568
-3.9603137799921 0.0079164102457573
-3.9330951285832 0.0080840929982043
-3.9058764771743 0.0082532234673311
-3.8786578257654 0.008423746845119
-3.8514391743565 0.0085956006100936
-3.8242205229477 0.0087687219344037
-3.7970018715388 0.0089430479901982
-3.7697832201299 0.0091185159496259
-3.742564568721 0.0092950629848356
-3.7153459173121 0.0094726262114787
-3.6881272659033 0.0096511389471858
-3.6609086144944 0.0098305283751272
-3.6336899630855 0.010010721120748
-3.6064713116766 0.010191643809494
-3.5792526602677 0.01037322306681
-3.5520340088589 0.010555385518141
-3.52481535745 0.010738057789503
-3.4975967060411 0.010921167000747
-3.4703780546322 0.011104641668106
-3.4431594032233 0.011288410552887
-3.4159407518145 0.011472402416399
-3.3887221004056 0.011656546019949
-3.3615034489967 0.011840770124846
-3.3342847975878 0.012025003492397
-3.3070661461789 0.012209176451592
-3.2798474947701 0.012393227406178
-3.2526288433612 0.012577097352291
-3.2254101919523 0.012760727287275
-3.1981915405434 0.012944058208473
-3.1709728891345 0.013127031113229
-3.1437542377257 0.013309586998884
-3.1165355863168 0.013491667686483
-3.0893169349079 0.013673223066041
-3.062098283499 0.013854207597181
-3.0348796320901 0.014034575791604
-3.0076609806813 0.014214282161011
-2.9804423292724 0.014393281217103
-2.9532236778635 0.014571527471581
-2.9260050264546 0.014748975622411
-2.8987863750457 0.014925584379536
-2.8715677236369 0.015101316319291
-2.844349072228 0.015276134175144
-2.8171304208191 0.015450000680562
-2.7899117694102 0.015622878569015
-2.7626931180013 0.015794730573969
-2.7354744665925 0.015965519439026
-2.7082558151836 0.016135208614042
-2.6810371637747 0.016303762704158
-2.6538185123658 0.016471146421323
-2.6265998609569 0.016637324477489
-2.5993812095481 0.01680226158461
-2.5721625581392 0.016965922454636
-2.5449439067303 0.017128271799488
-2.5177252553214 0.017289274301292
-2.4905066039125 0.017448894556761
-2.4632879525037 0.017607097147397
-2.4360693010948 0.017763846654701
-2.4088506496859 0.017919107660177
-2.381631998277 0.018072844745327
-2.3544133468681 0.018225022491652
-2.3271946954593 0.018375605910142
-2.2999760440504 0.018524562255948
-2.2727573926415 0.018671859514787
-2.2455387412326 0.018817465672771
-2.2183200898237 0.018961348716014
-2.1911014384149 0.019103476630627
-2.163882787006 0.019243817402724
-2.1366641355971 0.019382339610837
-2.1094454841882 0.019519017732284
-2.0822268327793 0.019653829627989
-2.0550081813705 0.019786753199015
-2.0277895299616 0.019917766346426
-2.0005708785527 0.020046846971287
-1.9733522271438 0.020173972974662
-1.9461335757349 0.020299122596866
-1.9189149243261 0.020422281545544
-1.8916962729172 0.020543442813909
-1.8644776215083 0.020662599698069
-1.8372589700994 0.02077974549413
-1.8100403186905 0.020894873498199
-1.7828216672817 0.021007977006385
-1.7556030158728 0.021119049387671
-1.7283843644639 0.021228089280417
-1.701165713055 0.021335104052688
-1.6739470616461 0.021440101893269
-1.6467284102373 0.021543090990945
-1.6195097588284 0.021644079534504
-1.5922911074195 0.02174307571273
-1.5650724560106 0.021840087715554
-1.5378538046017 0.021935124979039
-1.5106351531928 0.022028200561087
-1.483416501784 0.022119328173939
-1.4561978503751 0.022208521529835
-1.4289791989662 0.022295794341015
-1.4017605475573 0.022381160319721
-1.3745418961484 0.022464633178191
-1.3473232447396 0.022546226045272
-1.3201045933307 0.022625948957318
-1.2928859419218 0.022703810929891
-1.2656672905129 0.022779820977915
-1.238448639104 0.022853988116314
-1.2112299876952 0.022926321360013
-1.1840113362863 0.022996829723936
-1.1567926848774 0.023065521938133
-1.1295740334685 0.023132403849298
-1.1023553820596 0.023197479628929
-1.0751367306508 0.023260753427855
-1.0479180792419 0.023322229396906
-1.020699427833 0.02338191168691
-0.99348077642413 0.023439804448695
-0.96626212501525 0.023495911966839
-0.93904347360637 0.023550241535012
-0.91182482219749 0.023602803419124
-0.88460617078861 0.023653608011465
-0.85738751937973 0.023702665704327
-0.83016886797084 0.023749986890002
-0.80295021656196 0.023795581960781
-0.77573156515308 0.023839461315129
-0.7485129137442 0.023881635814903
-0.72129426233532 0.023922117099481
-0.69407561092644 0.023960916882565
-0.66685695951756 0.023998046877856
-0.63963830810868 0.024033518799055
-0.6124196566998 0.024067344359866
-0.58520100529092 0.024099535277996
-0.55798235388204 0.024130108196682
-0.53076370247316 0.024159094273901
-0.50354505106428 0.024186527328062
-0.4763263996554 0.024212441177575
-0.44910774824652 0.024236869640849
-0.42188909683764 0.024259846536295
-0.39467044542876 0.024281405682321
-0.36745179401988 0.024301569889837
-0.340233142611 0.024320302774765
-0.31301449120212 0.024337548141083
-0.28579583979324 0.0243532497786
-0.25857718838436 0.024367351477125
-0.23135853697548 0.024379797026464
-0.2041398855666 0.024390530216428
-0.17692123415772 0.024399512294377
-0.14970258274884 0.024406884138559
-0.12248393133996 0.024412892330052
-0.095265279931081 0.024417784805709
-0.0680466285222 0.024421809502383
-0.04082797711332 0.024425214356925
-0.01360932570444 0.024428247306188
0.01360932570444 0.024428247306188
0.04082797711332 0.024425214356925
0.0680466285222 0.024421809502383
0.095265279931081 0.024417784805709
0.12248393133996 0.024412892330052
0.14970258274884 0.024406884138559
0.17692123415772 0.024399512294377
0.2041398855666 0.024390530216428
0.23135853697548 0.024379797026464
0.25857718838436 0.024367351477125
0.28579583979324 0.0243532497786
0.31301449120212 0.024337548141083
0.340233142611 0.024320302774765
0.36745179401988 0.024301569889837
0.39467044542876 0.024281405682321
0.42188909683764 0.024259846536295
0.44910774824652 0.024236869640849
0.4763263996554 0.024212441177575
0.50354505106428 0.024186527328062
0.53076370247316 0.024159094273901
0.55798235388204 0.024130108196682
0.58520100529092 0.024099535277996
0.6124196566998 0.024067344359866
0.63963830810868 0.024033518799055
0.66685695951756 0.023998046877856
0.69407561092644 0.023960916882565
0.72129426233532 0.023922117099481
0.7485129137442 0.023881635814903
0.77573156515308 0.023839461315129
0.80295021656197 0.023795581960781
0.83016886797084 0.023749986890002
0.85738751937973 0.023702665704327
0.88460617078861 0.023653608011465
0.91182482219749 0.023602803419124
0.93904347360637 0.023550241535012
0.96626212501525 0.023495911966839
0.99348077642413 0.023439804448695
1.020699427833 0.02338191168691
1.0479180792419 0.023322229396906
1.0751367306508 0.023260753427855
1.1023553820596 0.023197479628929
1.1295740334685 0.023132403849298
1.1567926848774 0.023065521938133
1.1840113362863 0.022996829723936
1.2112299876952 0.022926321360013
1.238448639104 0.022853988116314
1.2656672905129 0.022779820977915
1.2928859419218 0.022703810929891
1.3201045933307 0.022625948957318
1.3473232447396 0.022546226045272
1.3745418961484 0.022464633178191
1.4017605475573 0.022381160319721
1.4289791989662 0.022295794341015
1.4561978503751 0.022208521529835
1.483416501784 0.022119328173939
1.5106351531929 0.022028200561087
1.5378538046017 0.021935124979039
1.5650724560106 0.021840087715554
1.5922911074195 0.02174307571273
1.6195097588284 0.021644079534504
1.6467284102373 0.021543090990945
1.6739470616461 0.021440101893269
1.701165713055 0.021335104052688
1.7283843644639 0.021228089280417
1.7556030158728 0.021119049387671
1.7828216672817 0.021007977006385
1.8100403186905 0.020894873498199
1.8372589700994 0.02077974549413
1.8644776215083 0.020662599698069
1.8916962729172 0.020543442813909
1.9189149243261 0.020422281545544
1.9461335757349 0.020299122596866
1.9733522271438 0.020173972974662
2.0005708785527 0.020046846971287
2.0277895299616 0.019917766346426
2.0550081813705 0.019786753199015
2.0822268327793 0.019653829627989
2.1094454841882 0.019519017732284
2.1366641355971 0.019382339610837
2.163882787006 0.019243817402724
2.1911014384149 0.019103476630627
2.2183200898237 0.018961348716014
2.2455387412326 0.018817465672771
2.2727573926415 0.018671859514787
2.2999760440504 0.018524562255948
2.3271946954593 0.018375605910142
2.3544133468681 0.018225022491652
2.381631998277 0.018072844745327
2.4088506496859 0.017919107660177
2.4360693010948 0.017763846654701
2.4632879525037 0.017607097147397
2.4905066039125 0.017448894556761
2.5177252553214 0.017289274301292
2.5449439067303 0.017128271799488
2.5721625581392 0.016965922454636
2.5993812095481 0.01680226158461
2.6265998609569 0.016637324477489
2.6538185123658 0.016471146421323
2.6810371637747 0.016303762704158
2.7082558151836 0.016135208614042
2.7354744665925 0.015965519439026
2.7626931180013 0.015794730573969
2.7899117694102 0.015622878569015
2.8171304208191 0.015450000680562
2.844349072228 0.015276134175144
2.8715677236369 0.015101316319291
2.8987863750457 0.014925584379536
2.9260050264546 0.014748975622411
2.9532236778635 0.014571527471581
2.9804423292724 0.014393281217103
3.0076609806813 0.014214282161011
3.0348796320901 0.014034575791604
3.062098283499 0.013854207597181
3.0893169349079 0.013673223066041
3.1165355863168 0.013491667686483
3.1437542377257 0.013309586998884
3.1709728891345 0.013127031113229
3.1981915405434 0.012944058208473
3.2254101919523 0.012760727287275
3.2526288433612 0.012577097352291
3.2798474947701 0.012393227406178
3.3070661461789 0.012209176451592
3.3342847975878 0.012025003492397
3.3615034489967 0.011840770124846
3.3887221004056 0.011656546019949
3.4159407518145 0.011472402416399
3.4431594032233 0.011288410552887
3.4703780546322 0.011104641668106
3.4975967060411 0.010921167000747
3.52481535745 0.010738057789503
3.5520340088589 0.010555385518141
3.5792526602677 0.01037322306681
3.6064713116766 0.010191643809494
3.6336899630855 0.010010721120748
3.6609086144944 0.0098305283751272
3.6881272659033 0.0096511389471858
3.7153459173121 0.0094726262114787
3.742564568721 0.0092950629848356
3.7697832201299 0.0091185159496259
3.7970018715388 0.0089430479901982
3.8242205229477 0.0087687219344037
3.8514391743565 0.0085956006100936
3.8786578257654 0.0084237468451189
3.9058764771743 0.0082532234673311
3.9330951285832 0.0080840929982043
3.9603137799921 0.0079164102457573
3.9875324314009 0.0077502219148568
4.0147510828098 0.0075855743259937
4.0419697342187 0.007422513799659
4.0691883856276 0.0072610866563438
4.0964070370365 0.0071013392165392
4.1236256884453 0.0069433177466265
4.1508443398542 0.0067870635672379
4.1780629912631 0.0066326091531825
4.205281642672 0.0064799860614919
4.2325002940809 0.0063292258491977
4.2597189454897 0.0061803600733317
4.2869375968986 0.0060334202909254
4.3141562483075 0.0058884380579385
4.3413748997164 0.0057454422244222
4.3685935511253 0.0056044530939501
4.3958122025341 0.0054654892868804
4.423030853943 0.0053285694235712
4.4502495053519 0.0051937121243807
4.4774681567608 0.0050609360096671
4.5046868081697 0.0049302596997885
4.5319054595785 0.004801700242974
4.5591241109874 0.0046752655988753
4.5863427623963 0.0045509604685489
4.6135614138052 0.0044287895488654
4.6407800652141 0.0043087575366958
4.6679987166229 0.0041908691289109
4.6952173680318 0.0040751290223815
4.7224360194407 0.0039615411922848
4.7496546708496 0.0038501015406612
4.7768733222585 0.0037408009075497
4.8040919736673 0.0036336300549662
4.8313106250762 0.0035285797449264
4.8585292764851 0.0034256407394459
4.885747927894 0.0033248038005404
4.9129665793029 0.0032260595050549
4.9401852307117 0.003129393658687
4.9674038821206 0.0030347869927822
4.9946225335295 0.0029422199928019
5.0218411849384 0.0028516731442074
5.0490598363473 0.00276312693246
5.0762784877562 0.0026765618430211
5.103497139165 0.0025919583476248
5.1307157905739 0.0025092956099817
5.1579344419828 0.0024285504240806
5.1851530933917 0.0023496993340408
5.2123717448006 0.0022727188839813
5.2395903962094 0.0021975856180213
5.2668090476183 0.00212427608028
5.2940276990272 0.0020527668148664
5.3212463504361 0.0019830343355506
5.348465001845 0.0019150550589333
5.3756836532538 0.0018488053822021
5.4029023046627 0.0017842617025446
5.4301209560716 0.0017214004171481
5.4573396074805 0.0016601979232004
5.4845582588894 0.0016006306178888
5.5117769102982 0.0015426749358641
5.5389955617071 0.0014863075315277
5.566214213116 0.0014315051391552
5.5934328645249 0.0013782444931361
5.6206515159338 0.0013265023278597
5.6478701673426 0.0012762553777153
5.6750888187515 0.0012274803770923
5.7023074701604 0.0011801539999054
5.7295261215693 0.0011342522319934
5.7567447729782 0.0010897506222698
5.783963424387 0.001046624712674
5.8111820757959 0.0010048500451451
5.8384007272048 0.00096440216162229
5.8656193786137 0.00092525660404493
5.8928380300226 0.00088738888369609
5.9200566814314 0.00085077370327474
5.9472753328403 0.00081538489484332
5.9744939842492 0.00078119624737639
6.0017126356581 0.00074818154984851
6.028931287067 0.00071631459123424
6.0561499384758 0.00068556916050815
6.0833685898847 0.00065591904500287
6.1105872412936 0.00062733786881423
6.1378058927025 0.00059979895647736
6.1650245441114 0.00057327560042874
6.1922431955202 0.00054774109310486
6.2194618469291 0.00052316872694217
6.246680498338 0.00049953179437716
6.2738991497469 0.00047680358794288
6.3011178011558 0.00045495774785903
6.3283364525646 0.00043396904357606
6.3555551039735 0.00041381247339923
6.3827737553824 0.0003944630356338
6.4099924067913 0.00037589572858501
6.4372110582002 0.00035808555055811
6.464429709609 0.00034100749985837
6.4916483610179 0.00032463692423587
6.5188670124268 0.00030895125129779
6.5460856638357 0.00029392867502845
6.5733043152446 0.00027954739061465
6.6005229666534 0.00026578559324322
6.6277416180623 0.00025262147810095
6.6549602694712 0.00024003324037466
6.6821789208801 0.00022799924833745
6.709397572289 0.00021649987352234
6.7366162236978 0.00020551677568952
6.7638348751067 0.0001950316358818
6.7910535265156 0.00018502613514197
