0.0001 5.9567372003322e-05
0.0180998 0.010776528583487
0.0360996 0.021463561315255
0.0540994 0.032090993868265
0.0720992 0.042629335069204
0.090099 0.053049360177403
0.1080988 0.063324127931279
0.1260986 0.073454250125851
0.1440984 0.083460532535885
0.1620982 0.093364225607748
0.180098 0.10318648401257
0.1980978 0.11294824903261
0.2160976 0.12266268047146
0.2340974 0.13232717303446
0.2520972 0.14193722904117
0.270097 0.1514884200389
0.2880968 0.16097639257333
0.3060966 0.17039725256654
0.3240964 0.17974965940019
0.3420962 0.18903329193926
0.360096 0.19824783122097
0.3780958 0.20739295237607
0.3960956 0.21646829144865
0.4140954 0.22547263947651
0.4320952 0.23440384675983
0.450095 0.24325974192783
0.4680948 0.2520381851124
0.4860946 0.26073706809039
0.5040944 0.26935434062384
0.5220942 0.27788807080527
0.540094 0.28633637265332
0.5580938 0.29469738703846
0.5760936 0.3029692814416
0.5940934 0.31115024070103
0.6120932 0.31923837320221
0.630093 0.32723175285523
0.6480928 0.33512848648337
0.6660926 0.34292671516364
0.6840924 0.35062461439574
0.7020922 0.35822038970157
0.720092 0.36571227347709
0.7380918 0.37309853305677
0.7560916 0.38037747182535
0.7740914 0.38754742942512
0.7920912 0.39460677926425
0.810091 0.40155391677183
0.8280908 0.40838727026153
0.8460906 0.41510530651928
0.8640904 0.42170653101948
0.8820902 0.42818948795052
0.90009 0.43455275666806
0.9180898 0.4407949522358
0.9360896 0.44691472957783
0.9540894 0.45291078382574
0.9720892 0.45878185047533
0.990089 0.46452670446123
1.0080888 0.4701441584341
1.0260886 0.47563306564869
1.0440884 0.48099232065915
1.0620882 0.48622085942451
1.080088 0.49131765925003
1.0980878 0.49628173761922
1.1160876 0.50111215306
1.1340874 0.50580800604709
1.1520872 0.51036843905789
1.170087 0.51479263659103
1.1880868 0.51907982429041
1.2060866 0.52322926860684
1.2240864 0.52724027824434
1.2420862 0.53111220427987
1.260086 0.53484444013911
1.2780858 0.53843642129593
1.2960856 0.54188762432204
1.3140854 0.54519756788659
1.3320852 0.5483658130876
1.350085 0.55139196336832
1.3680848 0.55427566426634
1.3860846 0.55701660081903
1.4040844 0.55961449847451
1.4220842 0.56206912559467
1.440084 0.56438029340258
1.4580838 0.56654785583281
1.4760836 0.5685717102232
1.4940834 0.57045179800052
1.5120832 0.57218810216379
1.530083 0.57378064670508
1.5480828 0.57522949639092
1.5660826 0.57653475515263
1.5840824 0.57769655803296
1.6020822 0.57871508178118
1.620082 0.57959055116642
1.6380818 0.58032323872351
1.6560816 0.58091346465476
1.6740814 0.58136160279492
1.6920812 0.58166806910391
1.710081 0.58183330208109
1.7280808 0.58185776136384
1.7460806 0.58174192747954
1.7640804 0.58148631113899
1.7820802 0.58109151514956
1.80008 0.58055826313669
1.8180798 0.5798873970719
1.8360796 0.5790798760369
1.8540794 0.5781367503404
1.8720792 0.57705876347553
1.890079 0.57584622004157
1.9080788 0.57449917831143
1.9260786 0.57301745886896
1.9440784 0.57140065114353
1.9620782 0.56964883337163
1.980078 0.56776371589479
1.9980778 0.56574766394877
2.0160776 0.56360352199147
2.0340774 0.56133460556237
2.0520772 0.55894437598887
2.070077 0.55643442110535
2.0880768 0.55380528007079
2.1060766 0.55105724719023
2.1240764 0.54819037991586
2.1420762 0.54520453305623
2.160076 0.54210029589429
2.1780758 0.53887935552901
2.1960756 0.53554356420412
2.2140754 0.53209487670301
2.2320752 0.52853534777825
2.250075 0.52486699860614
2.2680748 0.52109146055299
2.2860746 0.51721028290415
2.3040744 0.51322502522688
2.3220742 0.50913725692741
2.340074 0.50494856700087
2.3580738 0.50066067991509
2.3760736 0.49627542646389
2.3940734 0.49179466720051
2.4120732 0.4872202898754
2.430073 0.48255420806391
2.4480728 0.47779833869881
2.4660726 0.47295458016992
2.4840724 0.46802484418359
2.5020722 0.46301105890497
2.520072 0.45791516797165
2.5380718 0.45273913140564
2.5560716 0.44748493401029
2.5740714 0.44215457798826
2.5920712 0.43675007810446
2.610071 0.43127346064309
2.6280708 0.42572676214082
2.6460706 0.42011202290782
2.6640704 0.41443128545152
2.6820702 0.40868659879738
2.70007 0.40288001776063
2.7180698 0.39701360196256
2.7360696 0.39108941378537
2.7540694 0.38510951520536
2.7720692 0.37907596931001
2.790069 0.37299083993151
2.8080688 0.36685619071226
2.8260686 0.36067408372717
2.8440684 0.35444657445294
2.8620682 0.34817571261481
2.880068 0.34186354381919
2.8980678 0.3355121087186
2.9160676 0.32912344212413
2.9340674 0.32269957000242
2.9520672 0.31624250723054
2.970067 0.30975425990788
2.9880668 0.30323682487799
3.0060666 0.29669218895096
3.0240664 0.29012232760286
3.0420662 0.2835292020925
3.060066 0.27691476050482
3.0780658 0.27028093784042
3.0960656 0.26362965531754
3.1140654 0.25696281962483
3.1320652 0.2502823210922
3.150065 0.24359003313842
3.1680648 0.23688781268315
3.1860646 0.23017749956888
3.2040644 0.22346091595964
3.2220642 0.21673986561592
3.240064 0.21001613310448
3.2580638 0.2032914835451
3.2760636 0.19656766213134
3.2940634 0.18984639361169
3.3120632 0.1831293821705
3.330063 0.17641831377074
3.3480628 0.16971485409238
3.3660626 0.16302064649129
3.3840624 0.15633731154086
3.4020622 0.14966644652353
3.420062 0.14300962147136
3.4380618 0.13636837732892
3.4560616 0.12974423026711
3.4740614 0.12313867171633
3.4920612 0.1165531680407
3.510061 0.10998916916969
3.5280608 0.10344813692512
3.5460606 0.0969315168803
3.5640604 0.090440728094297
3.5820602 0.083977162762144
3.60006 0.077542179552158
3.6180598 0.071137012676421
3.6360596 0.064762793550914
3.6540594 0.058420625087156
3.6720592 0.052111583795801
3.690059 0.04583672087114
3.7080588 0.039597262693279
3.7260586 0.033394850198903
3.7440584 0.027231149397147
3.7620582 0.021107790693013
3.780058 0.015026367857418
3.7980578 0.0089882068812689
3.8160576 0.002992981375252
3.8340574 -0.00296033870723
3.8520572 -0.0088727836367763
3.870057 -0.01474537804502
3.8880568 -0.020579072005742
3.9060566 -0.026372598671643
3.9240564 -0.032122049401761
3.9420562 -0.037823436652843
3.960056 -0.043472862237584
3.9780558 -0.049066521880396
3.9960556 -0.054601635581187
4.0140554 -0.060078815713181
4.0320552 -0.065499422158936
4.050055 -0.070864803554936
4.0680548 -0.076176294546299
4.0860546 -0.081435104610387
4.1040544 -0.086641075174138
4.1220542 -0.091793149277749
4.140054 -0.09689029300894
4.1580538 -0.10193151392877
4.1760536 -0.10691586325162
4.1940534 -0.11184263036081
4.2120532 -0.11671151235186
4.230053 -0.12152227342676
4.2480528 -0.12627470192798
4.2660526 -0.13096860996128
4.2840524 -0.13560381511958
4.3020522 -0.14018005237555
4.320052 -0.14469704445379
4.3380518 -0.14915454181422
4.3560516 -0.15355232246235
4.3740514 -0.15789019236202
4.3920512 -0.16216800172377
4.410051 -0.16638564495335
4.4280508 -0.17054304238
4.4460506 -0.17464013901599
4.4640504 -0.17867690420448
4.4820502 -0.18265332841013
4.50005 -0.18656941712878
4.5180498 -0.1904251979054
4.5360496 -0.19422072167585
4.5540494 -0.19795606238548
4.5720492 -0.20163131670824
4.590049 -0.20524660464636
4.6080488 -0.20880206862085
4.6260486 -0.21229787239336
4.6440484 -0.21573420064242
4.6620482 -0.21911125853957
4.680048 -0.22242927107805
4.6980478 -0.225688482496
4.7160476 -0.22888915623163
4.7340474 -0.23203157452474
4.7520472 -0.2351160379748
4.770047 -0.23814286553469
4.7880468 -0.24111239581052
4.8060466 -0.2440249849835
4.8240464 -0.24688100562871
4.8420462 -0.24968084625974
4.860046 -0.25242491097058
4.8780458 -0.25511362081993
4.8960456 -0.25774741309739
4.9140454 -0.26032673905955
4.9320452 -0.26285206340217
4.950045 -0.26532386380568
4.9680448 -0.26774263241153
4.9860446 -0.27010887836328
5.0040444 -0.27242312282656
5.0220442 -0.27468589767875
5.040044 -0.27689774505989
5.0580438 -0.27905921751635
5.0760436 -0.2811708819748
5.0940434 -0.28323331650021
5.1120432 -0.28524710717404
5.130043 -0.28721284764264
5.1480428 -0.28913113878342
5.1660426 -0.29100259266611
5.1840424 -0.29282783370648
5.2020422 -0.29460749198812
5.220042 -0.2963422023481
5.2380418 -0.29803260398338
5.2560416 -0.29967934165847
5.2740414 -0.30128307044437
5.2920412 -0.30284444987508
5.310041 -0.30436414163573
5.3280408 -0.3058428092086
5.3460406 -0.30728111803617
5.3640404 -0.30867974268398
5.3820402 -0.31003936425004
5.40004 -0.31136066339131
5.4180398 -0.31264431983218
5.4360396 -0.31389101207281
5.4540394 -0.31510141745117
5.4720392 -0.31627621226852
5.490039 -0.3174160707823
5.5080388 -0.31852166482767
5.5260386 -0.31959366356019
5.5440384 -0.32063273727003
5.5620382 -0.32163958187516
5.580038 -0.32261489991591
5.5980378 -0.32355938676204
5.6160376 -0.32447373042629
5.6340374 -0.32535861015468
5.6520372 -0.3262146523773
5.670037 -0.32704242414201
5.6880368 -0.32784248973643
5.7060366 -0.32861541407291
5.7240364 -0.32936176233608
5.7420362 -0.33008217193769
5.760036 -0.33077753644656
5.7780358 -0.33144877909452
5.7960356 -0.33209678834727
5.8140354 -0.33272241867307
5.8320352 -0.33332646100929
5.850035 -0.33390928982753
5.8680348 -0.33447102137238
5.8860346 -0.33501179790751
5.9040344 -0.33553179223901
5.9220342 -0.33603120787814
5.940034 -0.33651047366576
5.9580338 -0.33697040488624
5.9760336 -0.33741182890781
5.9940334 -0.33783553854261
6.0120332 -0.33824229302951
6.030033 -0.33863279112962
6.0480328 -0.33900753455795
6.0660326 -0.33936695154504
6.0840324 -0.33971146598466
6.1020322 -0.34004149742341
6.120032 -0.34035746209429
6.1380318 -0.3406598025235
6.1560316 -0.34094898598611
6.1740314 -0.34122546957866
6.1920312 -0.34148969859224
6.210031 -0.34174210669727
6.2280308 -0.34198311406241
6.2460306 -0.34221312345249
6.2640304 -0.34243252629276
6.2820302 -0.34264170418414
6.30003 -0.3428410290393
6.3180298 -0.34303086358284
6.3360296 -0.34321156488882
6.3540294 -0.34338348250911
6.3720292 -0.34354695613945
6.390029 -0.34370231576027
6.4080288 -0.34384988182103
6.4260286 -0.34398996607689
6.4440284 -0.34412287211486
6.4620282 -0.34424889438483
6.480028 -0.34436831826556
6.4980278 -0.34448142024836
6.5160276 -0.34458846834756
6.5340274 -0.34468972318483
6.5520272 -0.34478543721907
6.570027 -0.34487585451589
6.5880268 -0.34496121093703
6.6060266 -0.34504173435611
6.6240264 -0.3451176453833
6.6420262 -0.3451891574195
6.660026 -0.34525647626243
6.6780258 -0.34531980027283
6.6960256 -0.34537932056156
6.7140254 -0.34543522130505
6.7320252 -0.34548768011966
6.750025 -0.34553686790074
6.7680248 -0.34558294893981
6.7860246 -0.34562608110434
6.8040244 -0.34566641603546
6.8220242 -0.34570409947555
6.840024 -0.34573927132271
6.8580238 -0.34577206569757
6.8760236 -0.34580261111192
6.8940234 -0.3458310306354
6.9120232 -0.34585744205347
6.930023 -0.34588195802728
6.9480228 -0.34590468626133
6.9660226 -0.34592572965967
6.9840224 -0.34594518647828
7.0020222 -0.34596315045931
7.020022 -0.34597971093048
7.0380218 -0.34599495301162
7.0560216 -0.34600895777599
7.0740214 -0.3460218023873
7.0920212 -0.34603356022798
7.110021 -0.34604430094518
7.1280208 -0.34605409062281
7.1460206 -0.34606299199414
7.1640204 -0.34607106456451
7.1820202 -0.34607836472856
7.20002 -0.34608494583355
7.2180198 -0.34609085824634
7.2360196 -0.34609614959465
7.2540194 -0.34610086489006
7.2720192 -0.34610504662846
7.290019 -0.34610873487915
7.3080188 -0.34611196733163
7.3260186 -0.34611477945061
7.3440184 -0.34611720460121
7.3620182 -0.34611927413459
7.380018 -0.34612101746949
7.3980178 -0.34612246211401
7.4160176 -0.34612363378319
7.4340174 -0.34612455658873
7.4520172 -0.34612525311258
7.470017 -0.34612574447146
7.4880168 -0.34612605038588
7.5060166 -0.34612618922503
7.5240164 -0.34612617799581
7.5420162 -0.34612603239566
7.560016 -0.34612576687705
7.5780158 -0.34612539472983
7.5960156 -0.34612492848533
7.6140154 -0.34612438019568
7.6320152 -0.34612376136044
7.650015 -0.3461230829325
7.6680148 -0.34612235531939
7.6860146 -0.3461215872031
7.7040144 -0.34612078372268
7.7220142 -0.34611994803474
7.740014 -0.34611908168779
7.7580138 -0.34611818473719
7.7760136 -0.34611725700545
7.7940134 -0.3461163050943
7.8120132 -0.34611533935047
7.830013 -0.34611437115167
7.8480128 -0.34611341278891
7.8660126 -0.34611247711565
7.8840124 -0.34611157104912
7.9020122 -0.34611069362329
7.920012 -0.34610984232302
7.9380118 -0.3461090135761
7.9560116 -0.34610820286311
7.9740114 -0.34610740650999
7.9920112 -0.3461066259088
8.010011 -0.34610586350124
8.0280108 -0.34610512167822
8.0460106 -0.34610440277608
8.0640104 -0.34610370895884
8.0820102 -0.34610304102301
8.10001 -0.34610239879417
8.1180098 -0.34610178190659
8.1360096 -0.34610118982849
8.1540094 -0.34610062187788
8.1720092 -0.34610007753767
8.190009 -0.34609955671641
8.2080088 -0.34609905928859
8.2260086 -0.34609858504635
8.2440084 -0.34609813370467
8.2620082 -0.34609770490538
8.280008 -0.34609729821835
8.2980078 -0.34609691314882
8.3160076 -0.34609654914322
8.3340074 -0.34609620559345
8.3520072 -0.3460958818459
8.370007 -0.34609557731311
8.3880068 -0.3460952914777
8.4060066 -0.34609502379125
8.4240064 -0.34609477367229
8.4420062 -0.3460945405089
8.460006 -0.34609432369339
8.4780058 -0.34609412268396
8.4960056 -0.34609393693262
8.5140054 -0.34609376587121
8.5320052 -0.34609360891308
8.550005 -0.34609346546375
8.5680048 -0.34609333499836
8.5860046 -0.34609321702521
8.6040044 -0.34609311104142
8.6220042 -0.34609301653345
8.640004 -0.34609293297895
8.6580038 -0.34609285988918
8.6760036 -0.34609279683246
8.6940034 -0.34609274337606
8.7120032 -0.34609269908144
8.730003 -0.34609266350495
8.7480028 -0.34609263621206
8.7660026 -0.34609261682801
8.7840024 -0.3460926049932
8.8020022 -0.34609260034515
8.820002 -0.3460926025189
8.8380018 -0.34609261114964
8.8560016 -0.34609262591102
8.8740014 -0.34609264650955
8.8920012 -0.34609267265162
8.910001 -0.34609270404264
8.9280008 -0.34609274038735
8.9460006 -0.34609278140625
8.9640004 -0.34609282685906
8.9820002 -0.34609287651103
