0.001 0.00024662754284702
0.004998 0.00024642312714636
0.008996 0.00024652533499669
0.012994 0.00024631287017266
0.016992 0.00024598281769363
0.02099 0.00024560962464086
0.024988 0.00024520043554105
0.028986 0.00024475066449106
0.032984 0.00024425862798276
0.036982 0.00024372295512167
0.04098 0.00024314286921282
0.044978 0.00024251806393407
0.048976 0.00024184851393454
0.052974 0.00024113440808445
0.056972 0.00024037611438754
0.06097 0.00023957413864843
0.064968 0.00023872910390185
0.068966 0.00023784173207375
0.072964 0.00023691282972111
0.076962 0.00023594327830609
0.08096 0.00023493402502646
0.084958 0.00023388607562772
0.088956 0.00023280048789779
0.092954 0.00023167836621394
0.096952 0.00023052085623815
0.10095 0.00022932914072681
0.104948 0.00022810443475632
0.108946 0.0002268479817661
0.112944 0.00022556104977412
0.116942 0.00022424492774503
0.12094 0.00022290092193795
0.124938 0.00022153035244983
0.128936 0.0002201345500379
0.132934 0.00021871485294952
0.136932 0.0002172726037108
0.14093 0.00021580914631412
0.144928 0.00021432582331175
0.148926 0.00021282397291908
0.152924 0.0002113049265251
0.156922 0.00020977000606389
0.16092 0.00020822052153157
0.164918 0.00020665776869982
0.168916 0.00020508302686733
0.172914 0.00020349755672583
0.176912 0.00020190259840005
0.18091 0.00020029936950254
0.184908 0.00019868906342049
0.188906 0.00019707284763175
0.192904 0.00019545186220633
0.196902 0.00019382721843349
0.2009 0.00019219999740745
0.204898 0.00019057124906502
0.208896 0.00018894199094621
0.212894 0.00018731320741021
0.216892 0.00018568584876829
0.22089 0.00018406083061171
0.224888 0.000182439033256
0.228886 0.00018082130126276
0.232884 0.00017920844309867
0.236882 0.00017760123088136
0.24088 0.0001760004002684
0.244878 0.00017440665039401
0.248876 0.00017282064396188
0.252874 0.00017124300733655
0.256872 0.00016967433086501
0.26087 0.00016811516913895
0.264868 0.00016656604142914
0.268866 0.00016502743216219
0.272864 0.00016349979147197
0.276862 0.00016198353582933
0.28086 0.00016047904871699
0.284858 0.00015898668134563
0.288856 0.00015750675347327
0.292854 0.00015603955425763
0.296852 0.00015458534306847
0.30085 0.00015314435049109
0.304848 0.00015171677921862
0.308846 0.00015030280504998
0.312844 0.00014890257789362
0.316842 0.00014751622280382
0.32084 0.00014614384099968
0.324838 0.00014478551093668
0.328836 0.00014344128934846
0.332834 0.00014211121233539
0.336832 0.00014079529639064
0.34083 0.00013949353951214
0.344828 0.00013820592221028
0.348826 0.00013693240857821
0.352824 0.00013567294732479
0.356822 0.00013442747278149
0.36082 0.00013319590591295
0.364818 0.0001319781552955
0.368816 0.00013077411807916
0.372814 0.0001295836809121
0.376812 0.00012840672086859
0.38081 0.00012724310631437
0.384808 0.00012609269777519
0.388806 0.00012495534875402
0.392804 0.00012383090652909
0.396802 0.00012271921321918
0.4008 0.00012162010687221
0.404798 0.00012053342155189
0.408796 0.00011945898791638
0.412794 0.00011839663384285
0.416792 0.0001173461850311
0.42079 0.00011630746557539
0.424788 0.00011528029849015
0.428786 0.00011426450621181
0.432784 0.00011325991107105
0.436782 0.00011226633572781
0.44078 0.00011128360356953
0.444778 0.00011031153909382
0.448776 0.00010934996824549
0.452774 0.00010839871873693
0.456772 0.00010745762032678
0.46077 0.00010652650508585
0.464768 0.00010560520762818
0.468766 0.00010469356531405
0.472764 0.00010379141843154
0.476762 0.00010289861036344
0.48076 0.0001020149877164
0.484758 0.00010114040043435
0.488756 0.00010027470190389
0.492754 9.9417749018656e-05
0.496752 9.8569402244973e-05
0.50075 9.7729525658493e-05
0.504748 9.6897986974267e-05
0.508746 9.6074657550294e-05
0.512744 9.5259412393557e-05
0.516742 9.4452130136604e-05
0.52074 9.3652693013181e-05
0.524738 9.2860986820371e-05
0.528736 9.2076900873819e-05
0.532734 9.1300327943693e-05
0.536732 9.0531164196254e-05
0.54073 8.9769309122747e-05
0.544728 8.9014665459412e-05
0.548726 8.826713910436e-05
0.552724 8.752663903073e-05
0.556722 8.6793077196176e-05
0.56072 8.6066368445128e-05
0.564718 8.5346430413741e-05
0.568716 8.4633183427935e-05
0.572714 8.3926550404116e-05
0.576712 8.3226456746064e-05
0.58071 8.2532830241439e-05
0.584708 8.1845600961122e-05
0.588706 8.1164701153919e-05
0.592704 8.0490065148136e-05
0.596702 7.9821629247444e-05
0.6007 7.9159331636302e-05
0.604698 7.8503112277902e-05
0.608696 7.7852912821998e-05
0.612694 7.7208676510392e-05
0.616692 7.6570348085303e-05
0.62069 7.5937873703962e-05
0.624688 7.5311200848868e-05
0.628686 7.4690278248868e-05
0.632684 7.4075055797524e-05
0.636682 7.3465484476516e-05
0.64068 7.2861516282696e-05
0.644678 7.2263104155911e-05
0.648676 7.1670201913806e-05
0.652674 7.1082764187626e-05
0.656672 7.0500746358292e-05
0.66067 6.9924104501951e-05
0.664668 6.9352795334197e-05
0.668666 6.8786776158504e-05
0.672664 6.8226004816983e-05
0.676662 6.7670439645405e-05
0.68066 6.7120039431314e-05
0.684658 6.6574763373997e-05
0.688656 6.6034571046379e-05
0.692654 6.5499422362584e-05
0.696652 6.4969277544893e-05
0.70065 6.4444097094854e-05
0.704648 6.3923841768214e-05
0.708646 6.3408472547578e-05
0.712644 6.2897950623923e-05
0.716642 6.2392237373472e-05
0.72064 6.1891294340541e-05
0.724638 6.1395083223322e-05
0.728636 6.0903565856955e-05
0.732634 6.0416704203776e-05
0.736632 5.9934460339687e-05
0.74063 5.945679644782e-05
0.744628 5.898367480848e-05
0.748626 5.8515057793307e-05
0.752624 5.8050907860623e-05
0.756622 5.7591187550636e-05
0.76062 5.7135859483051e-05
0.764618 5.6684886355168e-05
0.768616 5.6238230939884e-05
0.772614 5.5795856087099e-05
0.776612 5.5357724723332e-05
0.78061 5.4923799852987e-05
0.784608 5.4494044561145e-05
0.788606 5.4068421982782e-05
0.792604 5.3646895257607e-05
0.796602 5.322942760594e-05
0.8006 5.2815982345338e-05
0.804598 5.2406522895212e-05
0.808596 5.2001012781446e-05
0.812594 5.1599415640569e-05
0.816592 5.1201695225127e-05
0.82059 5.0807815409089e-05
0.824588 5.0417740192913e-05
0.828586 5.0031433708409e-05
0.832584 4.9648860225366e-05
0.836582 4.9269984155975e-05
0.84058 4.8894770061364e-05
0.844578 4.8523182656385e-05
0.848576 4.8155186815358e-05
0.852574 4.7790747577629e-05
0.856572 4.7429830153352e-05
0.86057 4.70723999276e-05
0.864568 4.6718422466947e-05
0.868566 4.6367863523841e-05
0.872564 4.6020689041383e-05
0.876562 4.5676865158866e-05
0.88056 4.533635821543e-05
0.884558 4.4999134755551e-05
0.888556 4.4665161533087e-05
0.892554 4.4334405514755e-05
0.896552 4.4006833885476e-05
0.90055 4.3682414050823e-05
0.904548 4.3361113641486e-05
0.908546 4.3042900516452e-05
0.912544 4.2727742766416e-05
0.916542 4.2415608716532e-05
0.92054 4.2106466929902e-05
0.924538 4.1800286209586e-05
0.928536 4.1497035601638e-05
0.932534 4.1196684397279e-05
0.936532 4.0899202134901e-05
0.94053 4.0604558602393e-05
0.944528 4.0312723838851e-05
0.948526 4.0023668135802e-05
0.952524 3.9737362039462e-05
0.956522 3.9453776351419e-05
0.96052 3.9172882129714e-05
0.964518 3.8894650690514e-05
0.968516 3.8619053608356e-05
0.972514 3.8346062717012e-05
0.976512 3.8075650110022e-05
0.98051 3.7807788141202e-05
0.984508 3.7542449424952e-05
0.988506 3.7279606836043e-05
0.992504 3.7019233510242e-05
0.996502 3.6761302843466e-05
1.0005 3.6505788492429e-05
1.004498 3.6252664373528e-05
1.008496 3.6001904663038e-05
1.012494 3.5753483796071e-05
1.016492 3.5507376466141e-05
1.02049 3.5263557624761e-05
1.024488 3.5022002479953e-05
1.028486 3.4782686496015e-05
1.032484 3.4545585392029e-05
1.036482 3.4310675141249e-05
1.04048 3.4077931969334e-05
1.044478 3.3847332353964e-05
1.048476 3.3618853022883e-05
1.052474 3.3392470953007e-05
1.056472 3.316816336847e-05
1.06047 3.2945907739989e-05
1.064468 3.2725681782592e-05
1.068466 3.2507463454565e-05
1.072464 3.229123095553e-05
1.076462 3.2076962725156e-05
1.08046 3.1864637441e-05
1.084458 3.1654234017294e-05
1.088456 3.1445731602763e-05
1.092454 3.1239109579056e-05
1.096452 3.1034347558941e-05
1.10045 3.0831425384399e-05
1.104448 3.06303231248e-05
1.108446 3.0431021074773e-05
1.112444 3.0233499752706e-05
1.116442 3.0037739898496e-05
1.12044 2.9843722471617e-05
1.124438 2.9651428649307e-05
1.128436 2.9460839824529e-05
1.132434 2.9271937603857e-05
1.136432 2.9084703805692e-05
1.14043 2.8899120458025e-05
1.144428 2.8715169796475e-05
1.148426 2.8532834262563e-05
1.152424 2.8352096501056e-05
1.156422 2.8172939358717e-05
1.16042 2.7995345881585e-05
1.164418 2.7819299313335e-05
1.168416 2.7644783093135e-05
1.172414 2.7471780853711e-05
1.176412 2.7300276419045e-05
1.18041 2.7130253806091e-05
1.184408 2.6961697229075e-05
1.188406 2.6794591089105e-05
1.192404 2.6628919970241e-05
1.196402 2.6464668637653e-05
1.2004 2.6301822035506e-05
1.204398 2.6140365285e-05
1.208396 2.598028368247e-05
1.212394 2.5821562697405e-05
1.216392 2.5664187970469e-05
1.22039 2.550814531167e-05
1.224388 2.5353420698172e-05
1.228386 2.5200000272795e-05
1.232384 2.5047870341793e-05
1.236382 2.4897017373035e-05
1.24038 2.4747427994256e-05
1.244378 2.4599088991061e-05
1.248376 2.4451987305043e-05
1.252374 2.4306110032214e-05
1.256372 2.4161444420893e-05
1.26037 2.4017977870025e-05
1.264368 2.3875697927448e-05
1.268366 2.3734592287991e-05
1.272364 2.3594648791855e-05
1.276362 2.3455855422772e-05
1.28036 2.3318200306302e-05
1.284358 2.3181671708113e-05
1.288356 2.3046258032415e-05
1.292354 2.2911947820039e-05
1.296352 2.2778729747025e-05
1.30035 2.2646592622763e-05
1.304348 2.251552538851e-05
1.308346 2.2385517115753e-05
1.312344 2.225655700453e-05
1.316342 2.2128634381967e-05
1.32034 2.2001738700637e-05
1.324338 2.1875859536972e-05
1.328336 2.1750986589895e-05
1.332334 2.162710967911e-05
1.336332 2.1504218743723e-05
1.34033 2.1382303840757e-05
1.344328 2.1261355143693e-05
1.348326 2.1141362940869e-05
1.352324 2.1022317634312e-05
1.356322 2.0904209738032e-05
1.36032 2.0787029876898e-05
1.364318 2.0670768785089e-05
1.368316 2.055541730468e-05
1.372314 2.0440966384458e-05
1.376312 2.0327407078492e-05
1.38031 2.0214730544749e-05
1.384308 2.0102928043955e-05
1.388306 1.9991990938084e-05
1.392304 1.9881910689357e-05
1.396302 1.9772678858688e-05
1.4003 1.9664287104678e-05
1.404298 1.9556727182251e-05
1.408296 1.944999094153e-05
1.412294 1.9344070326501e-05
1.416292 1.9238957374017e-05
1.42029 1.9134644212501e-05
1.424288 1.9031123060796e-05
1.428286 1.8928386227055e-05
1.432284 1.8826426107635e-05
1.436282 1.8725235185952e-05
1.44028 1.8624806031354e-05
1.444278 1.8525131298114e-05
1.448276 1.8426203724325e-05
1.452274 1.8328016130829e-05
1.456272 1.8230561420141e-05
1.46027 1.8133832575497e-05
1.464268 1.8037822659802e-05
1.468266 1.7942524814612e-05
1.472264 1.7847932259151e-05
1.476262 1.7754038289355e-05
1.48026 1.766083627685e-05
1.484258 1.7568319668084e-05
1.488256 1.7476481983317e-05
1.492254 1.7385316815697e-05
1.496252 1.7294817830374e-05
1.50025 1.7204978763572e-05
1.504248 1.7115793421747e-05
1.508246 1.7027255680599e-05
1.512244 1.6939359484316e-05
1.516242 1.6852098844671e-05
1.52024 1.6765467840133e-05
1.524238 1.6679460615072e-05
1.528236 1.6594071379e-05
1.532234 1.6509294405587e-05
1.536232 1.6425124032067e-05
1.54023 1.6341554658226e-05
1.544228 1.6258580745821e-05
1.548226 1.6176196817684e-05
1.552224 1.6094397456974e-05
1.556222 1.6013177306495e-05
1.56022 1.5932531067859e-05
1.564218 1.5852453500825e-05
1.568216 1.5772939422552e-05
1.572214 1.569398370699e-05
1.576212 1.5615581284387e-05
1.58021 1.5537727140394e-05
1.584208 1.546041631523e-05
1.588206 1.5383643903045e-05
1.592204 1.5307405051238e-05
1.596202 1.5231694959798e-05
1.6002 1.5156508880662e-05
1.604198 1.5081842117104e-05
1.608196 1.5007690023032e-05
1.612194 1.4934048002415e-05
1.616192 1.4860911508687e-05
1.62019 1.4788276044087e-05
1.624188 1.4716137159087e-05
1.628186 1.4644490451807e-05
1.632184 1.4573331567428e-05
1.636182 1.4502656197602e-05
1.64018 1.4432460079904e-05
1.644178 1.4362738997274e-05
1.648176 1.4293488777408e-05
1.652174 1.4224705292326e-05
1.656172 1.4156384457709e-05
1.66017 1.408852223247e-05
1.664168 1.4021114618153e-05
1.668166 1.3954157658464e-05
1.672164 1.3887647438748e-05
1.676162 1.382158008549e-05
1.68016 1.3755951765787e-05
1.684158 1.3690758686908e-05
1.688156 1.3625997095767e-05
1.692154 1.3561663278476e-05
1.696152 1.3497753559871e-05
1.70015 1.3434264303019e-05
1.704148 1.3371191908784e-05
1.708146 1.3308532815382e-05
1.712144 1.3246283497912e-05
1.716142 1.3184440467928e-05
1.72014 1.3123000272997e-05
1.724138 1.306195949628e-05
1.728136 1.3001314756109e-05
1.732134 1.2941062705555e-05
1.736132 1.2881200032029e-05
1.74013 1.2821723456861e-05
1.744128 1.2762629734917e-05
1.748126 1.2703915654193e-05
1.752124 1.2645578035417e-05
1.756122 1.2587613731688e-05
1.76012 1.2530019628041e-05
1.764118 1.2472792641163e-05
1.768116 1.2415929718897e-05
1.772114 1.2359427840003e-05
1.776112 1.2303284013711e-05
1.78011 1.2247495279396e-05
1.784108 1.2192058706208e-05
1.788106 1.2136971392777e-05
1.792104 1.2082230466789e-05
1.796102 1.2027833084714e-05
1.8001 1.1973776431426e-05
1.804098 1.1920057719927e-05
1.808096 1.1866674190951e-05
1.812094 1.1813623112709e-05
1.816092 1.1760901780524e-05
1.82009 1.170850751655e-05
1.824088 1.1656437669448e-05
1.828086 1.1604689614069e-05
1.832084 1.1553260751198e-05
1.836082 1.1502148507182e-05
1.84008 1.1451350333718e-05
1.844078 1.1400863707509e-05
1.848076 1.1350686129991e-05
1.852074 1.1300815127065e-05
1.856072 1.1251248248794e-05
1.86007 1.1201983069159e-05
1.864068 1.1153017185745e-05
1.868066 1.110434821952e-05
1.872064 1.1055973814538e-05
1.876062 1.100789163769e-05
1.88006 1.0960099378435e-05
1.884058 1.0912594748559e-05
1.888056 1.0865375481937e-05
1.892054 1.0818439334217e-05
1.896052 1.0771784082682e-05
1.90005 1.0725407525896e-05
1.904048 1.0679307483563e-05
1.908046 1.063348179622e-05
1.912044 1.0587928325028e-05
1.916042 1.0542644951562e-05
1.92004 1.0497629577549e-05
1.924038 1.045288012467e-05
1.928036 1.0408394534326e-05
1.932034 1.036417076743e-05
1.936032 1.0320206804156e-05
1.94003 1.0276500643792e-05
1.944028 1.0233050304458e-05
1.948026 1.0189853822937e-05
1.952024 1.0146909254482e-05
1.956022 1.0104214672567e-05
1.96002 1.006176816873e-05
1.964018 1.0019567852623e-05
1.968016 9.9776118526077e-06
1.972014 9.9358983147606e-06
1.976012 9.8944254023841e-06
1.98001 9.8531912958478e-06
1.984008 9.812194192398e-06
1.988006 9.771432305953e-06
1.992004 9.7309038669517e-06
1.996002 9.6906071221644e-06
