0.0001 0.00014213973227249
0.0180998 0.00014170819646341
0.0360996 0.00014029746226204
0.0540994 0.00013823116328844
0.0720992 0.00013552762468815
0.090099 0.00013225137840188
0.1080988 0.00012848795767449
0.1260986 0.00012433386002216
0.1440984 0.00011988956348631
0.1620982 0.00011525381881656
0.180098 0.00011051899186556
0.1980978 0.00010576751381578
0.2160976 0.00010106949582747
0.2340974 9.6481491706688e-05
0.2520972 9.2046307901809e-05
0.270097 8.7793690670137e-05
0.2880968 8.37416767219e-05
0.3060966 7.9898376717893e-05
0.3240964 7.6263970264045e-05
0.3420962 7.2832719332668e-05
0.360096 6.9594848009269e-05
0.3780958 6.65381828144e-05
0.3960956 6.3649493564181e-05
0.4140954 6.0915514890323e-05
0.4320952 5.8323660499084e-05
0.450095 5.5862464732534e-05
0.4680948 5.3521799148113e-05
0.4860946 5.1292916926891e-05
0.5040944 4.9168376647513e-05
0.5220942 4.7141891351576e-05
0.540094 4.5208140645163e-05
0.5580938 4.3362574528489e-05
0.5760936 4.1601228796639e-05
0.5940934 3.9920564096776e-05
0.6120932 3.8317334439305e-05
0.630093 3.6788486268657e-05
0.6480928 3.5331086049444e-05
0.6660926 3.3942272472045e-05
0.6840924 3.2619228557427e-05
0.7020922 3.1359168860504e-05
0.720092 3.0159337367937e-05
0.7380918 2.9017012342856e-05
0.7560916 2.7929515127522e-05
0.7740914 2.689422065975e-05
0.7920912 2.5908568124803e-05
0.810091 2.4970070719498e-05
0.8280908 2.4076323936803e-05
0.8460906 2.3225012097982e-05
0.8640904 2.2413913082698e-05
0.8820902 2.1640901347379e-05
0.90009 2.0903949406398e-05
0.9180898 2.0201127988886e-05
0.9360896 1.9530605094565e-05
0.9540894 1.8890644162595e-05
0.9720892 1.8279601551053e-05
0.990089 1.7695923497657e-05
1.0080888 1.7138142709997e-05
1.0260886 1.6604874708022e-05
1.0440884 1.6094814018564e-05
1.0620882 1.5606730304041e-05
1.080088 1.5139464488028e-05
1.0980878 1.4691924928318e-05
1.1160876 1.4263083674696e-05
1.1340874 1.385197283915e-05
1.1520872 1.3457681099179e-05
1.170087 1.3079350346727e-05
1.1880868 1.2716172491969e-05
1.2060866 1.2367386425686e-05
1.2240864 1.2032275141613e-05
1.2420862 1.1710163017601e-05
1.260086 1.1400413252104e-05
1.2780858 1.1102425452039e-05
1.2960856 1.0815633366022e-05
1.3140854 1.0539502757374e-05
1.3320852 1.0273529410094e-05
1.350085 1.0017237261236e-05
1.3680848 9.7701766526698e-06
1.3860846 9.5319226957639e-06
1.4040844 9.3020737420577e-06
1.4220842 9.0802499537421e-06
1.440084 8.8660919674641e-06
1.4580838 8.6592596458334e-06
1.4760836 8.459430910603e-06
1.4940834 8.266300652434e-06
1.5120832 8.0795797120921e-06
1.530083 7.8989939282021e-06
1.5480828 7.7242832471981e-06
1.5660826 7.5552008911893e-06
1.5840824 7.3915125798109e-06
1.6020822 7.2329958024071e-06
1.620082 7.0794391370693e-06
1.6380818 6.9306416133177e-06
1.6560816 6.786412115538e-06
1.6740814 6.6465688242391e-06
1.6920812 6.5109386927017e-06
1.710081 6.3793569564927e-06
1.7280808 6.2516666736597e-06
1.7460806 6.1277182935693e-06
1.7640804 6.0073692523529e-06
1.7820802 5.890483593272e-06
1.80008 5.7769316102615e-06
1.8180798 5.666589513138e-06
1.8360796 5.5593391130378e-06
1.8540794 5.4550675267127e-06
1.8720792 5.3536668984551e-06
1.890079 5.2550341385391e-06
1.9080788 5.1590706770034e-06
1.9260786 5.065682231904e-06
1.9440784 4.974778590987e-06
1.9620782 4.8862734059948e-06
1.980078 4.8000839987672e-06
1.9980778 4.7161311783977e-06
2.0160776 4.6343390687361e-06
2.0340774 4.5546349456171e-06
2.0520772 4.4769490831476e-06
2.070077 4.4012146085752e-06
2.0880768 4.3273673651146e-06
2.1060766 4.2553457823349e-06
2.1240764 4.1850907535567e-06
2.1420762 4.1165455199287e-06
2.160076 4.0496555606833e-06
2.1780758 3.984368489282e-06
2.1960756 3.9206339550547e-06
2.2140754 3.8584035500244e-06
2.2320752 3.7976307205971e-06
2.250075 3.73827068386e-06
2.2680748 3.6802803481939e-06
2.2860746 3.6236182379509e-06
2.3040744 3.5682444219887e-06
2.3220742 3.514120445818e-06
2.340074 3.4612092671619e-06
2.3580738 3.4094751947414e-06
2.3760736 3.3588838301071e-06
2.3940734 3.3094020123339e-06
2.4120732 3.2609977654363e-06
2.430073 3.2136402483429e-06
2.4480728 3.1672997073038e-06
2.4660726 3.121947430573e-06
2.4840724 3.0775557052749e-06
2.5020722 3.0340977763143e-06
2.520072 2.9915478072294e-06
2.5380718 2.9498808428797e-06
2.5560716 2.9090727738853e-06
2.5740714 2.8691003027008e-06
2.5920712 2.8299409112705e-06
2.610071 2.7915728301539e-06
2.6280708 2.7539750090583e-06
2.6460706 2.7171270887134e-06
2.6640704 2.6810093740033e-06
2.6820702 2.6456028083064e-06
2.70007 2.6108889489729e-06
2.7180698 2.5768499438871e-06
2.7360696 2.5434685090627e-06
2.7540694 2.5107279072133e-06
2.7720692 2.4786119272546e-06
2.790069 2.4471048646955e-06
2.8080688 2.4161915028651e-06
2.8260686 2.385857094949e-06
2.8440684 2.3560873467778e-06
2.8620682 2.3268684003516e-06
2.880068 2.2981868180521e-06
2.8980678 2.2700295675132e-06
2.9160676 2.2423840071176e-06
2.9340674 2.2152378720989e-06
2.9520672 2.1885792612049e-06
2.970067 2.1623966239124e-06
2.9880668 2.1366787481562e-06
3.0060666 2.1114147485561e-06
3.0240664 2.086594055116e-06
3.0420662 2.062206402374e-06
3.060066 2.0382418189796e-06
3.0780658 2.0146906176916e-06
3.0960656 1.9915433857583e-06
3.1140654 1.9687909756821e-06
3.1320652 1.946424496337e-06
3.150065 1.9244353044328e-06
3.1680648 1.9028149963083e-06
3.1860646 1.8815554000341e-06
3.2040644 1.8606485678199e-06
3.2220642 1.8400867687088e-06
3.240064 1.8198624815445e-06
3.2580638 1.7999683882049e-06
3.2760636 1.7803973670845e-06
3.2940634 1.7611424868226e-06
3.3120632 1.7421970002588e-06
3.330063 1.7235543386148e-06
3.3480628 1.7052081058831e-06
3.3660626 1.6871520734253e-06
3.3840624 1.669380174763e-06
3.4020622 1.6518865005544e-06
3.420062 1.634665293755e-06
3.4380618 1.6177109449479e-06
3.4560616 1.6010179878398e-06
3.4740614 1.5845810949151e-06
3.4920612 1.5683950732466e-06
3.510061 1.5524548604477e-06
3.5280608 1.5367555207683e-06
3.5460606 1.521292241324e-06
3.5640604 1.506060328457e-06
3.5820602 1.4910552042209e-06
3.60006 1.4762724029846e-06
3.6180598 1.4617075681523e-06
3.6360596 1.4473564489955e-06
3.6540594 1.4332148975885e-06
3.6720592 1.4192788658503e-06
3.690059 1.4055444026813e-06
3.7080588 1.3920076511986e-06
3.7260586 1.3786648460594e-06
3.7440584 1.3655123108746e-06
3.7620582 1.3525464557058e-06
3.780058 1.3397637746447e-06
3.7980578 1.3271608434699e-06
3.8160576 1.3147343173805e-06
3.8340574 1.3024809288021e-06
3.8520572 1.2903974852622e-06
3.870057 1.2784808673346e-06
3.8880568 1.2667280266481e-06
3.9060566 1.2551359839582e-06
3.9240564 1.2437018272796e-06
3.9420562 1.2324227100774e-06
3.960056 1.2212958495132e-06
3.9780558 1.2103185247485e-06
3.9960556 1.1994880752966e-06
4.0140554 1.1888018994294e-06
4.0320552 1.1782574526291e-06
4.050055 1.1678522460898e-06
4.0680548 1.1575838452641e-06
4.0860546 1.1474498684522e-06
4.1040544 1.1374479854355e-06
4.1220542 1.1275759161495e-06
4.140054 1.1178314293974e-06
4.1580538 1.1082123416013e-06
4.1760536 1.0987165155914e-06
4.1940534 1.0893418594291e-06
4.2120532 1.080086325266e-06
4.230053 1.0709479082369e-06
4.2480528 1.0619246453831e-06
4.2660526 1.0530146146079e-06
4.2840524 1.0442159336632e-06
4.3020522 1.0355267591638e-06
4.320052 1.0269452856308e-06
4.3380518 1.018469744562e-06
4.3560516 1.0100984035283e-06
4.3740514 1.001829565297e-06
4.3920512 9.9366156697844e-07
4.410051 9.8559277919729e-07
4.4280508 9.7762160528749e-07
4.4460506 9.6974648050772e-07
4.4640504 9.6196587128159e-07
4.4820502 9.5427827445583e-07
4.50005 9.4668221658142e-07
4.5180498 9.3917625321283e-07
4.5360496 9.3175896822689e-07
4.5540494 9.2442897316066e-07
4.5720492 9.1718490656658e-07
4.590049 9.1002543338521e-07
4.6080488 9.0294924433559e-07
4.6260486 8.9595505532083e-07
4.6440484 8.8904160685016e-07
4.6620482 8.822076634767e-07
4.680048 8.7545201324896e-07
4.6980478 8.6877346717908e-07
4.7160476 8.6217085872189e-07
4.7340474 8.5564304327073e-07
4.7520472 8.4918889766438e-07
4.770047 8.4280731970788e-07
4.7880468 8.3649722770528e-07
4.8060466 8.3025756000463e-07
4.8240464 8.2408727455468e-07
4.8420462 8.179853484732e-07
4.860046 8.1195077762586e-07
4.8780458 8.0598257621604e-07
4.8960456 8.0007977638544e-07
4.9140454 7.9424142782404e-07
4.9320452 7.8846659739053e-07
4.950045 7.8275436874208e-07
4.9680448 7.7710384197314e-07
4.9860446 7.7151413326381e-07
5.0040444 7.6598437453602e-07
5.0220442 7.6051371311953e-07
5.040044 7.5510131142488e-07
5.0580438 7.4974634662509e-07
5.0760436 7.4444801034519e-07
5.0940434 7.3920550835882e-07
5.1120432 7.3401806029301e-07
5.130043 7.2888489933918e-07
5.1480428 7.2380527197216e-07
5.1660426 7.1877843767471e-07
5.1840424 7.1380366867024e-07
5.2020422 7.0888024966032e-07
5.220042 7.0400747756962e-07
5.2380418 6.9918466129645e-07
5.2560416 6.9441112146903e-07
5.2740414 6.8968619020788e-07
5.2920412 6.8500921089386e-07
5.310041 6.8037953794103e-07
5.3280408 6.7579653657552e-07
5.3460406 6.7125958261921e-07
5.3640404 6.6676806227855e-07
5.3820402 6.623213719381e-07
5.40004 6.5791891795894e-07
5.4180398 6.5356011648181e-07
5.4360396 6.4924439323484e-07
5.4540394 6.44971183345e-07
5.4720392 6.4073993115494e-07
5.490039 6.3655009004295e-07
5.5080388 6.3240112224778e-07
5.5260386 6.2829249869682e-07
5.5440384 6.2422369883868e-07
5.5620382 6.2019421047889e-07
5.580038 6.1620352961997e-07
5.5980378 6.1225116030444e-07
5.6160376 6.0833661446186e-07
5.6340374 6.0445941175886e-07
5.6520372 6.0061907945238e-07
5.670037 5.96815152247e-07
5.6880368 5.9304717215399e-07
5.7060366 5.893146883548e-07
5.7240364 5.8561725706673e-07
5.7420362 5.8195444141177e-07
5.760036 5.7832581128801e-07
5.7780358 5.7473094324457e-07
5.7960356 5.7116942035829e-07
5.8140354 5.6764083211358e-07
5.8320352 5.6414477428485e-07
5.850035 5.6068084882129e-07
5.8680348 5.5724866373405e-07
5.8860346 5.5384783298628e-07
5.9040344 5.5047797638465e-07
5.9220342 5.4713871947397e-07
5.940034 5.4382969343372e-07
5.9580338 5.4055053497656e-07
5.9760336 5.3730088624905e-07
5.9940334 5.3408039473493e-07
6.0120332 5.3088871315951e-07
6.030033 5.2772549939685e-07
6.0480328 5.2459041637841e-07
6.0660326 5.2148313200374e-07
6.0840324 5.1840331905285e-07
6.1020322 5.1535065510067e-07
6.120032 5.12324822433e-07
6.1380318 5.0932550796415e-07
6.1560316 5.063524031565e-07
6.1740314 5.0340520394142e-07
6.1920312 5.0048361064202e-07
6.210031 4.9758732789723e-07
6.2280308 4.9471606458745e-07
6.2460306 4.9186953376195e-07
6.2640304 4.8904745256736e-07
6.2820302 4.8624954217782e-07
6.30003 4.8347552772627e-07
6.3180298 4.8072513823744e-07
6.3360296 4.77998106562e-07
6.3540294 4.7529416931174e-07
6.3720292 4.7261306679654e-07
6.390029 4.6995454296219e-07
6.4080288 4.6731834532953e-07
6.4260286 4.647042249348e-07
6.4440284 4.6211193627108e-07
6.4620282 4.5954123723099e-07
6.480028 4.5699188905032e-07
6.4980278 4.5446365625294e-07
6.5160276 4.5195630659659e-07
6.5340274 4.494696110198e-07
6.5520272 4.4700334358987e-07
6.570027 4.4455728145164e-07
6.5880268 4.421312047775e-07
6.6060266 4.3972489671817e-07
6.6240264 4.3733814335445e-07
6.6420262 4.3497073364987e-07
6.660026 4.3262245940428e-07
6.6780258 4.3029311520822e-07
6.6960256 4.2798249839824e-07
6.7140254 4.2569040901299e-07
6.7320252 4.2341664975022e-07
6.750025 4.2116102592431e-07
6.7680248 4.1892334542493e-07
6.7860246 4.167034186763e-07
6.8040244 4.1450105859714e-07
6.8220242 4.1231608056143e-07
6.840024 4.1014830235999e-07
6.8580238 4.0799754416249e-07
6.8760236 4.058636284804e-07
6.8940234 4.0374638013049e-07
6.9120232 4.016456261991e-07
6.930023 3.995611960068e-07
6.9480228 3.974929210741e-07
6.9660226 3.954406350874e-07
6.9840224 3.9340417386571e-07
7.0020222 3.9138337532795e-07
7.020022 3.8937807946083e-07
7.0380218 3.8738812828733e-07
7.0560216 3.8541336583567e-07
7.0740214 3.834536381089e-07
7.0920212 3.8150879305498e-07
7.110021 3.7957868053746e-07
7.1280208 3.7766315230646e-07
7.1460206 3.757620619705e-07
7.1640204 3.7387526496854e-07
7.1820202 3.7200261854263e-07
7.20002 3.7014398171103e-07
7.2180198 3.6829921524176e-07
7.2360196 3.6646818162657e-07
7.2540194 3.6465074505551e-07
7.2720192 3.6284677139182e-07
7.290019 3.6105612814724e-07
7.3080188 3.592786844578e-07
7.3260186 3.5751431105997e-07
7.3440184 3.5576288026731e-07
7.3620182 3.5402426594742e-07
7.380018 3.522983434993e-07
7.3980178 3.5058498983113e-07
7.4160176 3.4888408333842e-07
7.4340174 3.4719550388249e-07
7.4520172 3.4551913276931e-07
7.470017 3.438548527288e-07
7.4880168 3.4220254789432e-07
7.5060166 3.4056210378259e-07
7.5240164 3.3893340727403e-07
7.5420162 3.3731634659312e-07
7.560016 3.3571081128952e-07
7.5780158 3.3411669221918e-07
7.5960156 3.325338815258e-07
7.6140154 3.3096227262275e-07
7.6320152 3.2940176017515e-07
7.650015 3.2785224008228e-07
7.6680148 3.2631360946031e-07
7.6860146 3.2478576662523e-07
7.7040144 3.2326861107615e-07
7.7220142 3.2176204347886e-07
7.740014 3.2026596564955e-07
7.7580138 3.1878028053893e-07
7.7760136 3.1730489221651e-07
7.7940134 3.1583970585523e-07
7.8120132 3.1438462771618e-07
7.830013 3.1293956513376e-07
7.8480128 3.1150442650094e-07
7.8660126 3.1007912125473e-07
7.8840124 3.0866355986206e-07
7.9020122 3.0725765380566e-07
7.920012 3.0586131557036e-07
7.9380118 3.0447445862943e-07
7.9560116 3.030969974313e-07
7.9740114 3.0172884738638e-07
7.9920112 3.0036992485411e-07
8.010011 2.9902014713017e-07
8.0280108 2.9767943243412e-07
8.0460106 2.9634769989683e-07
8.0640104 2.9502486954845e-07
8.0820102 2.9371086230647e-07
8.10001 2.9240559996385e-07
8.1180098 2.9110900517745e-07
8.1360096 2.8982100145666e-07
8.1540094 2.8854151315215e-07
8.1720092 2.8727046544472e-07
8.190009 2.8600778433448e-07
8.2080088 2.8475339663008e-07
8.2260086 2.8350722993817e-07
8.2440084 2.8226921265294e-07
8.2620082 2.8103927394589e-07
8.280008 2.7981734375577e-07
8.2980078 2.7860335277857e-07
8.3160076 2.7739723245779e-07
8.3340074 2.7619891497474e-07
8.3520072 2.7500833323905e-07
8.370007 2.7382542087935e-07
8.3880068 2.7265011223398e-07
8.4060066 2.71482342342e-07
8.4240064 2.7032204693415e-07
8.4420062 2.6916916242408e-07
8.460006 2.6802362589968e-07
8.4780058 2.6688537511449e-07
8.4960056 2.657543484793e-07
8.5140054 2.6463048505384e-07
8.5320052 2.6351372453856e-07
8.550005 2.6240400726662e-07
8.5680048 2.6130127419595e-07
8.5860046 2.6020546690136e-07
8.6040044 2.5911652756688e-07
8.6220042 2.5803439897813e-07
8.640004 2.5695902451485e-07
8.6580038 2.5589034814349e-07
8.6760036 2.5482831440997e-07
8.6940034 2.5377286843248e-07
8.7120032 2.5272395589443e-07
8.730003 2.5168152303744e-07
8.7480028 2.5064551665454e-07
8.7660026 2.4961588408336e-07
8.7840024 2.4859257319948e-07
8.8020022 2.4757553240983e-07
8.820002 2.4656471064619e-07
8.8380018 2.4556005735889e-07
8.8560016 2.4456152251039e-07
8.8740014 2.4356905656916e-07
8.8920012 2.4258261050352e-07
8.910001 2.4160213577558e-07
8.9280008 2.4062758433533e-07
8.9460006 2.3965890861477e-07
8.9640004 2.3869606152208e-07
8.9820002 2.3773899643596e-07
