0 6.7986319488704e-05
0.01 6.7986319488704e-05
0.02 6.7679685917553e-05
0.03 6.7326099085136e-05
0.04 6.6877214004442e-05
0.05 6.6330673273053e-05
0.06 6.5688504013241e-05
0.07 6.4954930367392e-05
0.08 6.4135562533848e-05
0.09 6.3236982813058e-05
0.1 6.2266473607133e-05
0.11 6.1231806326105e-05
0.12 6.0141060955683e-05
0.13 5.9002464890579e-05
0.14 5.7824246612955e-05
0.15 5.6614503579217e-05
0.16 5.538108449294e-05
0.17 5.4131486681607e-05
0.18 5.2872769473233e-05
0.19 5.1611483819204e-05
0.2 5.0353618470036e-05
0.21 4.9104562390806e-05
0.22 4.7869082697556e-05
0.23 4.665131721275e-05
0.24 4.5454780290495e-05
0.25 4.4282380416721e-05
0.26 4.3136447861083e-05
0.27 4.2018770609236e-05
0.28 4.0930636753356e-05
0.29 3.9872881540188e-05
0.3 3.8845937381472e-05
0.31 3.7849885231239e-05
0.32 3.6884505922684e-05
0.33 3.5949330224049e-05
0.34 3.5043686586436e-05
0.35 3.416674575488e-05
0.36 3.331756160382e-05
0.37 3.2495107806239e-05
0.38 3.1698310045317e-05
0.39 3.0926073706398e-05
0.4 3.0177307097266e-05
0.41 2.9450940357679e-05
0.42 2.8745940326852e-05
0.43 2.8061321693923e-05
0.44 2.7396154817606e-05
0.45 2.6749570613732e-05
0.46 2.6120762937729e-05
0.47 2.5508988871148e-05
0.48 2.4913567312981e-05
0.49 2.4333876250823e-05
0.5 2.3769349049024e-05
0.51 2.3219470061906e-05
0.52 2.2683769834419e-05
0.53 2.2161820113874e-05
0.54 2.1653228861329e-05
0.55 2.1157635404064e-05
0.56 2.0674705848563e-05
0.57 2.0204128831083e-05
0.58 1.9745611662425e-05
0.59 1.9298876894629e-05
0.6 1.8863659325236e-05
0.61 1.8439703430225e-05
0.62 1.8026761211062e-05
0.63 1.762459043009e-05
0.64 1.7232953199376e-05
0.65 1.6851614890787e-05
0.66 1.6480343326148e-05
0.67 1.6118908210042e-05
0.68 1.5767080769866e-05
0.69 1.5424633564985e-05
0.7 1.5091340434598e-05
0.71 1.4766976554438e-05
0.72 1.4451318575515e-05
0.73 1.4144144823056e-05
0.74 1.3845235535045e-05
0.75 1.3554373125386e-05
0.76 1.3271342457053e-05
0.77 1.2995931115421e-05
0.78 1.2727929672491e-05
0.79 1.2467131936544e-05
0.8 1.221333518173e-05
0.81 1.1966340355527e-05
0.82 1.172595226107e-05
0.83 1.1491979714452e-05
0.84 1.1264235676449e-05
0.85 1.1042537359156e-05
0.86 1.0826706308923e-05
0.87 1.0616568466372e-05
0.88 1.0411954205596e-05
0.89 1.0212698353805e-05
0.9 1.0018640193394e-05
0.91 9.8296234479715e-06
0.92 9.6454962544908e-06
0.93 9.4661111224604e-06
0.94 9.2913248826036e-06
0.95 9.120998625705e-06
0.96 8.9549976336165e-06
0.97 8.7931913031776e-06
0.98 8.6354530646621e-06
0.99 8.4816602954709e-06
1 8.3316942300725e-06
1.01 8.1854398671635e-06
1.02 8.0427858747353e-06
1.03 7.9036244935904e-06
1.04 7.7678514400655e-06
1.05 7.6353658084099e-06
1.06 7.5060699732494e-06
1.07 7.3798694925553e-06
1.08 7.2566730113725e-06
1.09 7.1363921667952e-06
1.1 7.01894149419e-06
1.11 6.9042383349559e-06
1.12 6.7922027461536e-06
1.13 6.6827574117959e-06
1.14 6.5758275563914e-06
1.15 6.4713408602021e-06
1.16 6.3692273770138e-06
1.17 6.2694194537457e-06
1.18 6.1718516525398e-06
1.19 6.0764606748763e-06
1.2 5.9831852881063e-06
1.21 5.8919662540135e-06
1.22 5.8027462597892e-06
1.23 5.7154698510606e-06
1.24 5.6300833671497e-06
1.25 5.5465348784299e-06
1.26 5.4647741257964e-06
1.27 5.3847524621513e-06
1.28 5.3064227959762e-06
1.29 5.2297395367153e-06
1.3 5.1546585422241e-06
1.31 5.0811370679419e-06
1.32 5.0091337179466e-06
1.33 4.9386083977206e-06
1.34 4.8695222686327e-06
1.35 4.8018377040607e-06
1.36 4.7355182470772e-06
1.37 4.6705285697523e-06
1.38 4.6068344338099e-06
1.39 4.5444026528887e-06
1.4 4.4832010560554e-06
1.41 4.4231984527188e-06
1.42 4.3643645988595e-06
1.43 4.3066701644202e-06
1.44 4.2500867020049e-06
1.45 4.194586616644e-06
1.46 4.1401431367253e-06
1.47 4.0867302860078e-06
1.48 4.034322856601e-06
1.49 3.982896383043e-06
1.5 3.9324271172221e-06
1.51 3.8828920043241e-06
1.52 3.834268659595e-06
1.53 3.7865353459741e-06
1.54 3.7396709525778e-06
1.55 3.6936549739207e-06
1.56 3.6484674899398e-06
1.57 3.604089146723e-06
1.58 3.5605011379506e-06
1.59 3.517685186995e-06
1.6 3.4756235296932e-06
1.61 3.4342988977241e-06
1.62 3.3936945025875e-06
1.63 3.35379402017e-06
1.64 3.3145815758428e-06
1.65 3.2760417301341e-06
1.66 3.2381594648519e-06
1.67 3.2009201697583e-06
1.68 3.1643096296878e-06
1.69 3.1283140121181e-06
1.7 3.0929198551924e-06
1.71 3.0581140561645e-06
1.72 3.0238838602277e-06
1.73 2.990216849762e-06
1.74 2.9571009339277e-06
1.75 2.9245243386501e-06
1.76 2.8924755969229e-06
1.77 2.8609435394652e-06
1.78 2.829917285687e-06
1.79 2.7993862349723e-06
1.8 2.769340058259e-06
1.81 2.7397686898971e-06
1.82 2.7106623197957e-06
1.83 2.6820113858257e-06
1.84 2.6538065664797e-06
1.85 2.6260387737795e-06
1.86 2.5986991464219e-06
1.87 2.5717790431511e-06
1.88 2.5452700363523e-06
1.89 2.5191639058537e-06
1.9 2.4934526329362e-06
1.91 2.4681283945377e-06
1.92 2.4431835576527e-06
1.93 2.4186106739019e-06
1.94 2.3944024742896e-06
1.95 2.3705518641309e-06
1.96 2.3470519181285e-06
1.97 2.3238958756292e-06
1.98 2.3010771360118e-06
1.99 2.2785892542329e-06
2 2.2564259365158e-06
2.01 2.234581036164e-06
2.02 2.2130485495225e-06
2.03 2.1918226120557e-06
2.04 2.1708974945459e-06
2.05 2.1502675994198e-06
2.06 2.1299274571866e-06
2.07 2.109871722976e-06
2.08 2.0900951731948e-06
2.09 2.0705927022823e-06
2.1 2.0513593195671e-06
2.11 2.032390146214e-06
2.12 2.0136804122679e-06
2.13 1.9952254537881e-06
2.14 1.9770207100626e-06
2.15 1.9590617209195e-06
2.16 1.9413441241025e-06
2.17 1.9238636527353e-06
2.18 1.9066161328576e-06
2.19 1.889597481036e-06
2.2 1.8728037020456e-06
2.21 1.8562308866148e-06
2.22 1.8398752092398e-06
2.23 1.8237329260678e-06
2.24 1.8078003728316e-06
2.25 1.7920739628491e-06
2.26 1.7765501850865e-06
2.27 1.7612256022636e-06
2.28 1.7460968490265e-06
2.29 1.7311606301624e-06
2.3 1.7164137188744e-06
2.31 1.701852955098e-06
2.32 1.6874752438669e-06
2.33 1.6732775537266e-06
2.34 1.6592569151929e-06
2.35 1.6454104192491e-06
2.36 1.6317352158901e-06
2.37 1.6182285127016e-06
2.38 1.6048875734856e-06
2.39 1.5917097169186e-06
2.4 1.5786923152454e-06
2.41 1.5658327930122e-06
2.42 1.5531286258355e-06
2.43 1.5405773391977e-06
2.44 1.5281765072832e-06
2.45 1.5159237518396e-06
2.46 1.5038167410739e-06
2.47 1.4918531885754e-06
2.48 1.4800308522671e-06
2.49 1.4683475333902e-06
2.5 1.4568010755073e-06
2.51 1.4453893635387e-06
2.52 1.4341103228204e-06
2.53 1.422961918186e-06
2.54 1.4119421530811e-06
2.55 1.4010490686859e-06
2.56 1.3902807430743e-06
2.57 1.3796352903865e-06
2.58 1.3691108600277e-06
2.59 1.3587056358838e-06
2.6 1.348417835559e-06
2.61 1.3382457096336e-06
2.62 1.3281875409385e-06
2.63 1.3182416438497e-06
2.64 1.3084063636004e-06
2.65 1.2986800756085e-06
2.66 1.2890611848264e-06
2.67 1.2795481250987e-06
2.68 1.2701393585443e-06
2.69 1.2608333749477e-06
2.7 1.2516286911681e-06
2.71 1.2425238505638e-06
2.72 1.2335174224284e-06
2.73 1.2246080014434e-06
2.74 1.2157942071413e-06
2.75 1.2070746833839e-06
2.76 1.1984480978527e-06
2.77 1.1899131415533e-06
2.78 1.1814685283263e-06
2.79 1.1731129943776e-06
2.8 1.1648452978135e-06
2.81 1.1566642181901e-06
2.82 1.1485685560739e-06
2.83 1.1405571326104e-06
2.84 1.1326287891052e-06
2.85 1.1247823866119e-06
2.86 1.1170168055352e-06
2.87 1.1093309452376e-06
2.88 1.1017237236571e-06
2.89 1.0941940769367e-06
2.9 1.0867409590572e-06
2.91 1.0793633414845e-06
2.92 1.0720602128179e-06
2.93 1.0648305784546e-06
2.94 1.0576734602556e-06
2.95 1.050587896221e-06
2.96 1.0435729401745e-06
2.97 1.0366276614535e-06
2.98 1.029751144605e-06
2.99 1.022942489091e-06
3 1.016200808999e-06
3.01 1.00952523276e-06
3.02 1.0029149028704e-06
3.03 9.9636897562295e-07
3.04 9.8988662084214e-07
3.05 9.8346702162671e-07
3.06 9.771093740959e-07
3.07 9.7081288714205e-07
3.08 9.6457678219019e-07
3.09 9.5840029296135e-07
3.1 9.5228266524041e-07
3.11 9.462231566507e-07
3.12 9.4022103643224e-07
3.13 9.342755852266e-07
3.14 9.283860948626e-07
3.15 9.2255186815147e-07
3.16 9.1677221868292e-07
3.17 9.1104647062633e-07
3.18 9.0537395853721e-07
3.19 8.9975402716662e-07
3.2 8.9418603127574e-07
3.21 8.8866933545223e-07
3.22 8.832033139339e-07
3.23 8.7778735043235e-07
3.24 8.7242083796344e-07
3.25 8.6710317867919e-07
3.26 8.6183378370372e-07
3.27 8.5661207297306e-07
3.28 8.5143747507836e-07
3.29 8.4630942711231e-07
3.3 8.4122737451668e-07
3.31 8.3619077093637e-07
3.32 8.311990780748e-07
3.33 8.2625176555079e-07
3.34 8.2134831076142e-07
3.35 8.164881987453e-07
3.36 8.1167092204947e-07
3.37 8.0689598059893e-07
3.38 8.0216288156894e-07
3.39 7.97471139259e-07
3.4 7.9282027497144e-07
3.41 7.8820981688977e-07
3.42 7.8363929996105e-07
3.43 7.7910826578083e-07
3.44 7.7461626247928e-07
3.45 7.7016284461023e-07
3.46 7.6574757304255e-07
3.47 7.6137001485282e-07
3.48 7.5702974322153e-07
3.49 7.527263373297e-07
3.5 7.4845938225858e-07
3.51 7.4422846889107e-07
3.52 7.4003319381477e-07
3.53 7.3587315922758e-07
3.54 7.3174797284353e-07
3.55 7.2765724780321e-07
3.56 7.2360060258266e-07
3.57 7.1957766090671e-07
3.58 7.155880516622e-07
3.59 7.1163140881364e-07
3.6 7.0770737132086e-07
3.61 7.0381558305668e-07
3.62 6.9995569272805e-07
3.63 6.9612735379733e-07
3.64 6.9233022440596e-07
3.65 6.8856396729824e-07
3.66 6.8482824974825e-07
3.67 6.8112274348651e-07
3.68 6.7744712462966e-07
3.69 6.7380107360966e-07
3.7 6.7018427510563e-07
3.71 6.6659641797652e-07
3.72 6.6303719519508e-07
3.73 6.5950630378209e-07
3.74 6.5600344474424e-07
3.75 6.5252832301019e-07
3.76 6.4908064736961e-07
3.77 6.456601304133e-07
3.78 6.4226648847323e-07
3.79 6.3889944156508e-07
3.8 6.3555871333073e-07
3.81 6.3224403098263e-07
3.82 6.2895512524787e-07
3.83 6.2569173031561e-07
3.84 6.2245358378241e-07
3.85 6.1924042660096e-07
3.86 6.1605200302865e-07
3.87 6.1288806057721e-07
3.88 6.0974834996333e-07
3.89 6.0663262506016e-07
3.9 6.0354064284947e-07
3.91 6.0047216337473e-07
3.92 5.9742694969519e-07
3.93 5.9440476784074e-07
3.94 5.9140538676725e-07
3.95 5.884285783128e-07
3.96 5.8547411715524e-07
3.97 5.8254178076915e-07
3.98 5.7963134938525e-07
3.99 5.7674260594934e-07
4 5.7387533608195e-07
4.01 5.7102932803919e-07
4.02 5.682043726746e-07
4.03 5.6540026340003e-07
4.04 5.6261679614923e-07
4.05 5.5985376934054e-07
4.06 5.5711098384097e-07
4.07 5.5438824293067e-07
4.08 5.5168535226803e-07
4.09 5.4900211985506e-07
4.1 5.4633835600428e-07
4.11 5.4369387330494e-07
4.12 5.4106848659034e-07
4.13 5.3846201290649e-07
4.14 5.3587427147942e-07
4.15 5.3330508368509e-07
4.16 5.3075427301843e-07
4.17 5.2822166506335e-07
4.18 5.2570708746331e-07
4.19 5.2321036989225e-07
4.2 5.2073134402582e-07
4.21 5.1826984351361e-07
4.22 5.158257039513e-07
4.23 5.1339876285355e-07
4.24 5.1098885962687e-07
4.25 5.0859583554424e-07
4.26 5.0621953371794e-07
4.27 5.0385979907524e-07
4.28 5.0151647833257e-07
4.29 4.9918941997118e-07
4.3 4.9687847421269e-07
4.31 4.9458349299556e-07
4.32 4.9230432995114e-07
4.33 4.9004084038069e-07
4.34 4.8779288123292e-07
4.35 4.8556031108104e-07
4.36 4.8334299010126e-07
4.37 4.8114078005073e-07
4.38 4.7895354424619e-07
4.39 4.7678114754327e-07
4.4 4.7462345631531e-07
4.41 4.7248033843355e-07
4.42 4.703516632464e-07
4.43 4.6823730156038e-07
4.44 4.6613712562027e-07
4.45 4.6405100909007e-07
4.46 4.619788270342e-07
4.47 4.5992045589884e-07
4.48 4.5787577349389e-07
4.49 4.5584465897467e-07
4.5 4.5382699282458e-07
4.51 4.5182265683738e-07
4.52 4.4983153410008e-07
4.53 4.4785350897612e-07
4.54 4.4588846708859e-07
4.55 4.4393629530406e-07
4.56 4.4199688171607e-07
4.57 4.4007011562953e-07
4.58 4.3815588754502e-07
4.59 4.3625408914303e-07
4.6 4.3436461326928e-07
4.61 4.3248735391944e-07
4.62 4.3062220622419e-07
4.63 4.2876906643513e-07
4.64 4.2692783191024e-07
4.65 4.2509840109961e-07
4.66 4.2328067353192e-07
4.67 4.214745498005e-07
4.68 4.1967993154991e-07
4.69 4.178967214626e-07
4.7 4.1612482324588e-07
4.71 4.1436414161901e-07
4.72 4.1261458230048e-07
4.73 4.108760519955e-07
4.74 4.0914845838363e-07
4.75 4.0743171010662e-07
4.76 4.0572571675641e-07
4.77 4.0403038886342e-07
4.78 4.0234563788472e-07
4.79 4.0067137619272e-07
4.8 3.9900751706372e-07
4.81 3.9735397466699e-07
4.82 3.9571066405344e-07
4.83 3.9407750114516e-07
4.84 3.9245440272446e-07
4.85 3.9084128642341e-07
4.86 3.8923807071366e-07
4.87 3.8764467489588e-07
4.88 3.8606101909002e-07
4.89 3.8448702422504e-07
4.9 3.829226120294e-07
4.91 3.8136770502123e-07
4.92 3.7982222649892e-07
4.93 3.7828610053145e-07
4.94 3.767592519496e-07
4.95 3.7524160633634e-07
4.96 3.7373309001815e-07
4.97 3.7223363005599e-07
4.98 3.7074315423661e-07
4.99 3.6926159106387e-07
