0 0.040649297650144
0.196 0.040590100992588
0.392 0.040422637942224
0.588 0.040172334595206
0.784 0.039867639451652
0.98 0.039531474158718
1.176 0.039179068961867
1.372 0.038818123527961
1.568 0.038447406960197
1.764 0.038054522306134
1.96 0.037616517336801
2.156 0.037105883196193
2.352 0.036499279594982
2.548 0.035784203707136
2.744 0.034960720540188
2.94 0.034037431154902
3.136 0.033024511075665
3.332 0.031928897698248
3.528 0.030752960819721
3.724 0.029494797742476
3.92 0.028149324983361
4.116 0.026710391695287
4.312 0.025173329796843
4.508 0.023536395206096
4.704 0.021801365495815
4.9 0.019975074869006
5.096 0.018072174807286
5.292 0.01611752807143
5.488 0.014145650150449
5.684 0.012197094685204
5.88 0.010314392201664
6.076 0.0085388298113111
6.272 0.0069077580271713
6.468 0.0054515331287724
6.664 0.0041905229246545
6.86 0.0031331097863042
7.056 0.00227557763749
7.252 0.0016038771506648
7.448 0.0010963068815839
7.644 0.00072658536825387
7.84 0.00046703765549091
8.036 0.00029142120562698
8.232 0.0001768190431706
8.428 0.00010456430514866
8.624 6.0405330416601e-05
8.82 3.4132155952235e-05
9.016 1.8854702172085e-05
9.212 1.0150861947303e-05
9.408 5.2999307910895e-06
9.604 2.6465337179671e-06
