0 0.041718933083114
0.196 0.04162602742975
0.392 0.041364857860085
0.588 0.040983286485398
0.784 0.040544224002403
0.98 0.040107810477244
1.176 0.039716506190872
1.372 0.03938466915037
1.568 0.039093666546436
1.764 0.038795437627578
1.96 0.038426290115983
2.156 0.037930539767576
2.352 0.037283152676748
2.548 0.036494456068234
2.744 0.03559495420805
2.94 0.034613932819338
3.136 0.0335653621265
3.332 0.032445464232649
3.528 0.031238095903705
3.724 0.029923134475901
3.92 0.028485145333606
4.116 0.026919047907928
4.312 0.025230958955807
4.508 0.023435900840934
4.704 0.021555100335985
4.9 0.019613910936025
5.096 0.017640094185334
5.292 0.015661697462965
5.488 0.013705454122197
5.684 0.01179751754569
5.88 0.009965653590001
6.076 0.0082404750919844
6.272 0.0066538587146654
6.468 0.0052349456854165
6.664 0.0040055364404204
6.86 0.0029766109566098
7.056 0.0021465520487729
7.252 0.0015017001176262
7.448 0.001019018956425
7.644 0.00067032132493028
7.84 0.00042690717672716
8.036 0.00026286770190348
8.232 0.00015645924309487
8.428 9.0265675858926e-05
8.624 5.0870381411863e-05
8.82 2.8418912993476e-05
9.016 1.607098749735e-05
9.212 9.3759702938043e-06
9.408 5.6574508323369e-06
9.604 3.4539322128367e-06
