0.0058103197927345 0.0013529622014659 -0.00091520861982086 0.00074179844990589 -0.00061636473559837 0.00053055054386999 -0.000637218929599 0.00045196603835957 0.00077239244158945 3.5965829587673e-05
0.001352892426621 0.0054134813301428 0.00015706196601927 -0.00017585521677127 0.00026808998374072 -0.00044322934250787 -0.00015542019336584 0.0011237802465675 0.0028805350733964 -0.0044367077340364
-0.0009150629186191 0.00015623031391092 0.0043842370474546 -0.0002595503479248 4.2097100190217e-05 -0.00024477155193181 0.00051868200089369 0.0028521919826161 -0.0010178193771054 -0.0053677260142536
0.00074015185010132 -0.00018778393534341 -0.00026358061711064 0.003277277127864 -0.00065959278858687 0.00072008560700789 0.001738429234855 0.00014466855046526 -0.0029218673526279 -0.00060904424671691
-0.00062683651483737 0.00026867257009542 0.00026901797179483 -0.00036483162774453 0.0021334334707112 -0.00014092881240933 0.0011856633858484 -0.0013470493778806 -0.00030119239177171 -0.00039370530811799
0.00055496702109252 -3.8581774374567e-05 0.00052667082555016 0.00028267655327469 -0.0012163732391977 0.00087573328822584 -0.0012333748151843 0.0014857974752404 -8.9490527718154e-05 -0.00093909616121433
-0.00033045341054464 0.00062124847353103 -0.00076262605237561 -0.0015650742390099 0.00070089452608871 -0.00037783071220935 -0.00064209581117052 -0.00098147269287043 0.0021076044927899 0.00058510665574968
0.00042429234610062 -0.0015637243712917 -0.0025736831935831 -0.00024340058778739 0.0015243996096161 0.0016586845802299 -0.00085923342980127 -0.0025478818648843 -0.00061083217864707 0.0043557214702749
-0.0015749596073062 -0.0024685675275185 0.00071919042306554 0.0030435301049845 0.00021971381672562 0.0003129909590533 0.0029369861206204 -0.00076385407447272 -0.0041438764266866 -0.00032123497912257
0.00070420580670473 0.0040419905507741 0.0056425281754029 0.00039360371514725 0.00035436061048524 0.00073295982620788 0.00010299236775944 0.0047758375402568 -0.0003395078436489 -0.010218746324181
