-0.0025546840109671 -0.0032425016639331 0.0030987624741498 -0.0029807122810209 0.003289437598488 -0.0030183295649128 0.0036500532547598 -0.0027671709346925 0.0045927813968931 -0.0043435866723062
-0.0032697887391396 -0.0040737460809782 -0.0024873238359125 0.0031115826619071 -0.0025273693674089 0.003817324120547 -0.0020449457774583 0.0054783072592992 -0.0018017423337196 -0.0019406837287843
0.0030819097061535 -0.002589666668127 -0.0029363268937017 -0.0023526221819582 0.0037174884956432 -0.0024221121940843 0.0053486346711186 -0.0020054615359852 0.001310491772476 -0.011572751159459
-0.0031115606090432 0.0028697275124801 -0.0025714861559112 -0.0012075171610043 -0.0021856165222623 0.0045431514063596 -0.0025046954288677 0.0030148407512598 -0.0083859846327413 0.0033425113551908
0.0031657644968632 -0.0030648944647197 0.0031342278364152 -0.0027133199477109 0.00065561493135049 -0.0022007762404693 0.0033791848185673 -0.006495524316024 0.0037945488507973 -0.0034956246608488
-0.0033481795186039 0.002928929559364 -0.0038059812749278 0.0029837132659014 -0.00291558148212 0.0025969648175123 -0.0033587191712845 0.0035620675279202 -0.0043590857067716 0.0031111586545388
0.0032245881754116 -0.0039382873760723 0.0024549175991575 -0.0046710981398232 0.0042548588992041 -0.0021813008551322 0.0046655084644054 -0.0026295846154909 0.0023855369655087 -0.0068220485449835
-0.0039624490111093 0.0017330496984607 -0.0050267358232436 0.0052968482298834 -0.0023282209221565 0.0033847456395548 -0.0034466504668808 0.0073063582752223 -0.0026882789715874 0.0015498019154094
0.0026357853003963 -0.0047316465734076 0.0067326853995681 -0.00022172968152707 0.0041078940556975 -0.0071385697230299 0.0024540280512751 -0.0036348315409943 0.011342627505366 -0.0016660510917025
-0.0027964605356026 0.0093047592741094 0.0035145018347295 0.004809513906445 -0.0073471919351235 0.0036525134052571 -0.0085219912242751 -7.2870555460881e-05 -0.0019479874692153 0.021526656310667
