-0.0055005348576305 -0.0016689621828497 0.0012451727822468 -0.0010975129177846 0.0010131617295358 -0.00093524627403501 0.00093583266463068 -0.0013636817722559 0.00030714191802644 0.0013991870600149
-0.0016719602511162 -0.0055318723003462 -0.00049360088864904 0.00054236629514616 -0.00060667917252102 0.00069256071121121 -0.0010919209544894 -0.00099610346539801 7.0752790185577e-05 0.0076927915416678
0.0012497109509047 -0.0004961898773741 -0.0045241823777302 -0.00010111714419277 0.0003309982986356 -0.00083121911773194 -0.0007536476408112 -0.0011406993322901 0.0052748003995065 0.0028962802493114
-0.0011055837320191 0.00053577193908158 -0.00012979589694337 -0.0033160052551315 3.5933911979856e-05 -0.0006519502891707 -0.0012068873170891 0.0030092694510113 0.0020129483733087 -0.00077059095111183
0.0010130482310134 -0.00067772330787572 0.00023436271829064 0.00017583706160698 -0.0020129914896185 3.9976567518347e-05 0.00073255974944505 0.00071276728155592 -9.2119191398559e-05 -0.00020705047958851
-0.00099895057332803 0.00057131659486392 -0.00036318276979604 0.00071080637642841 0.000478184187906 -0.00055681861167318 0.00087268301666468 -0.0011709460059652 -0.00070867524902327 0.00093015273278975
0.00094302407938281 -0.00021555374294119 0.0019183740780337 -7.6407132865745e-05 -0.0013670469615564 -7.6773885646649e-05 0.0012065118140215 0.00065973625950894 -0.0017016362353891 -0.0017931368395654
-0.00048217337439596 0.0023284885798038 -0.00014542924091729 -0.0018778542247035 -0.002281551797085 -0.00060395813103829 0.00040740096877501 0.0034638515116651 0.00058540903955771 -0.0025636569040582
0.0015264798506504 -0.0014086522909199 -0.0039076782703782 -0.0033191655074218 0.0012423985135405 -0.0014111835342044 -0.002051155887798 0.00085354664879072 0.0071023777231317 0.002520511519009
-0.0032200038127792 -0.0063033436621597 -0.0042542517709328 0.0022243787419489 -0.0011378283379975 0.00034898055184855 -0.00091581763940049 -0.0030402912802739 0.0026633809307956 0.012140566659153
