0.0049841443245961 0.00057148319495847 -0.00016942494714665 7.7503907455909e-05 -0.00010870202006117 -0.0025435912572863 0.0010122402279532 0.0066709941678828 -0.0055937180895593 -0.003582637446859
0.00055699527453293 0.0049094167747381 -0.00030779917259058 0.0003587350034484 -0.0024984809881764 -0.0030927004395011 0.0048780999575454 0.0071883348699139 -0.0060488658458595 -0.0037527881497613
-0.00017713260386056 -0.00041857375403175 0.0037492604090746 -0.00187810701875 -0.0012004593946259 0.00096855682787419 0.0034868494438569 -0.0013326265979145 0.0036916918690856 -0.0028661407248591
-0.00010580191102592 0.00042219318719592 -0.00041998658524393 0.00162761927994 -0.0015217614630181 0.0031154166021097 -0.0012940102041832 0.0029481536891209 -0.00057652806182614 0.0010838223010702
0.00034039399846322 0.0017328334114701 0.0032030798957011 -0.0022006162373569 -0.0012523638391192 -0.0022793248812471 0.0060322568283383 0.00097886452015397 0.00055498587726668 -0.004828155799322
0.0019804737567001 0.0035728165641202 -0.0022324233006871 0.0012274101385947 -0.0014244172927644 -0.003209728552429 0.0011838410422314 0.0074367136528093 -0.0080126553395006 -0.0019487467633043
-0.00050661488171042 -0.0060527383117007 -0.0026437073044678 0.00063078610467162 0.0053301380756732 0.0019741353211853 -0.008082962103429 -0.0090512813384728 0.005431955234456 0.0067548709765547
-0.0075294667868803 -0.0067853736466801 -0.00023511737663753 -6.0744132680618e-05 0.0025944449998316 0.0075510850819843 -0.0092184395246596 -0.017558650981986 0.013526107729345 0.010450842176259
0.0062909581348271 0.0045998779897839 -0.0027638466449416 0.00060276708225219 0.00067327747628422 -0.0083969328327293 0.0045253343663576 0.012138272959835 -0.012407721806712 -0.0059775874628555
0.0023820779597407 0.0041269618041238 0.001751054997893 9.1035367924733e-05 -0.0046705331408824 -0.00084108906037006 0.0046104896330736 0.0095817896521843 -0.0062755088974599 -0.0054507687799505
