-0.0050250900925118 -0.00092509487111654 0.00058392970419394 -0.00059441906850914 -0.00030154251642039 0.0012841770320821 0.0027574612166113 -0.0068021112283019 0.0022964469057257 0.004654492308486
-0.00092264834357394 -0.0043922429321253 -7.6672872897318e-05 -0.00086245164596322 -4.7907636986239e-05 0.0050340394900588 -0.00021939241456756 -0.0078853020753281 0.0016855063469993 0.0045070636727772
0.00055568650067315 1.047994275144e-05 -0.0030302497483861 0.00023697863583748 0.0015254511833913 0.0014563710465901 -0.0024267506002552 0.00012667718941634 -0.0025356358989563 0.00072692075414007
-0.00038289211068846 0.00052402552751995 0.0005059523688694 -0.00098539201418555 0.0012298451131305 -0.0025408241458551 0.0012132419322491 -0.00064399056240527 -0.00032395608699609 -0.0006895873615109
0.0010815022905495 -0.00028055847278026 -0.0032462458215196 6.464091908753e-05 0.0018297323988896 0.0015139955549554 -0.0028487493642192 -3.2753978879903e-05 -0.0029699017602529 0.00050371779383175
-0.0019549228516796 -0.0047621939185069 -0.0015142750423532 -0.0010411139619562 0.00093804922535439 0.0061112347684459 -0.00058804548552809 -0.0098698374280003 0.0010859009613122 0.0063009694724944
-0.002128245098563 2.3803427582508e-05 0.0026980641764716 -5.7085992207318e-05 -0.0018764380293332 -0.00073746301741603 0.0026325618767024 -0.0016445432923407 0.0026956379514461 0.00058954612448719
0.0062676607204485 0.0083102335966095 0.0003826292755541 0.0020921736764292 -6.320058963284e-05 -0.00985913245551 -0.0014925822184169 0.020146429266488 -0.0040192542162638 -0.012059840345856
-0.0017952717931791 -0.0017495580257508 0.0037547590495464 0.00018577355514887 -0.0033544387642214 0.0016911090422831 0.002571741334625 -0.0032469541795315 0.0043416168306764 0.0015740516773296
-0.0050460222097479 -0.0034850144130784 0.00029811939119978 -0.00099191474006154 -0.00010731850043127 0.0044412712395106 0.0024198625053707 -0.010656969431332 0.003278444659562 0.0072038938552005
