0.0049615760458948 0.00099609364478178 -0.00067415331208403 0.00044480210068935 0.00042596354151835 0.00038077266592823 -0.0042457636864355 0.0048637878850121 0.00040928891997616 -0.0051092660882625
0.00099270065163608 0.0040197507435273 -3.0050515103319e-05 0.0007030733953545 0.0018861197784866 -0.0035765804453726 -0.0034542404271231 0.0062142846996164 0.0011693185984199 -0.003753925219675
-0.00061947011861819 0.00018055228742645 0.0025696049012327 0.00054885184137331 -0.000121668053411 -0.0028547585508692 0.00098194831377266 0.00022575193873987 0.0021578479806929 0.00084395671313542
0.00072571934180781 -0.00035454011855407 -0.00097263927276193 0.00064633581990757 -0.0011566470875929 0.0021273337518752 -0.00090077101539001 0.00024824939013568 -0.00031349949816282 -0.0004440343941799
-0.0014374886892288 -0.0015268206259017 0.0018836220258233 0.00062221140180534 -0.0015397813776585 -0.00018503840438828 0.0022991868825191 -0.0025381741903445 0.0013792726968279 0.0027892120041165
0.00054627503557027 0.0032039326920639 0.0028505859708344 0.0018125766589611 0.00046858908037103 -0.0052897432209965 -0.0021392631795387 0.005478315209238 0.0036820046707482 -0.0023032810111092
0.0033733840955986 0.0038542878393569 -0.0009670722100526 0.00061247029889664 0.0019434125987171 -0.0022013924275032 -0.0051365490715386 0.0076084192496941 0.00070531280639579 -0.0057309679446702
-0.004056098502334 -0.0065913537555543 0.00025998555660268 -0.0011901792746279 -0.0032481430228687 0.0054252096088694 0.0072644128719952 -0.011949047718763 -0.0020958558924953 0.0081573149490011
-0.0011505168617722 -0.00050573575753757 -0.0027101586085288 -0.0018285591149965 0.001326428581266 0.0022328037767614 0.00093236154331348 -0.002352278377818 -0.0031650210067393 0.00091392971571304
0.0059927645303283 0.0036574566630942 -0.0016379973040369 0.00022735249216833 0.0023436657860121 -0.0014446158155186 -0.0068616059537478 0.008779597591735 4.3478393654539e-05 -0.0083002265421124
