-0.002160961292394 -0.0028649288246117 0.0026816559924468 -0.0027058401206806 0.0027750096543818 -0.0028596149783672 0.0029461903470107 -0.0030346708181694 0.003116904782686 -0.0031996942903388
-0.0028649288246117 -0.0038029201846022 -0.0024626934338456 0.0025654403408118 -0.0026898875909876 0.002799745063923 -0.0029089360936505 0.0030034613914176 -0.0031041063005531 0.0031850246458901
0.0026816559924468 -0.0024626934338456 -0.0032688662070536 -0.0026367404527921 0.0029037155154039 -0.0031032281088407 0.0032535929285806 -0.0033964207070651 0.0035096744440845 -0.0036353100258614
-0.0027058401206806 0.0025654403408118 -0.0026367404527921 -0.0022610589439774 -0.0028581652184287 0.0032355182632305 -0.003488709763356 0.0036650382392349 -0.003833477266936 0.0039572933630033
0.0027750096543818 -0.0026898875909876 0.0029037155154039 -0.0028581652184287 -0.0011364699007855 -0.0031360631831703 0.0035697825914844 -0.0038567517866125 0.0040487635927977 -0.0042359769548416
-0.0028596149783672 0.002799745063923 -0.0031032281088407 0.0032355182632305 -0.0031360631831703 -5.1051725560151e-05 -0.0034573743454134 0.00390821555643 -0.0042143751527445 0.0044134906392697
0.0029461903470107 -0.0029089360936505 0.0032535929285806 -0.003488709763356 0.0035697825914844 -0.0034573743454134 0.00093604876830642 -0.0038093916988673 0.0042516032449559 -0.0045657623537687
-0.0030346708181694 0.0030034613914176 -0.0033964207070651 0.0036650382392349 -0.0038567517866125 0.00390821555643 -0.0038093916988673 0.001811406111711 -0.0041805311941969 0.0045979048004057
0.003116904782686 -0.0031041063005531 0.0035096744440845 -0.003833477266936 0.0040487635927977 -0.0042143751527445 0.0042516032449559 -0.0041805311941969 0.0025835308865474 -0.0045609421785251
-0.0031996942903388 0.0031850246458901 -0.0036353100258614 0.0039572933630033 -0.0042359769548416 0.0044134906392697 -0.0045657623537687 0.0045979048004057 -0.0045609421785251 0.0032661190581223
