-0.0048207721346208 -0.0016145623346747 0.0012100232789437 -0.0010591573353282 0.00098225742374252 -0.00094021138949879 0.00091759686647464 -0.00090627342923812 0.00090163802294625 -0.00090156548420158
-0.0016145623346747 -0.0052537822517856 -0.0006421100221575 0.00064464743412805 -0.00065057533256459 0.00065509987140439 -0.00066176623198353 0.00067051977642687 -0.00068095346666786 0.00069175854751991
0.0012100232789437 -0.0006421100221575 -0.0046937228125277 -0.00035576382437526 0.00052152162570297 -0.00059689386602151 0.00063836987928642 -0.0006678796549756 0.00069224516939508 -0.0007140773180142
-0.0010591573353282 0.00064464743412805 -0.00035576382437526 -0.0039602418678076 -0.00020945794219803 0.00046365551382019 -0.0005812969145705 0.00064809575034729 -0.00069389653096727 0.00072989511669713
0.00098225742374252 -0.00065057533256459 0.00052152162570297 -0.00020945794219803 -0.0032323826543989 -0.00015135965662343 0.00044574630474338 -0.00058737591345913 0.00067121643267286 -0.00072859755108009
-0.00094021138949879 0.00065509987140439 -0.00059689386602151 0.00046365551382019 -0.00015135965662343 -0.0025798414052252 -0.00015468033111908 0.00045810948997905 -0.00061042703411398 0.00070493474334066
0.00091759686647464 -0.00066176623198353 0.00063836987928642 -0.0005812969145705 0.00044574630474338 -0.00015468033111908 -0.0020203215212741 -0.00019949546025036 0.00049384454152347 -0.00064737934630735
-0.00090627342923812 0.00067051977642687 -0.0006678796549756 0.00064809575034729 -0.00058737591345913 0.00045810948997905 -0.00019949546025036 -0.0015490420559516 -0.00027060034388947 0.00054693713416587
0.00090163802294625 -0.00068095346666786 0.00069224516939508 -0.00069389653096727 0.00067121643267286 -0.00061042703411398 0.00049384454152347 -0.00027060034388947 -0.0011531506038501 -0.00035702255077461
-0.00090156548420158 0.00069175854751991 -0.0007140773180142 0.00072989511669713 -0.00072859755108009 0.00070493474334066 -0.00064737934630735 0.00054693713416587 -0.00035702255077461 -0.00081859769308967
