0.003372972807779 0.0013837046772187 -0.00085469343048951 0.00062533278425017 -0.00049672703944544 0.00041959965531338 -0.00032834102103937 0.00026809234861744 -0.00023696047920784 0.00023209051662711
0.0013837046772187 0.0058030373492127 0.00072550904192438 -0.00054912547116245 0.0004651494405544 -0.00037601725555162 0.00037741874971645 -0.00030417019306555 0.00027141306255695 -0.00019166513185125
-0.00085469343048951 0.00072550904192438 0.0059711984419296 -4.011970950217e-05 -0.00024407715357092 0.00035037998044324 -0.00032180921394942 0.00035278487419465 -0.00024024285514962 0.00025745736204751
0.00062533278425017 -0.00054912547116245 -4.011970950217e-05 0.0048333896775687 -0.00070315867191682 0.00017176453687564 7.8141116223799e-05 -0.00015178750844836 0.00024049828460515 -0.00020693085487854
-0.00049672703944544 0.0004651494405544 -0.00024407715357092 -0.00070315867191682 0.0035323002435036 -0.00098935407066509 0.00053630841299612 -0.00021026227207032 5.5390574773769e-06 8.1405923437201e-05
0.00041959965531338 -0.00037601725555162 0.00035037998044324 0.00017176453687564 -0.00098935407066509 0.0027713295199732 -0.00080365392289182 0.00063856965665776 -0.00038381885564658 0.00015627504347098
-0.00032834102103937 0.00037741874971645 -0.00032180921394942 7.8141116223799e-05 0.00053630841299612 -0.00080365392289182 0.0025528977650716 -0.00043057740422022 0.00051099941733083 -0.00039513491131094
0.00026809234861744 -0.00030417019306555 0.00035278487419465 -0.00015178750844836 -0.00021026227207032 0.00063856965665776 -0.00043057740422022 0.0025124315596043 -0.00026385734450768 0.00025795206326033
-0.00023696047920784 0.00027141306255695 -0.00024024285514962 0.00024049828460515 5.539057477377e-06 -0.00038381885564658 0.00051099941733083 -0.00026385734450768 0.0022111174239279 -0.00044382688067727
0.00023209051662711 -0.00019166513185125 0.00025745736204751 -0.00020693085487854 8.1405923437201e-05 0.00015627504347098 -0.00039513491131094 0.00025795206326033 -0.00044382688067727 0.0018143302829511
