0.00062937212947535 0.00049713363161263 -0.00033251349499005 0.00020824754194057 -0.00018520621131208 0.00012629707585286 -0.00013729455305258 6.1605419966006e-05 -9.7468411821665e-05 3.740104510555e-05
0.00049713363161263 0.0039931340354523 0.00086093420428498 -0.0006684738511813 0.00035183060222721 -0.00043784269190772 0.00017255632961906 -0.00038289825889236 5.4604891618992e-05 -0.00034740783895456
-0.00033251349499005 0.00086093420428498 0.0057720570128976 0.00049105362865276 -0.00062066559509475 0.00027166898957861 -0.00054053777143092 0.00017953026822467 -0.00052125154300093 6.9547307210616e-06
0.00020824754194057 -0.0006684738511813 0.00049105362865276 0.0058114250681648 -0.00025639542251655 -0.00035598314004939 0.00014782017718542 -0.00051920900016523 0.00011868173275208 -0.00045897365810242
-0.00018520621131208 0.00035183060222721 -0.00062066559509475 -0.00025639542251655 0.0046870957258375 -0.00084661519488148 6.7683613608765e-05 -0.00012610120082667 -0.00029995504291459 8.3148037668902e-05
0.00012629707585286 -0.00043784269190772 0.00027166898957861 -0.00035598314004939 -0.00084661519488148 0.0034488590347174 -0.0011124388418086 0.00046749407408015 -0.0003244456827688 -4.0488090589317e-05
-0.00013729455305258 0.00017255632961906 -0.00054053777143092 0.00014782017718542 6.7683613608765e-05 -0.0011124388418086 0.0027244575404938 -0.00088812986024806 0.0006174429756733 -0.00040698319450473
6.1605419966006e-05 -0.00038289825889236 0.00017953026822467 -0.00051920900016523 -0.00012610120082667 0.00046749407408015 -0.00088812986024806 0.002505594398424 -0.00050612854542901 0.00049146930184665
-9.7468411821665e-05 5.4604891618993e-05 -0.00052125154300093 0.00011868173275208 -0.00029995504291459 -0.0003244456827688 0.0006174429756733 -0.00050612854542901 0.0024259834135435 -0.00035207524542876
3.740104510555e-05 -0.00034740783895456 6.9547307210617e-06 -0.00045897365810242 8.3148037668902e-05 -4.0488090589317e-05 -0.00040698319450473 0.00049146930184665 -0.00035207524542876 0.0021010551648082
