0.0054981115054205 0.001410727500078 -0.00092112537153785 0.00069154897855162 -0.00057729130326424 0.00049781389394717 -0.00026351170501752 0.00037101247245977 -0.0015240049538181 0.0006508422101412
0.001410727500078 0.0057574877640699 0.00041638670292225 -0.00040505926196674 0.00025985074556575 2.5591460323065e-05 0.00070540653440615 -0.0017924874415358 -0.0027978711252493 0.0045924797859314
-0.00092112537153785 0.00041638670292225 0.0053729912123473 8.9086191219085e-05 -4.5347930689392e-05 0.00081222250473733 -0.0011582029396339 -0.0036568570134331 0.001066543405339 0.0070289554976508
0.00069154897855162 -0.00040505926196674 8.9086191219085e-05 0.0053068104305528 0.00069815189400762 -0.0010128071296347 -0.0035268919896679 -0.0004047960369923 0.0047407048157969 0.00081343628211456
-0.00057729130326424 0.00025985074556575 -4.5347930689392e-05 0.00069815189400762 0.0044278736097879 -0.0032936143874948 -0.0014543245265175 0.0031498589847942 0.00057186939245688 0.00081170046001177
0.00049781389394717 2.5591460323066e-05 0.00081222250473733 -0.0010128071296347 -0.0032936143874948 0.0042722565736456 0.0027389159606396 -0.00088742754346223 0.00022124829428073 0.001988994647328
-0.00026351170501752 0.00070540653440615 -0.0011582029396339 -0.0035268919896679 -0.0014543245265175 0.0027389159606396 0.0060609989640354 0.00047670156612121 -0.00040194850053563 -0.0013640209911097
0.00037101247245977 -0.0017924874415358 -0.0036568570134331 -0.0004047960369923 0.0031498589847942 -0.00088742754346223 0.00047670156612121 0.0086422434591132 -0.00084314934606063 -0.0029464195869876
-0.0015240049538181 -0.0027978711252493 0.001066543405339 0.0047407048157969 0.00057186939245688 0.00022124829428073 -0.00040194850053563 -0.00084314934606063 0.0091381580737221 -0.00019239513764342
0.0006508422101412 0.0045924797859314 0.0070289554976508 0.00081343628211457 0.00081170046001177 0.001988994647328 -0.0013640209911097 -0.0029464195869876 -0.00019239513764341 0.01437323898037
