0.00601553815249 0.00032675664374081 0.00029940528647797 -0.00064915120371888 0.00086162130903049 -0.0010784140793651 0.0010785698749402 -0.0014738766513243 0.0022996966437627 0.00099565417353039
0.00032675664374081 0.0069134497485294 -0.00055302851743138 0.00072577977501025 -0.0010145077020022 0.00085729051906681 -0.001615932886861 0.0017544037997628 0.0029718304271399 0.0052138748323665
0.00029940528647797 -0.00055302851743138 0.007067650975736 -0.0011608416825118 0.00090533000620911 -0.0018648482162735 0.0014948489548228 0.0019828134621614 0.0062865820800763 -0.0051145496052464
-0.00064915120371888 0.00072577977501025 -0.0011608416825118 0.0068639169944941 -0.0019625221376769 0.0013209678772064 0.00094832826516235 0.0058028112278603 -0.0034681345306742 -0.0027680692939862
0.00086162130903049 -0.0010145077020022 0.00090533000620911 -0.0019625221376769 0.0071026794957084 0.00068471025073628 0.0050594368922747 -0.0032659975204179 -0.0014106592159043 -0.0015277599285553
-0.0010784140793651 0.00085729051906681 -0.0018648482162735 0.0013209678772064 0.00068471025073628 0.011084863000971 -0.0024713515911479 -0.0013948720726728 -0.0021120204064281 0.00061033180395882
0.0010785698749402 -0.001615932886861 0.0014948489548228 0.00094832826516235 0.0050594368922747 -0.0024713515911479 0.0062560741169964 -0.00071054832665092 -0.00050682560088102 -0.0051150743004937
-0.0014738766513243 0.0017544037997628 0.0019828134621614 0.0058028112278603 -0.0032659975204179 -0.0013948720726728 -0.00071054832665092 0.0095538219310999 -0.0023462715032371 -0.00051969786921034
0.0022996966437627 0.0029718304271399 0.0062865820800763 -0.0034681345306742 -0.0014106592159043 -0.0021120204064281 -0.00050682560088102 -0.0023462715032371 0.01381645752177 -0.0035891631444651
0.0009956541735304 0.0052138748323665 -0.0051145496052464 -0.0027680692939862 -0.0015277599285553 0.00061033180395882 -0.0051150743004937 -0.00051969786921034 -0.0035891631444651 0.013865950734387
