0.0022907321039811 -0.00049458165649891 0.00079824758414214 -0.0014976524199016 0.0011073976651392 -0.002018596296279 0.0010558088701055 -0.0027043631942833 0.00013741721352293 -0.0050851626424126
-0.00049458165649891 0.0065158917668311 -0.0017927257824465 0.0011006327653803 -0.002913352290982 0.0011699011116989 -0.0040786889325672 1.9036821513638e-06 -0.0075676195415946 -0.0031284087024387
0.00079824758414214 -0.0017927257824465 0.0077990086620967 -0.0031645064872231 0.0016320539034436 -0.0043226748434446 0.00093788314646933 -0.0071484459751698 -0.0013749662430205 -0.0038783058743877
-0.0014976524199016 0.0011006327653803 -0.0031645064872231 0.0084577647969433 -0.004156443849411 0.0021866667540176 -0.0061632981334223 0.0011911847290503 -0.0027760288440168 0.01082115541431
0.0011073976651392 -0.002913352290982 0.0016320539034436 -0.004156443849411 0.0082184172994389 -0.005689649212974 0.0017610384856724 -0.0032742274482515 0.0091225630943865 -0.0042409503275466
-0.002018596296279 0.0011699011116989 -0.0043226748434446 0.0021866667540176 -0.005689649212974 0.0088155912888066 -0.0023739120654025 0.0099965204282 -0.0028864474287036 0.0046215996807307
0.0010558088701055 -0.0040786889325672 0.00093788314646933 -0.0061632981334223 0.0017610384856724 -0.0023739120654025 0.016086075628537 -0.0015372318736656 0.0042236724759985 -0.003954237274714
-0.0027043631942833 1.9036821513636e-06 -0.0071484459751698 0.0011911847290503 -0.0032742274482515 0.0099965204282 -0.0015372318736656 0.014758766813461 0.001124858784093 0.0073664303183626
0.00013741721352293 -0.0075676195415946 -0.0013749662430205 -0.0027760288440168 0.0091225630943865 -0.0028864474287036 0.0042236724759985 0.001124858784093 0.01881287902808 -0.00047543293592056
-0.0050851626424126 -0.0031284087024388 -0.0038783058743877 0.01082115541431 -0.0042409503275466 0.0046215996807307 -0.003954237274714 0.0073664303183626 -0.00047543293592056 0.027275142864262
