0.0022956595931934 -0.00042519764190155 0.0010430900102466 -0.0013283921077536 0.0014404250309143 -0.0016730729295919 0.001656545740707 -0.0018967437234248 0.0018458310245501 -0.001971027960797
-0.00042519764190155 0.0066979071523481 -0.001305786482043 0.0018619297018988 -0.0022597386635906 0.0021637626679903 -0.0027774933785288 0.0025058436670135 -0.0028760272096567 0.0030242319954608
0.0010430900102466 -0.001305786482043 0.0080140243814804 -0.002519454496 0.002839408799027 -0.0033330735308866 0.0030547488005705 -0.0035288201411212 0.0035652048318207 -0.0038487367961573
-0.0013283921077536 0.0018619297018988 -0.002519454496 0.0082443584281088 -0.003517663836565 0.0037751003489249 -0.0038302219155775 0.0040286184611835 -0.0042799873447581 0.0041262581992715
0.0014404250309143 -0.0022597386635906 0.002839408799027 -0.003517663836565 0.0081530045778811 -0.0039830476662932 0.0047353187632788 -0.0045539741916559 0.004403991244344 -0.0050832210084707
-0.0016730729295919 0.0021637626679903 -0.0033330735308866 0.0037751003489249 -0.0039830476662932 0.0082235084053977 -0.0046444578465217 0.0052522779822182 -0.0052858641818803 0.004920075611213
0.001656545740707 -0.0027774933785288 0.0030547488005705 -0.0038302219155775 0.0047353187632788 -0.0046444578465217 0.0077490751096247 -0.0053147111193826 0.0056694594064287 -0.0057933179725058
-0.0018967437234248 0.0025058436670135 -0.0035288201411212 0.0040286184611835 -0.0045539741916559 0.0052522779822182 -0.0053147111193826 0.0075366235467391 -0.0057055848510344 0.006445249617333
0.0018458310245501 -0.0028760272096567 0.0035652048318207 -0.0042799873447581 0.004403991244344 -0.0052858641818803 0.0056694594064287 -0.0057055848510344 0.0075290551305668 -0.0060427946459362
-0.001971027960797 0.0030242319954608 -0.0038487367961573 0.0041262581992715 -0.0050832210084707 0.004920075611213 -0.0057933179725058 0.006445249617333 -0.0060427946459362 0.0075588806260511
