0.0057705354694107 0.00017866289294286 0.00045251407419245 -0.00070607579030958 0.00093480767123095 -0.0011081459566312 0.0012874844205945 -0.0013844302667807 0.0014190348878249 -0.0015949688691443
0.00017866289294286 0.0063613741398218 -0.00059243189325544 0.0010229113221076 -0.00099590388675246 0.001200810824137 -0.001141793477044 0.0012350773361316 -0.0016402544833452 0.0013662590879354
0.00045251407419245 -0.00059243189325544 0.0062914757997013 -0.0011106119011085 0.0016549202223158 -0.001229078094038 0.0014885899668731 -0.0017868222605781 0.0013178153835581 -0.0019298383522405
-0.00070607579030958 0.0010229113221076 -0.0011106119011085 0.0059839211948666 -0.00134303898353 0.0020937986085683 -0.0018904849937835 0.0015269657004293 -0.002183388650142 0.0016675784039903
0.00093480767123095 -0.00099590388675246 0.0016549202223158 -0.00134303898353 0.0054694025358041 -0.0019736813567183 0.0022014458764574 -0.002309822255328 0.0018396610293221 -0.0023265470525531
-0.0011081459566312 0.001200810824137 -0.001229078094038 0.0020937986085683 -0.0019736813567183 0.0046983125493323 -0.0023341253226385 0.0025578468289684 -0.0024476187093386 0.0023019779493562
0.0012874844205945 -0.001141793477044 0.0014885899668731 -0.0018904849937835 0.0022014458764574 -0.0023341253226385 0.0042983315184957 -0.0023840807899265 0.0030683384528635 -0.002676465442944
-0.0013844302667807 0.0012350773361316 -0.0017868222605781 0.0015269657004293 -0.002309822255328 0.0025578468289684 -0.0023840807899265 0.0041859267620315 -0.002507907594338 0.0032882915955624
0.0014190348878249 -0.0016402544833452 0.0013178153835581 -0.002183388650142 0.0018396610293221 -0.0024476187093386 0.0030683384528635 -0.002507907594338 0.0038893763467241 -0.0026337448626232
-0.0015949688691443 0.0013662590879354 -0.0019298383522405 0.0016675784039903 -0.0023265470525531 0.0023019779493562 -0.002676465442944 0.0032882915955624 -0.0026337448626232 0.0035423810811261
