-0.0021474534255064 -0.0028246222511645 0.0025522658869671 -0.0026390800795634 0.0026905546331755 -0.0027757546692506 0.002850168136985 -0.002881162635067 0.0030626229827351 -0.0031260049757042
-0.0028246222511645 -0.0037859315299866 -0.0025452231258519 0.0023129987432828 -0.0026175537200705 0.0026680701955658 -0.0027096744032834 0.003089748415812 -0.0028209019304812 0.0029428139769771
0.0025522658869671 -0.0025452231258519 -0.0032549240394515 -0.0028005647077944 0.0025149807506714 -0.002910291186291 0.003347151400149 -0.0029863558481139 0.0034493232745142 -0.0035448601504982
-0.0026390800795634 0.0023129987432828 -0.0028005647077944 -0.0022325850829782 -0.0029793936822217 0.0030292279666294 -0.0030773447646233 0.0036103976757103 -0.0036088762318615 0.0037119194243547
0.0026905546331755 -0.0026175537200705 0.0025149807506714 -0.0029793936822217 -0.00075810010067799 -0.0031065537846209 0.003146212853321 -0.0036607886530138 0.0038034382909624 -0.0040563828387709
-0.0027757546692506 0.0026680701955658 -0.002910291186291 0.0030292279666294 -0.0031065537846209 0.0002671206587364 -0.0037220217036866 0.0032318042776942 -0.004093090934794 0.0041971630584968
0.002850168136985 -0.0027096744032834 0.003347151400149 -0.0030773447646233 0.003146212853321 -0.0037220217036866 0.0011543702212447 -0.0042227483265857 0.0035518995673616 -0.0042638440705897
-0.002881162635067 0.003089748415812 -0.0029863558481139 0.0036103976757103 -0.0036607886530138 0.0032318042776942 -0.0042227483265857 0.0021530614271097 -0.0044708478260646 0.0038673997255387
0.0030626229827351 -0.0028209019304812 0.0034493232745142 -0.0036088762318615 0.0038034382909624 -0.004093090934794 0.0035518995673616 -0.0044708478260646 0.0030336229449252 -0.0049363506979475
-0.0031260049757042 0.0029428139769771 -0.0035448601504982 0.0037119194243547 -0.0040563828387709 0.0041971630584968 -0.0042638440705897 0.0038673997255387 -0.0049363506979475 0.0037936023041959
