0.0072476857272808 0.0015157870019789 -0.0013182604435068 0.0010438154641024 -0.00086169122882301 0.00073431361378956 -0.00064642262933892 0.00056017565514701 -0.00040167164408649 0.00068316070045497
0.0015157870019789 0.0071431428385138 -8.6045075824096e-06 -0.00059808514694046 0.00050603179126753 -0.00045091897127777 0.00035101117428996 -0.00021984215257162 0.0010144107050847 -0.00057187235477058
-0.0013182604435068 -8.6045075824103e-06 0.006719245282003 -0.00056116937498951 -0.00044097124034587 0.00029298057067006 -0.00025441158890435 0.0011164856986636 0.00019456179321646 -0.0032916361040819
0.0010438154641024 -0.00059808514694046 -0.00056116937498952 0.0063076877539551 -0.00094751762797334 -0.00034868652336439 0.00099938340905482 0.00058251851627994 -0.0025112508823619 -0.0040720666750336
-0.00086169122882301 0.00050603179126753 -0.00044097124034587 -0.00094751762797334 0.006064266488564 -0.00033501614704665 0.00050268832952351 -0.0020684364047658 -0.0038823816112544 0.002576322562116
0.00073431361378956 -0.00045091897127777 0.00029298057067006 -0.00034868652336439 -0.00033501614704665 0.0069544922843858 -0.0030501398219249 -0.0041405860297886 0.0017461781692062 0.0023886029780991
-0.00064642262933892 0.00035101117428997 -0.00025441158890435 0.00099938340905482 0.00050268832952351 -0.0030501398219249 0.0027851953259712 0.00035567831154028 0.0010908762126313 -0.0018014729070513
0.00056017565514701 -0.00021984215257162 0.0011164856986636 0.00058251851627994 -0.0020684364047659 -0.0041405860297886 0.00035567831154028 0.0087696217800255 -0.0027667905186163 0.00011230140108588
-0.00040167164408649 0.0010144107050847 0.00019456179321646 -0.0025112508823619 -0.0038823816112544 0.0017461781692062 0.0010908762126313 -0.0027667905186163 0.0094677564985124 -0.00041962782942818
0.00068316070045497 -0.00057187235477058 -0.0032916361040819 -0.0040720666750336 0.002576322562116 0.0023886029780991 -0.0018014729070513 0.00011230140108588 -0.00041962782942818 0.0083565141749033
