0.0023734736210435 -0.00056545294394521 0.00082466997823813 -0.0013549572307793 0.0011740861017261 -0.0018015561328033 0.0012868676543839 -0.002196719389834 0.0011903065731717 -0.00278757541352
-0.00056545294394521 0.0068021764474576 -0.0018750944120631 0.0012403786868436 -0.0024634463511474 0.0014888963241607 -0.0032456055920749 0.0013974038023006 -0.0042716350845813 0.00039599420475696
0.00082466997823813 -0.0018750944120631 0.0083929370026062 -0.0033577665633548 0.0019438320870423 -0.0035714330465375 0.0019863270074517 -0.0045638014713933 0.0013514138009095 -0.0069692071187305
-0.0013549572307793 0.0012403786868436 -0.0033577665633548 0.0091717167026482 -0.0044513171592917 0.0028230628607 -0.0043262847625569 0.0026519684612082 -0.0059612134313855 0.0010219801992143
0.0011740861017261 -0.0024634463511474 0.0019438320870423 -0.0044513171592917 0.0093549127055808 -0.0053334004713405 0.0030564256051463 -0.0056343186023962 0.0018210037911334 -0.0054341418155192
-0.0018015561328033 0.0014888963241607 -0.0035714330465375 0.0028230628607 -0.0053334004713405 0.0099145925141977 -0.0063111599610143 0.0031631162507691 -0.0049116724242469 0.0091484592996029
0.0012868676543839 -0.0032456055920749 0.0019863270074517 -0.0043262847625569 0.0030564256051463 -0.0063111599610143 0.0093443680606333 -0.0057229177708118 0.0085075103155068 -0.0016706555510216
-0.002196719389834 0.0013974038023006 -0.0045638014713933 0.0026519684612082 -0.0056343186023962 0.0031631162507691 -0.0057229177708118 0.015907791454095 -0.0019135451884209 0.0052987767793146
0.0011903065731717 -0.0042716350845813 0.0013514138009095 -0.0059612134313855 0.0018210037911334 -0.0049116724242469 0.0085075103155068 -0.0019135451884209 0.012674725030621 -0.0034876579008455
-0.00278757541352 0.00039599420475696 -0.0069692071187305 0.0010219801992143 -0.0054341418155192 0.0091484592996029 -0.0016706555510216 0.0052987767793146 -0.0034876579008455 0.020752004070209
