-0.003713810585344 -0.0025139855551465 0.0022096076556881 -0.0021604871257651 0.002178552103654 -0.0022245960335604 0.0022840892405574 -0.0023497574380203 0.0024177128943001 -0.0024864246874228
-0.0025139855551465 -0.0044666251934243 -0.0014824587528913 0.0015693047436196 -0.0016545686666388 0.001732788230219 -0.0018080816819858 0.0018811761329265 -0.0019523329486742 0.002020645999517
0.0022096076556881 -0.0014824587528913 -0.0037349618231489 -0.0013828728233959 0.0016354423260355 -0.0017922188067371 0.0019096989830975 -0.0020104467482648 0.0021018862692476 -0.0021872811610481
-0.0021604871257651 0.0015693047436196 -0.0013828728233959 -0.0028074524794576 -0.0014375080062059 0.0017800081510256 -0.0019810360520659 0.002126062655733 -0.0022455592008917 0.0023513192244126
0.002178552103654 -0.0016545686666388 0.0016354423260355 -0.0014375080062059 -0.0018811436680892 -0.001582596941121 0.0019660031223895 -0.0021922841789891 0.002356000951675 -0.0024892541099558
-0.0022245960335604 0.001732788230219 -0.0017922188067371 0.0017800081510256 -0.001582596941121 -0.0010295453192386 -0.0017883645292589 0.0021811381678716 -0.0024192308247362 0.0025947520552246
0.0022840892405574 -0.0018080816819858 0.0019096989830975 -0.0019810360520659 0.0019660031223895 -0.0017883645292589 -0.0002716926479264 -0.0020343170702337 0.0024180671662858 -0.0026578149292864
-0.0023497574380203 0.0018811761329265 -0.0020104467482648 0.002126062655733 -0.0021922841789891 0.0021811381678716 -0.0020343170702337 0.00039700341598144 -0.0023045383172183 0.0026702674970398
0.0024177128943001 -0.0019523329486742 0.0021018862692476 -0.0022455592008917 0.002356000951675 -0.0024192308247362 0.0024180671662858 -0.0023045383172183 0.0009888905438587 -0.0025882016682929
-0.0024864246874228 0.002020645999517 -0.0021872811610481 0.0023513192244126 -0.0024892541099558 0.0025947520552246 -0.0026578149292864 0.0026702674970398 -0.0025882016682929 0.0015182522624636
