0.007219111736734 -0.0010599104489155 0.0018342530063262 -0.0023228181125759 0.0027002671746285 -0.0030131380149358 0.0032828496246202 -0.0035219950860656 0.0037387495545948 -0.0039379267646704
-0.0010599104489155 0.0077467895235233 -0.0020556852362247 0.0023873174941659 -0.002664808482483 0.0029124575039397 -0.0031342912948519 0.0033353656103225 -0.0035197629441462 0.0036906639283616
0.0018342530063262 -0.0020556852362247 0.0080843827911249 -0.003065051466316 0.0032328338518737 -0.0034443830856876 0.0036614144898575 -0.0038695883935987 0.0040650607777205 -0.0042498874716365
-0.0023228181125759 0.0023873174941659 -0.003065051466316 0.0081314557435231 -0.0039546222010788 0.0040196300418516 -0.0041879978972379 0.0043831490881609 -0.0045817595426889 0.004772852987203
0.0027002671746285 -0.002664808482483 0.0032328338518737 -0.0039546222010788 0.0081036849578082 -0.0047376720768155 0.0047488409811706 -0.0048904888333152 0.0050696755575777 -0.005261203334354
-0.0030131380149358 0.0029124575039397 -0.0034443830856876 0.0040196300418516 -0.0047376720768155 0.0081081242816784 -0.0054366678826613 0.0054280877546123 -0.0055559988632558 0.0057235518515514
0.0032828496246202 -0.0031342912948519 0.0036614144898575 -0.0041879978972379 0.0047488409811706 -0.0054366678826613 0.0081825441574876 -0.0060724428611185 0.0060649091683205 -0.0061892346501767
-0.0035219950860656 0.0033353656103225 -0.0038695883935987 0.0043831490881609 -0.0048904888333152 0.0054280877546123 -0.0060724428611185 0.0083320104662158 -0.0066623480751171 0.0066674013330917
0.0037387495545948 -0.0035197629441462 0.0040650607777205 -0.0045817595426889 0.0050696755575777 -0.0055559988632558 0.0060649091683205 -0.0066623480751171 0.0085488592872375 -0.0072203268690147
-0.0039379267646704 0.0036906639283616 -0.0042498874716365 0.004772852987203 -0.005261203334354 0.0057235518515514 -0.0061892346501767 0.0066674013330917 -0.0072203268690147 0.0088204288502171
