-0.0011608290047493 -0.003983335376163 0.0040301668610565 -0.0042436910165668 0.0044751971550887 -0.0047030854651667 0.0049187688964131 -0.0051253420066975 0.0053168699533584 -0.0055016293941561
-0.003983335376163 -0.0024786584086398 -0.0040233585727874 0.0043459477339726 -0.0046595981414076 0.0049367526444636 -0.0051968776084571 0.0054294908916726 -0.0056580172987554 0.0058584085270261
0.0040301668610565 -0.0040233585727874 -0.0013572147757405 -0.0047864849021127 0.005281364277065 -0.005683181236165 0.0060160711459053 -0.0063260833675769 0.0065941112482207 -0.0068642713718913
-0.0042436910165668 0.0043459477339726 -0.0047864849021127 0.00021870942343361 -0.0055750792369783 0.0061825101872411 -0.0066444753789976 0.007011953646373 -0.0073575162936737 0.0076466499990991
0.0044751971550887 -0.0046595981414076 0.005281364277065 -0.0055750792369783 0.0018921539380603 -0.0064006862706081 0.0070642744309247 -0.0075631167789434 0.0079512887229746 -0.008321707039154
-0.0047030854651667 0.0049367526444636 -0.005683181236165 0.0061825101872411 -0.0064006862706081 0.0035101792253752 -0.0072535368686775 0.0079328831870008 -0.0084521589988883 0.0088504315929766
0.0049187688964131 -0.0051968776084571 0.0060160711459053 -0.0066444753789976 0.0070642744309247 -0.0072535368686775 0.0050162239383778 -0.0081232002108073 0.0087923424764355 -0.0093200500104565
-0.0051253420066975 0.0054294908916726 -0.0063260833675769 0.007011953646373 -0.0075631167789434 0.0079328831870008 -0.0081232002108073 0.0063988243329882 -0.0090004917581949 0.0096427273206281
0.0053168699533584 -0.0056580172987554 0.0065941112482207 -0.0073575162936737 0.0079512887229746 -0.0084521589988883 0.0087923424764355 -0.0090004917581949 0.0076682386411136 -0.0098766171392172
-0.0055016293941561 0.0058584085270261 -0.0068642713718913 0.0076466499990991 -0.008321707039154 0.0088504315929766 -0.0093200500104565 0.0096427273206281 -0.0098766171392172 0.0088390982916827
