-0.0048713965358747 -0.0026819880561781 0.0035456677886103 -0.0034014261889234 0.0031589415282687 -0.003699556000438 0.0017561145119477 -0.001359671100182 0.012888464831753 -0.006572242578648
-0.0026819880561781 -0.0076132523053347 -0.0013257286496079 0.0034714746749121 -0.0039809983408398 0.00061177331767655 -0.0048264038433131 0.015129641419222 0.011776985727668 -0.0082235573960631
0.0035456677886103 -0.0013257286496079 -0.0093503451902542 -0.0014433626177376 0.001648217100214 -0.0059772020002138 0.012977679285135 0.0076382271487377 -0.0030014716399123 -0.0013138712063302
-0.0034014261889234 0.0034714746749121 -0.0014433626177376 -0.01317174321664 -0.0032928240047493 0.013104555743238 0.0058124011388028 -0.0021426031937685 -0.0017936984027309 0.010808830015363
0.0031589415282687 -0.0039809983408398 0.001648217100214 -0.0032928240047493 -0.0046683548405382 0.0079122410198358 0.00017735930779792 -0.0024006189426712 0.010226935804267 -0.011192475557383
-0.003699556000438 0.00061177331767655 -0.0059772020002138 0.013104555743238 0.0079122410198358 -0.021425273120001 -0.00045925944986341 0.014269794366317 -0.009643122731596 0.006788578349666
0.0017561145119477 -0.0048264038433131 0.012977679285135 0.0058124011388028 0.00017735930779792 -0.00045925944986341 -0.014015039603227 -0.0096712220506185 0.012183523884212 -0.014145605913514
-0.001359671100182 0.015129641419222 0.0076382271487377 -0.0021426031937685 -0.0024006189426712 0.014269794366317 -0.0096712220506185 -0.026554253470802 -0.016549818540959 0.016097997728892
0.012888464831753 0.011776985727668 -0.0030014716399123 -0.0017936984027309 0.010226935804267 -0.009643122731596 0.012183523884212 -0.016549818540959 -0.038983899605472 0.024522874753578
-0.006572242578648 -0.0082235573960631 -0.0013138712063302 0.010808830015363 -0.011192475557383 0.006788578349666 -0.014145605913514 0.016097997728892 0.024522874753578 -0.021511353275616
