0.0028149191096407 -0.00089095199647158 0.00030279548741362 -0.0013155132962517 0.00058125083592974 -0.0022461213858655 -0.0002998366246414 -0.0054878033246865 0.000100635986816 0.0089973564159816
-0.00089095199647157 0.0082361037552548 -0.00307256966383 -0.00018191512089627 -0.0027886786556161 -0.00073239959701517 -0.0078571704196031 -0.0048083787552471 0.0024659947436543 0.017034882207093
0.00030279548741362 -0.00307256966383 0.011468200583254 -0.0051881741707692 -0.00063574043177187 -0.0070888551973638 -0.0036969244152427 0.0021450537939397 0.011573969987847 -0.011900144480599
-0.0013155132962517 -0.00018191512089627 -0.0051881741707692 0.013897462478529 -0.0091197944130091 -0.0023821461721031 0.0036398420068925 0.013321488387589 -0.012461667854445 -0.0025123779087736
0.00058125083592974 -0.0027886786556161 -0.00063574043177187 -0.0091197944130091 0.013459911613622 0.00054949022972098 0.010822054515946 -0.011000606984498 0.0013600585164768 -0.0015978654062883
-0.0022461213858655 -0.00073239959701517 -0.0070888551973638 -0.0023821461721031 0.00054949022972098 0.031759040508977 -0.010637036438049 0.0039553110976135 -0.0023585495385894 -0.013416829508902
-0.0002998366246414 -0.0078571704196031 -0.0036969244152427 0.0036398420068925 0.010822054515946 -0.010637036438049 0.028172079819002 0.0006027945510797 -0.011976730022691 -0.013171967763825
-0.0054878033246865 -0.0048083787552471 0.0021450537939397 0.013321488387589 -0.011000606984498 0.0039553110976135 0.0006027945510797 0.029863470693246 -0.0097077725508435 -0.03158401420356
0.000100635986816 0.0024659947436543 0.011573969987847 -0.012461667854445 0.0013600585164768 -0.0023585495385894 -0.011976730022691 -0.0097077725508435 0.024637352496257 -0.0078581631171957
0.0089973564159816 0.017034882207093 -0.011900144480599 -0.0025123779087736 -0.0015978654062883 -0.013416829508902 -0.013171967763825 -0.03158401420356 -0.0078581631171957 0.092151327764522
