0 0.00085961874354902
0.4 0.00085961241411799
0.8 0.0008595990462892
1.2 0.00085957081400536
1.6 0.0008595111918355
2 0.00085938529344196
2.4 0.00085911950971398
2.8 0.00085855869859104
3.2 0.00085737663501313
3.6 0.00085489071244609
4 0.00084968738355896
4.4 0.00083890316536826
4.8 0.00081700241517993
5.2 0.00077430837358246
5.6 0.00069734281689557
6 0.00057634647162171
6.4 0.0004217792798845
6.8 0.00026926293072124
7.2 0.00015266713812599
7.6 7.9740041601164e-05
8 3.96933213705e-05
8.4 1.9261964064275e-05
8.8 9.2288746743862e-06
9.2 4.3944500126336e-06
9.6 2.0862623293682e-06
10 9.8904962460739e-07
10.4 4.6857067392404e-07
10.8 2.2191855291018e-07
11.2 1.0508639495445e-07
11.6 4.9758616174942e-08
