0 0.002685678654886
0.4 0.0026834475421435
0.8 0.002679093144475
1.2 0.002670614644723
1.6 0.0026541809756476
2 0.0026226069953897
2.4 0.0025629566626638
2.8 0.0024537659748125
3.2 0.0022649752689864
3.6 0.0019686380791539
4 0.0015674197131097
4.4 0.0011205955697825
4.8 0.0007193772037383
5.2 0.00042304001390582
5.6 0.00023424930807973
6 0.0001250586202284
6.4 6.5408287502569e-05
6.8 3.3834307244598e-05
7.2 1.7400638169182e-05
7.6 8.9221384172612e-06
8 4.5677407486901e-06
8.4 2.336628006198e-06
8.8 1.1948169398235e-06
9.2 6.1083364300095e-07
9.6 3.1224708459858e-07
10 1.5960638065352e-07
10.4 8.1581192555513e-08
10.8 4.1698812445327e-08
11.2 2.1313470574321e-08
11.6 1.0893891626207e-08
