0 1
0.73333333333333 1
1.4666666666667 1
2.2 1
2.9333333333333 1
3.6666666666667 1
4.4 1
5.1333333333333 1
5.8666666666667 1
6.6 1
7.3333333333333 1
8.0666666666667 1
8.8 1
9.5333333333333 1
10.266666666667 0.99999994040261
11 0.99865354571505
11.733333333333 0.91931115927937
12.466666666667 0.60459575974839
13.2 0.28358483735079
13.933333333333 0.11085593297311
14.666666666667 0.039912159606063
15.4 0.013834793814085
16.133333333333 0.0047004904905001
16.866666666667 0.0015768962339652
17.6 0.00052406032508245
18.333333333333 0.00017283514732658
19.066666666667 5.6627025767031e-05
19.8 1.8445844424009e-05
20.533333333333 5.9775748899593e-06
21.266666666667 1.9280765944929e-06
