0 517.73144104841
0.66666666666667 514.18248411094
1.3333333333333 503.91075883457
2 487.88956949043
2.6666666666667 467.35626188588
3.3333333333333 443.54589040776
4 417.56579658292
4.6666666666667 390.36776540629
5.3333333333333 362.72228500896
6 334.71632341743
6.6666666666667 299.94285987184
7.3333333333333 233.50660390713
8 149.45141215653
8.6666666666667 92.186076717898
9.3333333333333 59.984020237739
10 40.117510840302
10.666666666667 26.377134992473
11.333333333333 16.521834571129
12 9.6568068582746
12.666666666667 5.1975430367306
13.333333333333 2.5623915475224
14 1.1614843606765
14.666666666667 0.48958108883987
15.333333333333 0.19473987621038
16 0.074119438102047
16.666666666667 0.027304437338707
17.333333333333 0.0098285780136933
18 0.0034904698881492
18.666666666667 0.0012403065752708
19.333333333333 0.00045327245737688
