0 414.15420182345
0.66666666666667 411.78822379397
1.3333333333333 404.9403833159
2 394.25953624762
2.6666666666667 380.57053982852
3.3333333333333 364.69663496114
4 347.37554050854
4.6666666666667 329.23907164827
5.3333333333333 310.77944380797
6 291.80086322797
6.6666666666667 265.17685538381
7.3333333333333 203.97376699014
8 123.07802846758
8.6666666666667 69.994314472351
9.3333333333333 42.749469524004
10 27.601338216395
10.666666666667 17.846680911903
11.333333333333 11.094227865351
12 6.462039032027
12.666666666667 3.4723467198616
13.333333333333 1.7104738251959
14 0.7749922565473
14.666666666667 0.3266032670108
15.333333333333 0.12991856263818
16 0.049467245841309
16.666666666667 0.018242198630678
17.333333333333 0.0065837692982932
18 0.0023533548024548
18.666666666667 0.00084963319295032
19.333333333333 0.00032215206721218
