0 1760.6583117479
0.66666666666667 1742.9136079147
1.3333333333333 1691.5552650587
2 1611.4499684042
2.6666666666667 1508.7849265743
3.3333333333333 1389.7369557672
4 1259.8488694754
4.6666666666667 1123.9120905026
5.3333333333333 986.03637942077
6 849.7018456909
6.6666666666667 717.13491372822
7.3333333333333 587.90064691105
8 465.9320164239
8.6666666666667 358.48722366446
9.3333333333333 266.79862880256
10 190.31158232718
10.666666666667 128.74258395932
11.333333333333 81.653115040465
12 47.994020773246
12.666666666667 25.899898839159
13.333333333333 12.78540421544
14 5.7993896102266
14.666666666667 2.4453149507887
15.333333333333 0.97259563907679
16 0.3699457452309
16.666666666667 0.13605130183506
17.333333333333 0.048766282598494
18 0.017135850916482
18.666666666667 0.0059283871631162
19.333333333333 0.0020267171393533
