0 448.67994823177
0.66666666666667 445.91964389963
1.3333333333333 437.93050848879
2 425.46954732856
2.6666666666667 409.49911384764
3.3333333333333 390.97972011001
4 370.77229253333
4.6666666666667 349.61530290094
5.3333333333333 328.0937242083
6 306.10601662445
6.6666666666667 276.76552354648
7.3333333333333 213.81804596247
8 131.8691563639
8.6666666666667 77.3915685542
9.3333333333333 48.494319761916
10 31.773395757698
10.666666666667 20.690165605426
11.333333333333 12.90343010061
12 7.5269616407762
12.666666666667 4.0474121588179
13.333333333333 1.9944463993047
14 0.90382295792369
14.666666666667 0.38092920762049
15.333333333333 0.15152566716225
16 0.057684643261555
16.666666666667 0.021262944866688
17.333333333333 0.0076653722034266
18 0.002732393164353
18.666666666667 0.0009798576537238
19.333333333333 0.00036585886393375
