0 224.26259657769
0.66666666666667 224.06541321284
1.3333333333333 223.49469486499
2 222.60447530245
2.6666666666667 221.46338272335
3.3333333333333 220.13966664233
4 218.69340437219
4.6666666666667 217.16979975855
5.3333333333333 215.55090160617
6 213.1225195473
6.6666666666667 201.43918048908
7.3333333333333 149.83023264232
8 74.726825037844
8.6666666666667 29.309417022182
9.3333333333333 11.15279321549
10 4.655021739234
10.666666666667 2.2075150975236
11.333333333333 1.1436155714246
12 0.60496468390635
12.666666666667 0.30948680560174
13.333333333333 0.14862466759734
14 0.066423398977134
14.666666666667 0.027810593657507
15.333333333333 0.011079487755812
16 0.0042715600299576
16.666666666667 0.0016280943326244
17.333333333333 0.00063495332005982
18 0.00026864381201505
18.666666666667 0.00013339865869616
19.333333333333 8.1764685243556e-05
