0 1588.0295797063
0.66666666666667 1572.2565073864
1.3333333333333 1526.6046391942
2 1455.3999129995
2.6666666666667 1364.1420564787
3.3333333333333 1258.3215300228
4 1142.8651093514
4.6666666666667 1022.0309342392
5.3333333333333 899.46497741913
6 778.17607870847
6.6666666666667 659.19157291484
7.3333333333333 538.67925204939
8 421.97637694232
8.6666666666667 321.50095325522
9.3333333333333 238.074377613
10 169.45129462067
10.666666666667 114.5251604917
11.333333333333 72.607103864168
12 42.6694077295
12.666666666667 23.024571644377
13.333333333333 11.365541344896
14 5.1552361033447
14.666666666667 2.1736852477402
15.333333333333 0.86456011645645
16 0.32885875812967
16.666666666667 0.12094757065501
17.333333333333 0.043358268072827
18 0.015240659106992
18.666666666667 0.0052772648592488
19.333333333333 0.0018081831557455
