0 258.78834298601
0.66666666666667 258.1968333185
1.3333333333333 256.48482003788
2 253.81448638339
2.6666666666667 250.39195674247
3.3333333333333 246.4227517912
4 242.09015639698
4.6666666666667 237.54603101122
5.3333333333333 232.8651820065
6 227.42767294379
6.6666666666667 213.02784865176
7.3333333333333 159.67451161465
8 83.51795293416
8.6666666666667 36.706671104031
9.3333333333333 16.897643453402
10 8.827079280536
10.666666666667 5.0509997910471
11.333333333333 2.9528178066839
12 1.6698872926556
12.666666666667 0.88455224455807
13.333333333333 0.43259724170617
14 0.19525410035353
14.666666666667 0.082136534267197
15.333333333333 0.032686592279879
16 0.012488957450203
16.666666666667 0.0046488405686341
17.333333333333 0.0017165562251932
18 0.00064768217391319
18.666666666667 0.00026362311946964
19.333333333333 0.00012547148196512
