0 587.54231614426
0.66666666666667 582.42791838762
1.3333333333333 567.65419937725
2 544.68222024183
2.6666666666667 515.3541487179
3.3333333333333 481.48641791217
4 444.67742407516
4.6666666666667 406.21117685269
5.3333333333333 366.68439085108
6 323.55052716485
6.6666666666667 264.81550889184
7.3333333333333 190.19117624564
8 129.78801728173
8.6666666666667 90.208358730156
9.3333333333333 62.830559306931
10 42.468626881236
10.666666666667 27.200325418947
11.333333333333 16.218740682176
12 8.8848591395135
12.666666666667 4.4403160766031
13.333333333333 2.0280518676234
14 0.85543648064478
14.666666666667 0.33832343946467
15.333333333333 0.12737643033559
16 0.046230425251639
16.666666666667 0.016336054605523
17.333333333333 0.0056688016520363
18 0.0019518493232877
18.666666666667 0.00067912367011655
19.333333333333 0.00024822297658854
