0 206.99972337353
0.66666666666667 206.99970316001
1.3333333333333 206.99963227854
2 206.99946976198
2.6666666666667 206.99909571379
3.3333333333333 206.99812406789
4 206.9950283598
4.6666666666667 206.98168413221
5.3333333333333 206.893761406
6 205.96994284906
6.6666666666667 195.64484640774
7.3333333333333 144.90809315615
8 70.331261089686
8.6666666666667 25.610789981257
9.3333333333333 8.2803680965343
10 2.5689929685829
10.666666666667 0.7857727507618
11.333333333333 0.23901445379494
12 0.072503379531749
12.666666666667 0.021954086123567
13.333333333333 0.0066383805429289
14 0.0020080482889372
14.666666666667 0.00064762335266255
15.333333333333 0.00027593549377851
16 0.00016286131983473
16.666666666667 0.0001177212146195
17.333333333333 9.4151867493152e-05
18 7.9124631065982e-05
18.666666666667 6.8286428309413e-05
19.333333333333 5.9911286882772e-05
