0 362.36558221097
0.66666666666667 360.59109363548
1.3333333333333 355.45519555656
2 347.44451962621
2.6666666666667 337.17767879983
3.3333333333333 325.27200723783
4 312.28041247136
4.6666666666667 298.67472476925
5.3333333333333 284.80802320748
6 270.34313313324
6.6666666666667 247.79385313979
7.3333333333333 189.20734853164
8 109.89133662311
8.6666666666667 58.898433349577
9.3333333333333 34.132194167137
10 21.343251904442
10.666666666667 13.581453871618
11.333333333333 8.3804245124619
12 4.8646551189032
12.666666666667 2.6097485614271
13.333333333333 1.2845149640327
14 0.58174620448271
14.666666666667 0.24511435609627
15.333333333333 0.09750790585208
16 0.037141149710941
16.666666666667 0.013711079276663
17.333333333333 0.0049613649405932
18 0.0017847972596076
18.666666666667 0.00065429650179009
19.333333333333 0.00025659187212983
