0 276.05121619017
0.66666666666667 275.26254337133
1.3333333333333 272.97988262433
2 269.41949192386
2.6666666666667 264.85624375203
3.3333333333333 259.56429436564
4 253.78853240938
4.6666666666667 247.73414663756
5.3333333333333 241.52232220666
6 234.58024964203
6.6666666666667 218.8221827331
7.3333333333333 164.59665110082
8 87.913516882318
8.6666666666667 40.405298144955
9.3333333333333 19.770068572358
10 10.913108051187
10.666666666667 6.4727421378088
11.333333333333 3.8574189243136
12 2.2023485970302
12.666666666667 1.1720849640362
13.333333333333 0.57458352876059
14 0.25966945104172
14.666666666667 0.10929950457204
15.333333333333 0.043490144541912
16 0.016597656160326
16.666666666667 0.006159213686639
17.333333333333 0.0022573576777598
18 0.00083720135486226
18.666666666667 0.00032873534985638
19.333333333333 0.00014732488032591
