0 465.94282143593
0.66666666666667 462.98535395245
1.3333333333333 454.42557107523
2 441.07455286903
2.6666666666667 423.9634008572
3.3333333333333 404.12126268445
4 382.47066854573
4.6666666666667 359.80341852728
5.3333333333333 336.75086440846
6 313.2585933227
6.6666666666667 282.55985762782
7.3333333333333 218.74018544864
8 136.26472031206
8.6666666666667 81.090195595124
9.3333333333333 51.366744880872
10 33.859424528349
10.666666666667 22.111907952188
11.333333333333 13.80803121824
12 8.0594229451508
12.666666666667 4.3349448782961
13.333333333333 2.1364326863591
14 0.96823830861189
14.666666666667 0.40809217792534
15.333333333333 0.16232921942428
16 0.061793341971678
16.666666666667 0.022773317984693
17.333333333333 0.0082061736559932
18 0.002921912345302
18.666666666667 0.0010449698841105
19.333333333333 0.00038771226229453
