0 1070.1433835815
0.66666666666667 1060.2852058015
1.3333333333333 1031.7527616009
2 987.24974678545
2.6666666666667 930.21344619183
3.3333333333333 864.07525278974
4 791.91382897957
4.6666666666667 716.3874654491
5.3333333333333 639.75077141421
6 563.59877776119
6.6666666666667 485.36155047468
7.3333333333333 391.01506746443
8 290.10945849758
8.6666666666667 210.54214202748
9.3333333333333 151.90162404433
10 106.87043150114
10.666666666667 71.87289008885
11.333333333333 45.469070335278
12 26.695568598262
12.666666666667 14.398590060032
13.333333333333 7.1059527332636
14 3.2227755826988
14.666666666667 1.3587961385949
15.333333333333 0.54045354859545
16 0.20559779682598
16.666666666667 0.075636377114864
17.333333333333 0.027134224495827
18 0.0095550836785195
18.666666666667 0.0033238979476465
19.333333333333 0.001152581204922
