0 685.18657707083
0.66666666666667 678.79401207124
1.3333333333333 660.32831351593
2 631.61638025935
2.6666666666667 594.96239035103
3.3333333333333 552.6408245762
4 506.66201978624
4.6666666666667 458.67959841544
5.3333333333333 409.69063642296
6 358.00304263894
6.6666666666667 293.99256065557
7.3333333333333 217.73686675774
8 154.59524185302
8.6666666666667 110.28527707911
9.3333333333333 77.782023915542
10 52.859289544447
10.666666666667 33.933058120007
11.333333333333 20.253466848538
12 11.10017126415
12.666666666667 5.5486521820592
13.333333333333 2.5345476418446
14 1.0691239956603
14.666666666667 0.42282625223799
15.333333333333 0.159172506396
16 0.057752755465356
16.666666666667 0.020391771138939
17.333333333333 0.0070622686122009
18 0.0024193996055628
18.666666666667 0.00083106033688961
19.333333333333 0.00029449152953967
