0 500.46856784425
0.66666666666667 497.11677405811
1.3333333333333 487.41569624813
2 472.28456394996
2.6666666666667 452.89197487632
3.3333333333333 430.40434783332
4 405.86742057052
4.6666666666667 380.17964977995
5.3333333333333 354.06514480879
6 327.56374671918
6.6666666666667 294.1485257905
7.3333333333333 228.58446442097
8 145.05584820837
8.6666666666667 88.487449676973
9.3333333333333 57.111595118783
10 38.031482069651
10.666666666667 24.955392645712
11.333333333333 15.617233453499
12 9.1243455539
12.666666666667 4.9100103172524
13.333333333333 2.420405260468
14 1.0970690099883
14.666666666667 0.46241811853502
15.333333333333 0.18393632394835
16 0.070010739391924
16.666666666667 0.025794064220702
17.333333333333 0.0092877765611266
18 0.0033009507072002
18.666666666667 0.001175194344884
19.333333333333 0.0004314190590161
