0 489.89805521768
0.66666666666667 486.061824704
1.3333333333333 474.98008523857
2 457.7480602243
2.6666666666667 435.74590708477
3.3333333333333 410.33201124815
4 382.69282836409
4.6666666666667 353.74275528994
5.3333333333333 323.67814527919
6 289.09801169077
6.6666666666667 235.63845712811
7.3333333333333 162.64548573354
8 104.98079271043
8.6666666666667 70.131440381204
9.3333333333333 47.87909469832
10 32.077964218025
10.666666666667 20.467592717888
11.333333333333 12.184014515813
12 6.6695470148772
12.666666666667 3.3319799711469
13.333333333333 1.5215560934021
14 0.64174896562925
14.666666666667 0.25382062669134
15.333333333333 0.095580354275193
16 0.034708095037923
16.666666666667 0.012280338072107
17.333333333333 0.0042753346918716
18 0.0014842990410125
18.666666666667 0.00052718700334348
19.333333333333 0.00020195442363741
