0 293.31408939433
0.66666666666667 292.32825342416
1.3333333333333 289.47494521077
2 285.02449746433
2.6666666666667 279.32053076159
3.3333333333333 272.70583694008
4 265.48690842178
4.6666666666667 257.9222622639
5.3333333333333 250.17946240682
6 241.73282634027
6.6666666666667 224.61651681444
7.3333333333333 169.51879058698
8 92.309080830476
8.6666666666667 44.10392518588
9.3333333333333 22.642493691313
10 12.999136821838
10.666666666667 7.8944844845706
11.333333333333 4.7620200419433
12 2.7348099014048
12.666666666667 1.4596176835144
13.333333333333 0.716569815815
14 0.32408480172992
14.666666666667 0.13646247487689
15.333333333333 0.054293696803946
16 0.020706354870449
16.666666666667 0.0076695868046439
17.333333333333 0.0027981591303265
18 0.0010267205358113
18.666666666667 0.00039384758024312
19.333333333333 0.00016917827868669
