0 241.52546978185
0.66666666666667 241.13112326567
1.3333333333333 239.98975745143
2 238.20948084292
2.6666666666667 235.92766973291
3.3333333333333 233.28120921677
4 230.39178038459
4.6666666666667 227.35791538489
5.3333333333333 224.20804180633
6 220.27509624554
6.6666666666667 207.23351457042
7.3333333333333 154.75237212849
8 79.122388986002
8.6666666666667 33.008044063106
9.3333333333333 14.025218334446
10 6.741050509885
10.666666666667 3.6292574442853
11.333333333333 2.0482166890543
12 1.137425988281
12.666666666667 0.5970195250799
13.333333333333 0.29061095465176
14 0.13083874966533
14.666666666667 0.054973563962352
15.333333333333 0.021883040017845
16 0.0083802587400805
16.666666666667 0.0031384674506293
17.333333333333 0.0011757547726265
18 0.00045816299296412
18.666666666667 0.0001985108890829
19.333333333333 0.00010361808360434
