0 1075.7636207771
0.66666666666667 1064.2583868057
1.3333333333333 1031.0247700706
2 979.35302032946
2.6666666666667 913.39535688356
3.3333333333333 837.25845123229
4 754.60040263054
4.6666666666667 668.55328466644
5.3333333333333 581.71561871049
6 495.81310453527
6.6666666666667 410.70076771049
7.3333333333333 327.91962880612
8 253.82414013822
8.6666666666667 190.59295047491
9.3333333333333 137.58788234999
10 94.421940197291
10.666666666667 60.863988924246
11.333333333333 36.392371513987
12 19.961419762695
12.666666666667 9.9819966038838
13.333333333333 4.5605307387295
14 1.9238740557225
14.666666666667 0.76083750333127
15.333333333333 0.2863568106376
16 0.10384207632022
16.666666666667 0.036614637272603
17.333333333333 0.012636136452859
18 0.0042896007346635
18.666666666667 0.0014388070039819
19.333333333333 0.0004795657413442
