0 379.62845541513
0.66666666666667 377.65680368831
1.3333333333333 371.950258143
2 363.04952516668
2.6666666666667 351.6419658094
3.3333333333333 338.41354981226
4 323.97878848375
4.6666666666667 308.86284039559
5.3333333333333 293.46516340764
6 277.49570983148
6.6666666666667 253.58818722113
7.3333333333333 194.12948801781
8 114.28690057127
8.6666666666667 62.597060390502
9.3333333333333 37.004619286092
10 23.429280675093
10.666666666667 15.003196218379
11.333333333333 9.2850256300916
12 5.3971164232778
12.666666666667 2.8972812809053
13.333333333333 1.4265012510871
14 0.6461615551709
14.666666666667 0.27227732640111
15.333333333333 0.10831145811411
16 0.041249848421064
16.666666666667 0.015221452394668
17.333333333333 0.0055021663931599
18 0.0019743164405567
18.666666666667 0.00071940873217683
19.333333333333 0.00027844527049061
