0 327.83983580265
0.66666666666667 326.45967352982
1.3333333333333 322.46507038367
2 316.23450854527
2.6666666666667 308.24910478071
3.3333333333333 298.98892208895
4 288.88366044657
4.6666666666667 278.29849351658
5.3333333333333 267.49374280715
6 256.03797973676
6.6666666666667 236.20518497711
7.3333333333333 179.36306955931
8 101.10020872679
8.6666666666667 51.501179267729
9.3333333333333 28.387343929225
10 17.17119436314
10.666666666667 10.737969178094
11.333333333333 6.5712222772026
12 3.799732510154
12.666666666667 2.0346831224707
13.333333333333 1.0005423899238
14 0.45291550310631
14.666666666667 0.19078841548658
15.333333333333 0.075900801328013
16 0.028923752290695
16.666666666667 0.010690333040654
17.333333333333 0.0038797620354599
18 0.0014057588977095
18.666666666667 0.00052407204101661
19.333333333333 0.00021288507540826
