0 345.10270900681
0.66666666666667 343.52538358265
1.3333333333333 338.96013297011
2 331.83951408574
2.6666666666667 322.71339179027
3.3333333333333 312.13046466339
4 300.58203645896
4.6666666666667 288.48660914291
5.3333333333333 276.15088300732
6 263.190556435
6.6666666666667 241.99951905845
7.3333333333333 184.28520904548
8 105.49577267495
8.6666666666667 55.199806308653
9.3333333333333 31.259769048181
10 19.257223133791
10.666666666667 12.159711524856
11.333333333333 7.4758233948323
12 4.3321938145286
12.666666666667 2.3222158419489
13.333333333333 1.1425286769782
14 0.51733085379451
14.666666666667 0.21795138579142
15.333333333333 0.086704353590046
16 0.033032451000818
16.666666666667 0.012200706158659
17.333333333333 0.0044205634880265
18 0.0015952780786585
18.666666666667 0.00058918427140335
19.333333333333 0.00023473847376904
