0 552.25718745673
0.66666666666667 548.3139042166
1.3333333333333 536.90088400747
2 519.09958057137
2.6666666666667 496.284835905
3.3333333333333 469.82897555663
4 440.96254860771
4.6666666666667 410.74399665897
5.3333333333333 380.03656540928
6 349.02147681391
6.6666666666667 311.53152803452
7.3333333333333 243.35088287946
8 158.24254005285
8.6666666666667 99.583330799747
9.3333333333333 65.728870475651
10 44.289568381604
10.666666666667 29.220619685997
11.333333333333 18.331036806388
12 10.721729467024
12.666666666667 5.7726084756869
13.333333333333 2.8463641216312
14 1.2903150620529
14.666666666667 0.54390702944956
15.333333333333 0.21634698073445
16 0.082336835522293
16.666666666667 0.030325183574717
17.333333333333 0.010910180918827
18 0.0038695082500474
18.666666666667 0.0013705310360443
19.333333333333 0.00049697925409845
