0 782.8308453023
0.66666666666667 775.16011357177
1.3333333333333 753.00257176197
2 718.55054701566
2.6666666666667 674.56913923815
3.3333333333333 623.79533994222
4 568.64661727082
4.6666666666667 511.14800878942
5.3333333333333 452.6968980404
6 392.45556529352
6.6666666666667 323.16970525691
7.3333333333333 245.28255954567
8 179.40246961382
8.6666666666667 130.3622686493
9.3333333333333 92.733490205504
10 63.249953642898
10.666666666667 40.665800373782
11.333333333333 24.288204102739
12 13.315486639362
12.666666666667 6.6569882957098
13.333333333333 3.0410433819723
14 1.2828114915345
14.666666666667 0.50732903039836
15.333333333333 0.190968539075
16 0.069275070073909
16.666666666667 0.024447475519809
17.333333333333 0.0084557317659484
18 0.0028869493709124
18.666666666667 0.00098299691158201
19.333333333333 0.0003407600384139
