0 1242.7721156231
0.66666666666667 1230.9423063298
1.3333333333333 1196.7033874653
2 1143.2998021901
2.6666666666667 1074.8563162874
3.3333333333333 995.49067853411
4 908.89758910352
4.6666666666667 818.26862171248
5.3333333333333 726.32217341585
6 635.12454474362
6.6666666666667 543.30489128806
7.3333333333333 440.23646232608
8 334.06509797916
8.6666666666667 247.52841243673
9.3333333333333 180.62587523388
10 127.73071920765
10.666666666667 86.090313556467
11.333333333333 54.515081511575
12 32.020181642008
12.666666666667 17.273917254814
13.333333333333 8.5258156038078
14 3.8669290895807
14.666666666667 1.6304258416434
15.333333333333 0.64848907121579
16 0.24668478392721
16.666666666667 0.090740108294912
17.333333333333 0.032542239021494
18 0.01145027548801
18.666666666667 0.0039750202515139
19.333333333333 0.0013711151885298
