0 310.57696259849
0.66666666666667 309.39396347699
1.3333333333333 305.97000779722
2 300.6295030048
2.6666666666667 293.78481777115
3.3333333333333 285.84737951451
4 277.18528443417
4.6666666666667 268.11037789024
5.3333333333333 258.83660260699
6 248.88540303851
6.6666666666667 230.41085089577
7.3333333333333 174.44093007315
8 96.704644778634
8.6666666666667 47.802552226804
9.3333333333333 25.514918810269
10 15.085165592489
10.666666666667 9.3162268313324
11.333333333333 5.6666211595729
12 3.2672712057794
12.666666666667 1.7471504029926
13.333333333333 0.85855610286941
14 0.38850015241812
14.666666666667 0.16362544518173
15.333333333333 0.065097249065979
16 0.024815053580572
16.666666666667 0.0091799599226488
17.333333333333 0.0033389605828932
18 0.0012162397167604
18.666666666667 0.00045895981062987
19.333333333333 0.00019103167704748
