0 1933.2870437895
0.66666666666667 1913.570708443
1.3333333333333 1856.5058909232
2 1767.5000238089
2.6666666666667 1653.4277966699
3.3333333333333 1521.1523815116
4 1376.8326295993
4.6666666666667 1225.793246766
5.3333333333333 1072.6077814224
6 921.22761267332
6.6666666666667 775.07825454161
7.3333333333333 637.1220417727
8 509.88765590548
8.6666666666667 395.47349407371
9.3333333333333 295.52287999212
10 211.17187003369
10.666666666667 142.96000742694
11.333333333333 90.699126216762
12 53.318633816992
12.666666666667 28.77522603394
13.333333333333 14.205267085984
14 6.4435431171086
14.666666666667 2.7169446538371
15.333333333333 1.0806311616971
16 0.41103273233212
16.666666666667 0.15115503301511
17.333333333333 0.05417429712416
18 0.019031042725973
18.666666666667 0.0065795094669836
19.333333333333 0.0022452511229612
