0 0.00077110663548948
0.4 0.00077110211582408
0.8 0.00077109271290068
1.2 0.00077107315100043
1.6 0.00077103245595323
2 0.00077094780430729
2.4 0.00077077174743183
2.8 0.00077040572140375
3.2 0.00076964532286781
3.6 0.00076806812576438
4 0.00076480741795611
4.4 0.00075811150676413
4.8 0.00074454975551124
5.2 0.00071783378021421
5.6 0.0006679685553294
6 0.00058362155040948
6.4 0.00046219728318221
6.8 0.00032257172471779
7.2 0.00019807962435569
7.6 0.00010986514370673
8 5.702715742524e-05
8.4 2.850534606692e-05
8.8 1.3969493745845e-05
9.2 6.7783125629484e-06
9.6 3.2729872362891e-06
10 1.5766607346072e-06
10.4 7.5863907865631e-07
10.8 3.6483182102047e-07
11.2 1.7540217756039e-07
11.6 8.4318298231968e-08
