-0.0028832265099158 -0.0011264307931958 0.00087089031867646 -0.000762575309991 0.00071923013875116 -0.00068351436545054 0.00068124075899987 -0.00067137003140546 0.00068267578089487 -0.00067488332318034
-0.0011317253568546 -0.0040810429407117 -0.0008573095653966 0.00081496316472431 -0.00077642195488229 0.00078615105795246 -0.00075567438107863 0.00078693623206228 -0.00075995422767927 0.0008086605284065
0.00087878271292918 -0.00086044199256107 -0.0041889908377192 -0.00074089750300555 0.00077649795394256 -0.00077433959408953 0.00082436783165342 -0.00078614935602303 0.00085334327964323 -0.00080130270832498
-0.00077426381269095 0.00081662151765575 -0.00074474538007792 -0.0038770928580003 -0.00063405916151819 0.00075689950767178 -0.00077175984831669 0.00086001639643746 -0.0008112518966357 0.00091473380721089
0.00073057403022221 -0.00078672013133086 0.00077402164422792 -0.00063964518899991 -0.0033606826706866 -0.00056532137055402 0.00075264151350843 -0.0007759778180863 0.00089755271284913 -0.00083658698356684
-0.00070097221731238 0.0007854746877803 -0.00078930883236402 0.00074992741925518 -0.00057305673322487 -0.0027954207905823 -0.0005323972541708 0.00076437774765168 -0.0007891405114877 0.00093733971665985
0.00069451861413503 -0.00077540450325502 0.00081414495647051 -0.00079318782195092 0.00074105776388689 -0.00054213000229649 -0.002243988938941 -0.00052948243398727 0.00078995835274731 -0.00081122357817098
-0.00069477086698901 0.00078107851803028 -0.00081632309359853 0.00083991051010703 -0.00080421283061362 0.00074857985561382 -0.00054131342315075 -0.0017383903355863 -0.00055012357709231 0.00082583587826041
0.00069681202837672 -0.00079123853795201 0.00083123597362657 -0.00085359686512843 0.00086796504056073 -0.00082333873381366 0.00077036966237382 -0.00056329487241005 -0.0012878335407934 -0.00058680741063614
-0.00070451303546806 0.0007951577807707 -0.00085017670191406 0.00087655516694339 -0.00089071181470362 0.00089954574047681 -0.00085096905864585 0.00080312923110256 -0.0006017405722986 -0.00089175199149846
