0.0050643173744623 0.00099023320080534 -0.00066131557120892 0.00051372987925928 -0.00042139795597105 0.00035731747569245 -0.00031337843509851 0.00027944842903069 -0.00025265771421804 0.00023124218913793
0.00098996812995877 0.0047672544015641 0.00030048900762318 -0.00024819634930456 0.00021612372571692 -0.0001955777823024 0.00017353355521336 -0.00016102384273635 0.0001503781961735 -0.00014098745197215
-0.00066107454682564 0.00030052333298591 0.0043542664568252 5.5469458790818e-05 -0.00011228874316578 0.00012266759885242 -0.00012623273310102 0.00011881935296008 -0.00011689073906808 0.00011434031466727
0.00051352654104645 -0.00024827972397763 5.5518727934798e-05 0.00384854603814 -9.8830268144792e-05 -1.5318698260901e-05 5.6594645464816e-05 -7.6089991501535e-05 7.944055515767e-05 -8.4684558806026e-05
-0.0004212356672755 0.00021626026564439 -0.00011239006254542 -9.8778384898526e-05 0.0033424931123786 -0.00019837011435882 5.4575980926735e-05 7.5364109844961e-06 -3.7146455328539e-05 4.9083993326749e-05
0.00035719971474231 -0.00019576659033897 0.00012282204397335 -1.5425657821837e-05 -0.0001983162209635 0.0028736093648883 -0.00025979508071154 0.00010418797274848 -2.7945221589341e-05 -6.8717001890236e-06
-0.00031330724310723 0.00017377097954934 -0.00012644307557598 5.6755587883441e-05 5.4464269608064e-05 -0.00025974200947125 0.0024582897380785 -0.00029373093395486 0.0001384254197892 -5.2337350980789e-05
0.00027942263354933 -0.00016131452466642 0.00011908158838021 -7.6311317956426e-05 7.6968113591855e-06 0.00010407002898304 -0.00029368111394383 0.0020991034563125 -0.00030888361207396 0.0001615107660677
-0.00025267578655976 0.00015072490565785 -0.00011721105504029 7.970525645891e-05 -3.7380708527817e-05 -2.7794394660751e-05 0.00013829113222677 -0.00030884497204092 0.0017913549481655 -0.00031202452462908
0.00023130536515463 -0.00014139181025758 0.00011470529381064 -8.5024311982372e-05 4.9336465274203e-05 -7.1368691096657e-06 -5.2219160175171e-05 0.00016133268940602 -0.00031201938447707 0.0015268270210013
