-0.004862393890959 -0.00086570647964877 0.00053472781957327 -0.00037913167335944 0.00028037622455576 -0.00020885433757221 0.0001598919060743 -0.00012130290071707 9.0124271096437e-05 -6.4770625510557e-05
-0.00086478107578725 -0.0048589188060674 -0.00025938660869173 0.00018989647419432 -0.00014207711843891 0.00011387212065851 -8.331891895602e-05 6.4984073686834e-05 -4.9355371570792e-05 3.5272118513589e-05
0.00053328792785306 -0.00025904145202228 -0.0045965638049498 -4.7589152044461e-07 4.0475918904324e-05 -3.9640759737703e-05 3.5833065655706e-05 -2.0488032129417e-05 1.3070371374019e-05 -5.7757579729958e-06
-0.00037727731716088 0.00018929305717427 -2.3011184617855e-07 -0.0041597984971123 0.00017301986154811 -7.3934300884773e-05 4.1544928250012e-05 -2.8056094409577e-05 3.1709216888347e-05 -3.1519729276014e-05
0.0002781477142344 -0.00014124934362624 4.0012200114564e-05 0.00017323111576152 -0.0036763730603804 0.00029576424724154 -0.00016100788166632 0.0001059546531924 -8.1149957019337e-05 7.5220080239116e-05
-0.00020628273333396 0.00011283313738446 -3.8988841763365e-05 -7.4350756009476e-05 0.00029594996168584 -0.0032060382758389 0.00037890297855335 -0.0002268098729998 0.00015622225930827 -0.00012501589906881
0.00015699708836403 -8.2088918371703e-05 3.4978257137318e-05 4.2113915181961e-05 -0.00016140771499869 0.00037906490436328 -0.0027791893329437 0.00043194366303683 -0.00027555772691183 0.00019445704161054
-0.00011810538459236 6.3550393303614e-05 -1.9494536914897e-05 -2.8858151028276e-05 0.00010644703830694 -0.0002272261475315 0.00043207058663229 -0.0024054130042029 0.00046339917072571 -0.00031137440173821
8.6626302393208e-05 -4.77748638865e-05 1.1843247152222e-05 3.2562661594499e-05 -8.1971426989989e-05 0.00015661110332083 -0.00027603384475497 0.00046346485524313 -0.0020838512091467 0.00048053553438666
-6.0997390288914e-05 3.3480033168805e-05 -4.5018873442033e-06 -3.2739300728385e-05 7.5899916972386e-05 -0.00012595086959095 0.00019466366730721 -0.00031199353785763 0.00048048213809573 -0.0018080227258612
