0.0041881783593865 0.00086953559423683 -0.00053816656080363 0.00038084810121144 -0.00028440284587999 0.00021249816961915 -0.0001657067519902 0.00012890697637045 -9.9239217264306e-05 7.5192677889639e-05
0.00086980026960047 0.0047553389355505 0.00032911296419396 -0.00024495777924135 0.00018273187340057 -0.00014816424522444 0.00011048131194784 -8.8539114534459e-05 6.9565102047961e-05 -5.3060752152397e-05
-0.00053815328532691 0.00032880205964279 0.0046936527227416 6.279240854213e-05 -7.7228763188053e-05 6.5923800426442e-05 -5.5433675932909e-05 3.1883226868265e-05 -2.0422201215386e-05 8.4274768386866e-06
0.0003805888256981 -0.00024435323154804 6.2518864696182e-05 0.0043615837321996 -0.00013085259293857 5.289365264775e-05 -3.1141783208704e-05 2.3023962633345e-05 -3.4892076651867e-05 3.8300809583952e-05
-0.00028390191767447 0.00018188920074935 -7.6656908668878e-05 -0.00013109683678214 0.0039128002567781 -0.00027936608464617 0.00015723544787905 -0.00011174413402097 9.0618476221754e-05 -9.2744417572316e-05
0.00021178325573018 -0.00014702317189459 6.5172035095573e-05 5.3471165850107e-05 -0.00027958969829128 0.0034465152249825 -0.000386313705022 0.00023937177769187 -0.00017776451262317 0.00014834063972506
-0.00016475589507331 0.00010916992928519 -5.4309385793987e-05 -3.1824979853669e-05 0.0001578250451552 -0.00038652552666498 0.0030092979905896 -0.00046074193459416 0.00030298839421846 -0.00023093025494939
0.00012777068606512 -8.6885973597542e-05 3.06921588863e-05 2.4161402183441e-05 -0.00011239856483377 0.00023994342790772 -0.00046097773410225 0.0026200524495536 -0.00051080012267985 0.00035204400553112
-9.7860971696716e-05 6.780110416753e-05 -1.8789275498725e-05 -3.603217422677e-05 9.1721272355386e-05 -0.00017848703746623 0.00030345796130528 -0.00051112550333621 0.0022827053855829 -0.00054408051843397
7.3634057849038e-05 -5.0960814405825e-05 6.7490614894009e-06 3.9868103309614e-05 -9.399898880398e-05 0.000149233348101 -0.000231922825963 0.00035222901196174 -0.00054461991011283 0.0019933318716001
