-0.0022008787684183 -0.0010638219946262 0.00066301204540587 -0.00047145251192054 0.00037557399020969 -0.00031429739006235 0.00024771162201756 -0.00018989981418713 0.00016583356938268 -0.00016371661459902
-0.0010638219946262 -0.0050971456902933 -0.0008524801040028 0.00059662385387137 -0.00044152204660113 0.00036416611769768 -0.00032893853221736 0.0002919595139737 -0.00024333049052438 0.00019511930003671
0.00066301204540587 -0.0008524801040028 -0.0060134620639893 -0.00023844764261387 0.00038134765020546 -0.00036214110464704 0.00038544128345905 -0.00036293461809932 0.00028330303227218 -0.00022532879656987
-0.00047145251192054 0.00059662385387137 -0.00023844764261387 -0.00534446808709 0.00050079417770414 4.7957377219263e-05 -0.00016307526103392 0.00024468405922286 -0.00026426625698203 0.00022323335124303
0.00037557399020969 -0.00044152204660113 0.00038134765020546 0.00050079417770414 -0.0039733599924989 0.00096304646634714 -0.00041287578498288 0.00012546243922494 5.4428082607262e-05 -0.00015931198835736
-0.00031429739006235 0.00036416611769768 -0.00036214110464704 4.7957377219263e-05 0.00096304646634714 -0.002989339633368 0.00093976437682031 -0.0006771462051895 0.00031460600880294 -0.00013228848538413
0.00024771162201756 -0.00032893853221736 0.00038544128345905 -0.00016307526103392 -0.00041287578498288 0.00093976437682031 -0.0025892275660965 0.00056911277523608 -0.0006501990317763 0.00037040177651373
-0.00018989981418713 0.0002919595139737 -0.00036293461809932 0.00024468405922286 0.00012546243922494 -0.0006771462051895 0.00056911277523608 -0.0025236034121853 0.00026807883939205 -0.00042272436225606
0.00016583356938268 -0.00024333049052438 0.00028330303227218 -0.00026426625698203 5.4428082607262e-05 0.00031460600880294 -0.0006501990317763 0.00026807883939205 -0.0023872243900705 0.00023733550239427
-0.00016371661459902 0.00019511930003671 -0.00022532879656987 0.00022323335124303 -0.00015931198835736 -0.00013228848538413 0.00037040177651373 -0.00042272436225606 0.00023733550239427 -0.0020003566510448
