-0.0013099946206201 -0.003807990982447 0.0038164130024843 -0.0039978578546245 0.0042016004360185 -0.0044048411234941 0.004598210675022 -0.0047842252131676 0.0049565411993394 -0.0051232118629001
-0.003807990982447 -0.0026882938386491 -0.0037691259978318 0.0040535036760685 -0.0043339743039419 0.0045815632111533 -0.0048148195072819 0.0050227101170341 -0.0052282535599409 0.0054070588386227
0.0038164130024843 -0.0037691259978318 -0.0016685198705402 -0.0044296072188638 0.0048840375463299 -0.0052495971675856 0.0055494882279936 -0.0058291482926855 0.0060690511167903 -0.0063129219549667
-0.0039978578546245 0.0040535036760685 -0.0044296072188638 -0.0001929730824758 -0.0051176021457779 0.005683338937773 -0.0061072162703006 0.0064396518661924 -0.0067527221410391 0.0070116110636744
0.0042016004360185 -0.0043339743039419 0.0048840375463299 -0.0051176021457779 0.0013816322526185 -0.0058443735970856 0.0064657307366162 -0.0069255053226925 0.0072774598059849 -0.0076140511012424
-0.0044048411234941 0.0045815632111533 -0.0052495971675856 0.005683338937773 -0.0058443735970856 0.0029023442815015 -0.0066001807406336 0.0072372253404062 -0.0077169361057173 0.0080778767962316
0.004598210675022 -0.0048148195072819 0.0055494882279936 -0.0061072162703006 0.0064657307366162 -0.0066001807406336 0.0043127623323284 -0.007374634599916 0.0080011749897812 -0.008488767508966
-0.0047842252131676 0.0050227101170341 -0.0058291482926855 0.0064396518661924 -0.0069255053226925 0.0072372253404062 -0.007374634599916 0.0056009804132579 -0.008157672027604 0.0087576500009841
0.0049565411993394 -0.0052282535599409 0.0060690511167903 -0.0067527221410391 0.0072774598059849 -0.0077169361057173 0.0080011749897812 -0.008157672027604 0.0067773472134237 -0.0089412272694539
-0.0051232118629001 0.0054070588386227 -0.0063129219549667 0.0070116110636744 -0.0076140511012424 0.0080778767962316 -0.008488767508966 0.0087576500009841 -0.0089412272694539 0.0078564488969123
