0.005751017677085 0.00091657848536197 -0.00045261409241355 0.00023024555835623 -8.2999755001219e-05 -2.6157377541595e-05 0.00011261577218267 -0.00018475085541728 0.00024716975295474 -0.00030223641607338
0.00091657848536197 0.0055808817109536 -2.2579463659088e-05 6.1418691641975e-05 -0.0001075676564827 0.0001550053697178 -0.00019858433857 0.00023758327924834 -0.00027281159194025 0.00030562451242333
-0.00045261409241355 -2.2579463659088e-05 0.0050308801208551 -0.00042509894168454 0.00031259523356435 -0.00029512667173892 0.00030902660724485 -0.00033231041456495 0.00035799963651656 -0.00038400176320754
0.00023024555835623 6.1418691641975e-05 -0.00042509894168454 0.0044267729223368 -0.00069662030211405 0.00050911768657862 -0.00045454742731939 0.00044644449805987 -0.00045619381247297 0.00047284856389633
-8.2999755001219e-05 -0.0001075676564827 0.00031259523356435 -0.00069662030211405 0.0038777986880769 -0.00088556902782391 0.00066775245478019 -0.00059363474910035 0.00057138686055886 -0.00057182551413163
-2.6157377541595e-05 0.0001550053697178 -0.00029512667173892 0.00050911768657862 -0.00088556902782391 0.0034193689647891 -0.0010184456498201 0.0007973494314795 -0.00071574169244606 0.00068469011844948
0.00011261577218267 -0.00019858433857 0.00030902660724485 -0.00045454742731939 0.00066775245478019 -0.0010184456498201 0.0030542314065208 -0.0011143681038211 0.00090412820276934 -0.00082350483628777
-0.00018475085541728 0.00023758327924834 -0.00033231041456495 0.00044644449805987 -0.00059363474910035 0.0007973494314795 -0.0011143681038211 0.0027708111603267 -0.0011870697711964 0.00099404208372241
0.00024716975295474 -0.00027281159194025 0.00035799963651656 -0.00045619381247297 0.00057138686055886 -0.00071574169244606 0.00090412820276934 -0.0011870697711964 0.0025545210830288 -0.001246472584533
-0.00030223641607338 0.00030562451242333 -0.00038400176320754 0.00047284856389633 -0.00057182551413163 0.00068469011844948 -0.00082350483628777 0.00099404208372241 -0.001246472584533 0.0023914932745929
