0.0023662335201349 -0.00052414497269487 0.00094286680070739 -0.0012500139081663 0.0013506462584014 -0.0015956387931187 0.0015792196251254 -0.0018238839300531 0.0017264791333361 -0.0020018573371174
-0.00052414497269487 0.0068719704999782 -0.0016236396304367 0.0016260474812322 -0.0020726541780669 0.0020297752403455 -0.0025556273598629 0.0023345366758616 -0.0029294968911058 0.002547305707718
0.00094286680070739 -0.0016236396304367 0.0085027618716428 -0.0029954601302935 0.0025663826434721 -0.0030287298968848 0.0028484976543601 -0.0034847228712365 0.0031350361056095 -0.0038764180748166
-0.0012500139081663 0.0016260474812322 -0.0029954601302935 0.0090788690493656 -0.0040867820628682 0.00340754573933 -0.0037545782536255 0.0035985332488058 -0.0041389007810168 0.0038778478754189
0.0013506462584014 -0.0020726541780669 0.0025663826434721 -0.0040867820628682 0.0091848515092679 -0.0049750748942156 0.0040630274145502 -0.0044037480337464 0.0041632954770979 -0.0047447066665954
-0.0015956387931187 0.0020297752403455 -0.0030287298968848 0.00340754573933 -0.0049750748942156 0.0092470036857818 -0.0056818363087844 0.0047776502011263 -0.0049505577426883 0.004843340869782
0.0015792196251254 -0.0025556273598629 0.0028484976543601 -0.0037545782536255 0.0040630274145502 -0.0056818363087844 0.0091593790563129 -0.0062694010943267 0.0052742437151467 -0.0054837309387494
-0.0018238839300532 0.0023345366758616 -0.0034847228712365 0.0035985332488058 -0.0044037480337464 0.0047776502011263 -0.0062694010943267 0.0092627681390826 -0.006745945099715 0.0059191118113586
0.0017264791333361 -0.0029294968911058 0.0031350361056095 -0.0041389007810168 0.0041632954770979 -0.0049505577426883 0.0052742437151467 -0.006745945099715 0.0092132627027893 -0.0071634247476345
-0.0020018573371174 0.002547305707718 -0.0038764180748166 0.0038778478754189 -0.0047447066665954 0.004843340869782 -0.0054837309387494 0.0059191118113586 -0.0071634247476345 0.0094443400794093
