0.0022906101940866 -0.00043728068198085 0.00096223251283376 -0.0013053557842186 0.001399011552535 -0.001640196451912 0.0016169417210775 -0.0018565740323662 0.0017558475423242 -0.00202749064628
-0.00043728068198085 0.0066322571494882 -0.0014407175243874 0.0016711306472847 -0.0022016795838238 0.002132022494505 -0.0026520595662368 0.0024182415653588 -0.0030005536256666 0.002613434867718
0.00096223251283376 -0.0014407175243874 0.0080284270424595 -0.0026746800111468 0.0026049004310821 -0.003178858432214 0.0029680805405602 -0.0035983686233193 0.0032357847407427 -0.0039626786703701
-0.0013053557842186 0.0016711306472847 -0.0026746800111468 0.0083917821664371 -0.00364335710896 0.0034331319931283 -0.0039083875818117 0.0037209404053851 -0.0042603511497263 0.003985757787293
0.001399011552535 -0.0022016795838238 0.0026049004310821 -0.00364335710896 0.0083280524071368 -0.0044339985127367 0.004069730453004 -0.0045510097801102 0.0042790461964558 -0.0048662411067289
-0.001640196451912 0.002132022494505 -0.003178858432214 0.0034331319931283 -0.0044339985127367 0.0082616288743156 -0.0050693287604824 0.004761705092051 -0.0050818145264735 0.0049456584114177
0.0016169417210775 -0.0026520595662368 0.0029680805405602 -0.0039083875818117 0.004069730453004 -0.0050693287604824 0.008084401123008 -0.0056065466919535 0.005233449811045 -0.0055925739694583
-0.0018565740323662 0.0024182415653588 -0.0035983686233193 0.0037209404053851 -0.0045510097801102 0.004761705092051 -0.0056065466919535 0.00813199078238 -0.0060506937672867 0.0058538732983402
0.0017558475423242 -0.0030005536256666 0.0032357847407427 -0.0042603511497263 0.0042790461964558 -0.0050818145264735 0.005233449811045 -0.0060506937672867 0.0080552137761789 -0.0064513194596059
-0.00202749064628 0.002613434867718 -0.0039626786703701 0.003985757787293 -0.0048662411067289 0.0049456584114177 -0.0055925739694583 0.0058538732983402 -0.0064513194596059 0.008282003242581
