0.0022913877514659 -0.00043495995145133 0.00096679269226104 -0.0012997117764869 0.0014065387483325 -0.0016312028727014 0.0016279755169687 -0.0018435758036647 0.0017712360197388 -0.0020093958339269
-0.00043495995145133 0.0066419984509175 -0.0014277923895806 0.0016876113620369 -0.0021812938854795 0.002154994829473 -0.0026236910524633 0.0024497484174389 -0.0029619460541286 0.0026567876032426
0.00096679269226104 -0.0014277923895806 0.0080479886640797 -0.0026555917861572 0.0026308548192965 -0.003151853426395 0.0030010858831384 -0.0035622540293744 0.0032796488097408 -0.0039138433718714
-0.0012997117764869 0.0016876113620369 -0.0026555917861572 0.0084107398190382 -0.0036232362575355 0.0034541058929745 -0.0038830380631723 0.0037456318981767 -0.0042291067906086 0.0040179034151478
0.0014065387483325 -0.0021812938854795 0.0026308548192965 -0.0036232362575355 0.0083528480579011 -0.0044152533858065 0.0040980343035299 -0.0045257896465188 0.0043118769551949 -0.0048337487402243
-0.0016312028727014 0.002154994829473 -0.003151853426395 0.0034541058929745 -0.0044152533858065 0.0082738106473699 -0.0050566394171701 0.0047749410336385 -0.0050642493685577 0.004959179598321
0.0016279755169687 -0.0026236910524633 0.0030010858831384 -0.0038830380631723 0.0040980343035299 -0.0050566394171701 0.0081011142997411 -0.0056001237986509 0.005256406893958 -0.0055768385902138
-0.0018435758036647 0.0024497484174389 -0.0035622540293744 0.0037456318981767 -0.0045257896465188 0.0047749410336385 -0.0056001237986509 0.0081244828160801 -0.0060548666038473 0.0058534035393943
0.0017712360197388 -0.0029619460541286 0.0032796488097408 -0.0042291067906086 0.0043118769551949 -0.0050642493685577 0.005256406893958 -0.0060548666038473 0.0080520137150274 -0.0064648480387409
-0.0020093958339269 0.0026567876032426 -0.0039138433718714 0.0040179034151478 -0.0048337487402243 0.004959179598321 -0.0055768385902138 0.0058534035393943 -0.0064648480387409 0.0082415536402101
