0.0053452666664595 0.0013006402230639 -0.00086121359312995 0.00067126169193383 -0.00055644297688627 0.00047844553628572 -0.00042173813871 0.00037792086911176 -0.00034242141885215 0.00031298977942445
0.0013006402230639 0.0053631454480987 0.00028898674889983 -0.00027644561413096 0.00025633768902876 -0.00023372104533329 0.00021330423004085 -0.00019625288774043 0.00018199234953075 -0.00016912621676282
-0.00086121359312995 0.00028898674889983 0.0047601766740665 -6.5000173508911e-05 -7.6925924836595e-05 0.00012149333593012 -0.00013342293492989 0.0001340394090773 -0.00013087832954533 0.00012630445872618
0.00067126169193383 -0.00027644561413096 -6.5000173508911e-05 0.0040887449053112 -0.00027808372845315 5.9405674684179e-05 2.3081408228776e-05 -5.8146606285892e-05 7.2967321160764e-05 -8.0239528436986e-05
-0.00055644297688627 0.00025633768902876 -7.6925924836595e-05 -0.00027808372845315 0.0034693007293325 -0.00040517960102186 0.0001553883415536 -5.3359458670591e-05 2.34102764639e-06 2.2632024215596e-05
0.00047844553628572 -0.00023372104533329 0.00012149333593012 5.940567468418e-05 -0.00040517960102186 0.0029403596463796 -0.00047478706882742 0.00022074569760991 -0.00011164400256776 5.0739482890225e-05
-0.00042173813871 0.00021330423004085 -0.00013342293492989 2.3081408228776e-05 0.0001553883415536 -0.00047478706882742 0.0025054641442614 -0.00050561273919227 0.0002626561382893 -0.00015643649382965
0.00037792086911176 -0.00019625288774043 0.0001340394090773 -5.8146606285892e-05 -5.3359458670591e-05 0.00022074569760991 -0.00050561273919227 0.0021543390241437 -0.00051310806666844 0.00028659798845546
-0.00034242141885215 0.00018199234953075 -0.00013087832954534 7.2967321160765e-05 2.3410276463897e-06 -0.00011164400256776 0.0002626561382893 -0.00051310806666844 0.0018723261719428 -0.00050601022728989
0.00031298977942444 -0.00016912621676282 0.00012630445872618 -8.0239528436987e-05 2.2632024215596e-05 5.0739482890225e-05 -0.00015643649382965 0.00028659798845546 -0.00050601022728989 0.001646312528775
