0.0052469754595289 0.0010508572463289 -0.00074044231721323 0.0013705288967158 -0.00042179319245236 -0.0032107998098116 0.0029979211373666 0.0028343897158567 -0.0067013111518687 0.0058884333340178
0.0010850071540122 0.004140355234667 0.00021200249485833 0.0017770745022427 -0.0024464263920931 -0.0043970854739005 0.0060758165705937 0.0019224557333868 -0.0043123040338308 -0.00046371099610927
-0.00055693341320127 -0.00033649697550275 0.0022101839476231 -0.00089260480937542 -0.00096911697166343 0.00075644851304974 -5.209359752361e-05 0.00072787091592495 0.0011668139970821 -0.0030511833246689
-0.00012005012812624 -0.00093848560497468 0.00010980777336328 -0.00013580465013442 -3.6624098150613e-05 0.0018919436830027 -0.0019763133059913 0.00098285638325014 0.00036057329474588 0.0011191547582159
-0.00067954376528775 0.0026746219781792 0.0039261084643734 -0.0002542548202883 -0.0034525341368715 -0.002081175942349 0.0046032647069971 0.0022118486642287 -0.00065703683092851 -0.0063242926728167
0.004184548488937 0.0040411683458757 -0.00087635854416104 0.0026122234971573 -0.0021615559366897 -0.0052889011624084 0.006395878827358 0.0035567753412752 -0.0080374130376482 0.0044267452898421
-0.0038931434643595 -0.0054998681785807 -0.00043662135032799 -0.0027283110353923 0.0035970077653266 0.0065673875602758 -0.0087173223644876 -0.0043312802626521 0.008601043677047 -0.0019791633627982
-0.0018874362801578 -0.0021277353285418 -0.0019982587021562 -0.00063255897830172 0.0025029652878223 0.0022487753334547 -0.0038491770623656 -0.0032163848058928 0.0035690090866933 0.00063483560255054
0.0061544865345879 0.0039423739169857 -0.0030116360528572 0.0032201106365926 -0.00055484594000502 -0.0070510900656452 0.0070546338583971 0.0023770012542969 -0.0098588896901664 0.0080368228370015
-0.0061077445363643 -0.0033288078522212 0.0026078243938465 -0.0029824993592533 0.00066363246651137 0.0059548028068466 -0.0059952203422132 -0.0029956407344969 0.0095060607224936 -0.0082395145402886
