-0.010967792726259 -0.002081594178535 0.0023655163367197 -0.0019619894803676 0.0017302280858198 -0.0015514712789514 0.0014292183489046 -0.0013356824857967 0.001265016640917 -0.0012089245915477
-0.002081594178535 -0.010935276545068 0.00042556615731731 0.0012774223216788 -0.001125609756002 0.0011054836320042 -0.0010265525760686 0.00098725330991473 -0.00094575598886659 0.00091714267852672
0.0023655163367197 0.00042556615731731 -0.01047068960129 0.0013611835303073 0.00092748488707138 -0.00088795594631047 0.00097911077881162 -0.000939662959989 0.00094003102533466 -0.00091899230559007
-0.0019619894803676 0.0012774223216788 0.0013611835303073 -0.0097239684219697 0.0018699293940866 0.00065733806800769 -0.00070316081090434 0.00087640811131747 -0.00087249079404168 0.00090779899813463
0.0017302280858198 -0.001125609756002 0.00092748488707137 0.0018699293940866 -0.0088807946971873 0.0021216984609438 0.00045131721530846 -0.00055136480653662 0.00078731785693166 -0.00081993709560284
-0.0015514712789514 0.0011054836320042 -0.00088795594631047 0.00065733806800769 0.0021216984609438 -0.0080618957053035 0.0022050845032098 0.00031528500545841 -0.00043638102953851 0.00071483288441902
0.0014292183489046 -0.0010265525760686 0.00097911077881162 -0.00070316081090434 0.00045131721530845 0.0022050845032098 -0.0073243408903737 0.002169862752656 0.00025016165389534 -0.00035562216277387
-0.0013356824857967 0.00098725330991473 -0.00093966295998901 0.00087640811131747 -0.00055136480653662 0.00031528500545841 0.002169862752656 -0.0066943733564855 0.0020547979514642 0.00020395604218832
0.001265016640917 -0.00094575598886659 0.00094003102533466 -0.00087249079404168 0.00078731785693166 -0.00043638102953851 0.00025016165389534 0.0020547979514642 -0.0062318749683042 0.0017346261897228
-0.0012089245915477 0.00091714267852673 -0.00091899230559007 0.00090779899813463 -0.00081993709560284 0.00071483288441902 -0.00035562216277387 0.00020395604218832 0.0017346261897228 -0.0061298721326137
