0.0053344214147869 0.00023437654863823 0.00029692725185244 -0.00058198672075943 0.00078224202748663 -0.00093716776969297 0.0010636596190033 -0.0011711968279025 0.001265698438686 -0.0013504237178649
0.00023437654863823 0.0059810802001447 -0.00058206854897821 0.00073342006106025 -0.00085086045789237 0.00095392110461038 -0.0010437189599316 0.0011229042799239 -0.0011939104960793 0.0012584514454479
0.00029692725185244 -0.00058206854897821 0.0059352614159966 -0.0011450180329991 0.0011390786102687 -0.0011896921680723 0.0012577718459755 -0.0013277596617128 0.0013940997049359 -0.0014576038841956
-0.00058198672075943 0.00073342006106025 -0.0011450180329991 0.0055962549149155 -0.0015954393114633 0.0014898537894546 -0.0014960780663889 0.0015387855160736 -0.0015943111104579 0.0016504729804172
0.00078224202748663 -0.00085086045789237 0.0011390786102687 -0.0015954393114633 0.005183762930446 -0.0019526888951988 0.0017947428754475 -0.0017732488782111 0.0017974216388386 -0.0018423848457863
-0.00093716776969297 0.00095392110461038 -0.0011896921680723 0.0014898537894546 -0.0019526888951988 0.0048045464875674 -0.0022369857872877 0.0020603441788711 -0.0020245285953365 0.0020356090547026
0.0010636596190033 -0.0010437189599316 0.0012577718459755 -0.0014960780663889 0.0017947428754475 -0.0022369857872877 0.0044976587715944 -0.0024666207128008 0.0022929138586326 -0.0022530960265759
-0.0011711968279025 0.0011229042799239 -0.0013277596617128 0.0015387855160736 -0.0017732488782111 0.0020603441788711 -0.0024666207128008 0.0042702877290451 -0.0026572492795817 0.0024985530354624
0.001265698438686 -0.0011939104960793 0.0013940997049359 -0.0015943111104579 0.0017974216388386 -0.0020245285953365 0.0022929138586326 -0.0026572492795817 0.0041154149493296 -0.0028215698530834
-0.0013504237178649 0.0012584514454479 -0.0014576038841956 0.0016504729804172 -0.0018423848457863 0.0020356090547026 -0.0022530960265759 0.0024985530354624 -0.0028215698530834 0.0040209430944741
