0.0020535882006562 -0.00037871615892703 0.00085938835881377 -0.0011504837470126 0.0012551468101529 -0.001444775935541 0.0014555759261253 -0.0016320030242063 0.0015865568600561 -0.0017769252192922
-0.00037871615892703 0.0059927584539004 -0.0012520771054493 0.0015059099022906 -0.0019241000202149 0.0019293574026087 -0.0023149945150611 0.0021987991703327 -0.0026110036608388 0.0023910388622028
0.00085938835881377 -0.0012520771054493 0.0072761380853918 -0.0023475895841542 0.0023546960542487 -0.0027858311292977 0.0026904539573985 -0.0031465857414228 0.0029458360833694 -0.0034527996948093
-0.0011504837470126 0.0015059099022906 -0.0023475895841542 0.0075958350474099 -0.0032182571671291 0.0030895608913311 -0.0034404852513299 0.003349717378913 -0.0037445013710288 0.0035963776905793
0.0012551468101529 -0.0019241000202149 0.0023546960542487 -0.0032182571671291 0.0075289388507006 -0.0039333033692232 0.0036740268804793 -0.0040149875347088 0.0038628457315027 -0.0042828080913927
-0.001444775935541 0.0019293574026087 -0.0027858311292977 0.0030895608913311 -0.0039333033692232 0.0074227199309371 -0.004514211376359 0.0042725685556191 -0.0045014493196122 0.0044294727163359
0.0014555759261253 -0.0023149945150611 0.0026904539573985 -0.0034404852513299 0.0036740268804793 -0.004514211376359 0.0072452775190166 -0.0050044587218983 0.0047128929690017 -0.0049605523348427
-0.0016320030242063 0.0021987991703327 -0.0031465857414228 0.003349717378913 -0.0040149875347088 0.0042725685556191 -0.0050044587218983 0.0072267455325541 -0.0054148600518758 0.0052324714950946
0.0015865568600561 -0.0026110036608388 0.0029458360833694 -0.0037445013710288 0.0038628457315027 -0.0045014493196122 0.0047128929690017 -0.0054148600518758 0.0071497206873919 -0.0057823527388024
-0.0017769252192922 0.0023910388622028 -0.0034527996948093 0.0035963776905793 -0.0042828080913927 0.0044294727163359 -0.0049605523348427 0.0052324714950946 -0.0057823527388024 0.0072836151314728
