-0.011128530482245 -0.0021612351082737 0.0024197933855031 -0.0019686130491735 0.0017177639058799 -0.0015258235876854 0.0013952808293067 -0.0012971782914583 0.0012188426846115 -0.0011896820344805
-0.0021612351082737 -0.011275839490912 0.00038874753749872 0.0013733807555649 -0.0011350816679024 0.0010989016874655 -0.0010050515442546 0.00095222330219337 -0.00095750342779766 0.00067116190636286
0.0024197933855031 0.00038874753749871 -0.010957367482044 0.0013414774982298 0.0010957911209672 -0.00090120847270657 0.00097411630863314 -0.00096014447844926 0.00066729448848933 -0.0012770242737626
-0.0019686130491735 0.0013733807555649 0.0013414774982298 -0.010407009409684 0.0018589820297083 0.00092722625660711 -0.00075737388451032 0.00065673376504119 -0.0013146228481694 0.0017061027214033
0.0017177639058799 -0.0011350816679024 0.0010957911209672 0.0018589820297083 -0.0098347824283549 0.0020750713866116 0.00066012744337885 -0.0010445733624961 0.0013881090622963 0.0028591764999782
-0.0015258235876854 0.0010989016874655 -0.00090120847270657 0.00092722625660711 0.0020750713866116 -0.0095892178928192 0.0016998155831041 0.0013881544211874 0.0028193766763798 0.0032169552444879
0.0013952808293067 -0.0010050515442546 0.00097411630863314 -0.00075737388451032 0.00066012744337885 0.0016998155831041 -0.0087617390800108 0.005148849942851 0.0036211528474479 -0.0046527224337655
-0.0012971782914583 0.00095222330219337 -0.00096014447844926 0.00065673376504119 -0.0010445733624961 0.0013881544211874 0.005148849942851 -0.0068326192875627 -0.002063117123804 -0.002112166366945
0.0012188426846115 -0.00095750342779766 0.00066729448848934 -0.0013146228481694 0.0013881090622963 0.0028193766763798 0.0036211528474479 -0.0020631171238041 -0.013377335780598 0.004761120208613
-0.0011896820344805 0.00067116190636286 -0.0012770242737626 0.0017061027214033 0.0028591764999782 0.0032169552444879 -0.0046527224337655 -0.002112166366945 0.004761120208613 -0.011574296653022
