0.014299653365871 0.0028865900318503 -0.0025091365829689 0.0020033474524094 -0.001656456559207 0.0014133888741234 -0.0012334554889621 0.0010926778644454 -0.00099025941322176 0.00087369913129822
0.0028865900318503 0.013881747497479 -9.3235742255179e-05 -0.0010415233215461 0.0009387694544324 -0.00082555793687465 0.00072916754509636 -0.0006726879566293 0.00053465731945352 -0.00044472745341562
-0.0025091365829689 -9.323574225518e-05 0.01288298859511 -0.0011767176596131 -0.00062317236479941 0.00060868224604804 -0.00061067530932711 0.00046148981572016 -0.00050605090016132 0.0015571286469852
0.0020033474524094 -0.0010415233215461 -0.0011767176596131 0.011867881546845 -0.0018221103568107 -0.00041218770757469 0.00025523418632608 -0.00048576334205418 0.0013278184636019 0.0017945390342148
-0.001656456559207 0.0009387694544324 -0.00062317236479941 -0.0018221103568107 0.010994894438791 -0.0022904689305199 -0.00043048461160401 0.00089631626464681 0.001907757200878 -0.00058124512034317
0.0014133888741234 -0.00082555793687465 0.00060868224604803 -0.00041218770757469 -0.0022904689305199 0.010293692904019 -0.001686961154609 0.0016884425812251 -0.00043856814510619 -0.0063715451469912
-0.0012334554889621 0.00072916754509636 -0.00061067530932711 0.00025523418632608 -0.00043048461160401 -0.001686961154609 0.012204685037576 -0.0025638039715167 -0.0062552756485009 -0.002699482771468
0.0010926778644454 -0.0006726879566293 0.00046148981572016 -0.00048576334205418 0.00089631626464681 0.0016884425812251 -0.0025638039715167 0.0049112051905273 -0.0047183125457842 0.003320346541547
-0.00099025941322175 0.00053465731945353 -0.00050605090016132 0.0013278184636019 0.001907757200878 -0.00043856814510619 -0.0062552756485009 -0.0047183125457842 0.015232033717567 -0.0027434953607288
0.00087369913129822 -0.00044472745341562 0.0015571286469852 0.0017945390342148 -0.00058124512034317 -0.0063715451469912 -0.002699482771468 0.003320346541547 -0.0027434953607288 0.010738157465157
