0.0026994902070032 -0.00081206050742159 0.00066501895914995 -0.001116790166665 0.0010912337193535 -0.001588772251254 0.0012982158235172 -0.0019326940707325 0.0013686513334962 -0.0022786054323988
-0.00081206050742159 0.0078729016490986 -0.002486286917603 0.00096325244628075 -0.0019172865542425 0.0014039250733125 -0.0026812008464833 0.0016069508841584 -0.0033712224169199 0.001513407165443
0.00066501895914995 -0.002486286917603 0.010543096277217 -0.0043525183196813 0.001706034365969 -0.0029599247562861 0.0020552822857958 -0.0037266239833578 0.0021371605096524 -0.0046000492624561
-0.001116790166665 0.00096325244628075 -0.0043525183196813 0.011962294806572 -0.0057369489007484 0.0026198770307172 -0.0037229468254751 0.0029507558486329 -0.0043458070993265 0.0029583380749103
0.0010912337193535 -0.0019172865542425 0.001706034365969 -0.0057369489007484 0.01258606576029 -0.006757909401936 0.0031889502842675 -0.0044700333836253 0.003370909179986 -0.0055842835930729
-0.001588772251254 0.0014039250733125 -0.0029599247562861 0.0026198770307172 -0.006757909401936 0.013290820477383 -0.0074034058287921 0.0041186826050914 -0.005394649565112 0.0029196857170965
0.0012982158235172 -0.0026812008464833 0.0020552822857958 -0.0037229468254751 0.0031889502842675 -0.0074034058287921 0.013520787138082 -0.0082394770720503 0.003024823467661 -0.0069295229199425
-0.0019326940707325 0.0016069508841584 -0.0037266239833578 0.0029507558486329 -0.0044700333836253 0.0041186826050913 -0.0082394770720503 0.013130030914792 -0.0093186088842604 0.0080360337101926
0.0013686513334962 -0.0033712224169199 0.0021371605096524 -0.0043458070993265 0.003370909179986 -0.005394649565112 0.003024823467661 -0.0093186088842604 0.017534032212571 -0.0026357629732547
-0.0022786054323988 0.001513407165443 -0.0046000492624561 0.0029583380749103 -0.0055842835930729 0.0029196857170965 -0.0069295229199425 0.0080360337101926 -0.0026357629732547 0.016956937558076
