-0.0022658951514975 -0.0028163961225751 0.0026155512857194 -0.0026276142749086 0.0026869823358501 -0.0027633202740189 0.0028426107426934 -0.0029245974939737 0.0030008679890233 -0.0030781634084118
-0.0028163961225751 -0.003944756543189 -0.0023819920356442 0.0024713632253275 -0.0025854564366811 0.0026860234080879 -0.0027871382424077 0.0028742211387358 -0.0029681178794504 0.0030424977765296
0.0026155512857194 -0.0023819920356442 -0.0034444891363008 -0.0025205942418434 0.0027753881338355 -0.002964979171103 0.0031057920949716 -0.003240104669384 0.0033450882058969 -0.0034634018060327
-0.0026276142749086 0.0024713632253275 -0.0025205942418434 -0.0024624039438745 -0.0027089946261223 0.0030753118455874 -0.00331910033599 0.003485607021047 -0.0036454113749539 0.0037606927363695
0.0026869823358501 -0.0025854564366811 0.0027753881338355 -0.0027089946261223 -0.0013590076330889 -0.002956000762532 0.0033792240525443 -0.0036573532008289 0.003839702137904 -0.0040183559725807
-0.0027633202740189 0.0026860234080879 -0.002964979171103 0.0030753118455874 -0.002956000762532 -0.00029280319644085 -0.0032479879922822 0.003688855361857 -0.003986725093908 0.0041764491303071
0.0028426107426934 -0.0027871382424077 0.0031057920949716 -0.00331910033599 0.0033792240525443 -0.0032479879922822 0.00067616790239614 -0.0035724068018704 0.0040048986582663 -0.0043113973227897
-0.0029245974939737 0.0028742211387358 -0.003240104669384 0.003485607021047 -0.0036573532008289 0.003688855361857 -0.0035724068018704 0.001533891915994 -0.003917697085375 0.0043249414966314
0.0030008679890233 -0.0029681178794504 0.0033450882058969 -0.0036454113749539 0.003839702137904 -0.003986725093908 0.0040048986582663 -0.003917697085375 0.0022882882825324 -0.0042732452458233
-0.0030781634084118 0.0030424977765296 -0.0034634018060327 0.0037606927363695 -0.0040183559725807 0.0041764491303071 -0.0043113973227897 0.0043249414966314 -0.0042732452458233 0.002952953451624
