0.004592606006234 0.00077793602795038 -0.00048397746352654 0.00040736554909303 -0.00052152212541177 0.00054166418795854 0.0011755231741532 -0.0028200041734055 -0.00049588404537551 0.005765684425063
0.00077567494509956 0.0038258544285481 0.00011917812360353 -0.00011199864046923 5.084163444442e-06 0.0019732748098649 3.655887118751e-05 -0.0060926669830264 0.0025014267729739 0.0049598335535659
-0.00048514285113848 0.00012174084896764 0.0028640004348823 -0.00021454945476878 0.0015953723873484 0.00094940489638304 -0.003303177811384 -0.00097099759636162 0.00039294254939333 0.0011335317420135
0.00041354743988262 0.00023338610887994 -9.4241014604158e-06 0.0015664022933534 0.00019082499089277 -0.00023124078744437 -0.00076846957381063 -0.0003836969976285 -0.00056907824408875 0.0018323853975338
-0.00014985030682207 0.00024875159612729 -0.00058590179337418 -0.0006401067351114 -9.1607750499873e-05 -0.00042855256955758 0.0016266354907901 -0.00075415943327298 0.0011070095268384 -0.0010788856014786
3.8021544564815e-05 -0.0021858219764241 -0.00092657067018462 0.002430847684911 -4.8291856411391e-05 -0.0021221498070109 2.8993974859961e-05 0.0035401681432713 -0.002266829074341 -0.0012404824431129
-0.0016918642461469 0.00017913314981697 0.0032804238195471 0.00049324429412081 0.0022204606094328 0.00048275231225956 -0.0039785695805487 -0.0010510114237443 0.00081763382017395 0.00040338208496835
0.0032849170719071 0.0058649038587454 0.0010187176346482 0.00054806483677406 0.00051223539350067 0.0031766996967541 -0.00076385397565596 -0.010543034250579 0.003374954559034 0.010781825016391
6.9677469046985e-05 -0.0022879533603254 -0.00051260427466544 0.00079939670611321 -0.00013027880247638 -0.0015329316343671 0.00028397297775687 0.0035290991230598 -0.0018258597768558 -0.0022038636971372
-0.0053756017777424 -0.0052026031289871 -0.0009028987076886 -0.0015120575648607 -0.00047037862232841 -0.0027177084046031 0.00072095601452489 0.010359673318833 -0.0021732997852917 -0.01285262613121
