0.0038830270930427 0.00072866498782 -0.00044127669797559 0.00033144789563623 -0.0001829605096815 0.00033122077995308 -0.0013734456461651 -0.0019508191039993 0.0053463804973289 0.001298198179778
0.00072938908985093 0.0040206696613347 0.00014448245954965 -2.3530939085701e-05 0.00035898301015642 -0.00091037862347344 -0.003919102949001 0.00038685051718245 0.0085645961325124 -0.00012560732155687
-0.00043710205945465 0.00014435602283607 0.0033774965718428 -0.00016498406687333 -8.4787878281376e-05 -0.0026119514376517 -0.0010129522495317 0.003822790231695 0.00055825916460867 0.0019965874400627
0.00031791560831732 -0.00012988231666752 -0.00035401057544545 0.0021292553632382 -0.0015516239679047 3.7661611613267e-05 0.0017000725366802 -0.0001574706266003 0.00069806900582725 0.0014180119914045
-0.00032188750863855 -0.0001443114522706 0.00057491260028259 0.00019611397728246 0.00029184148307689 -0.00054071350276149 0.0013242394600429 0.00030433467410113 0.0009506924693065 -3.6396290239304e-05
1.0337517592986e-05 0.00061158291466469 0.0025151801540772 0.0013937867579679 -0.0015710604915246 -0.0021347519521041 -0.0011986595484454 0.0034865340811974 0.00099328420185315 0.0030808636152125
0.0010383445103964 0.0039381956643978 0.00085550178701751 -0.0019027816949485 0.0018965011211971 -0.0012598706888834 -0.0049752032640646 0.00040727000384159 0.0089058188276281 -0.0011372938243955
0.002139958147765 -0.00070664341471595 -0.0040930618115052 0.00029853768192099 -0.0001749496457896 0.0034450543820573 0.00094811312239322 -0.0051013362152604 -0.00053405915090327 -0.0014238536435667
-0.0055917139577452 -0.0086461865298238 -0.00085814758979229 -0.0010788537384053 5.2572475216229e-05 0.0022226835502495 0.0087686901571983 -5.0482278501327e-05 -0.023069384014686 -0.0025288168715693
-0.0012075971683383 -0.00019661742282345 -0.0023393574106814 -0.0014180128359067 0.0011988608405245 0.0021106375250949 -3.0963699854322e-05 -0.0020545434836796 -0.002743371502261 -0.002787757533837
