-0.0027275772086841 -0.00093408118057577 0.00081586780099548 -0.0005047033189312 0.00083075278161383 -7.9818947975124e-05 0.0015444986347297 -0.0019175505775062 -0.0052791648215414 0.0031937681265021
-0.00096903418604697 -0.0034513804592004 -0.00037534500363206 0.0010469433154959 0.00015599015132883 0.0022802348935564 6.1156996892536e-05 -0.0052395851647939 -0.0065781312066938 0.0060358221159782
0.00077043686890649 -0.00052567173211154 -0.0028509345646451 0.00026040030464281 0.0016453612719801 0.00034471632822275 -0.0024320078139221 -0.0040418362827382 0.002468889379967 -0.002648700922827
-0.00069025687589579 0.00063780235991449 -0.00023650697224993 -0.0016218857487111 0.00067059342834064 -0.0010900519745206 -0.0023760668797206 0.0018538247471594 -0.0020704453808874 0.00035068586320076
0.00057284264112313 -0.00097545911934565 -0.00013295487695185 3.3848293955111e-06 -5.652795069858e-05 -5.5889142784316e-05 3.8829477510183e-05 -0.0019285759628898 0.0001106798221744 2.7110932507872e-05
-0.00094426323363679 -0.00053009913807902 -0.0011932902256852 0.0014702814879329 0.00068494970255905 0.0018964764786454 0.00020121380458149 -0.0022551166547746 -0.0012293874568565 0.0014036626791407
-0.00022995128287571 -0.00106759362914 0.0037446118991498 0.00049216073780708 -0.0022202441752329 1.1187737379153e-05 0.0049662047719522 0.0011535335280387 -0.0021914657337064 0.003311943083084
0.0008369443454385 0.006667737179068 0.0023911673871193 -0.0018497174450644 -0.001824330650781 -0.0036217363772545 0.00040871399485825 0.013378659335843 0.0080736092261334 -0.00717830925137
0.00652521783791 0.005234595085538 -0.0013904162432704 -0.00025078952241332 -0.00079553891950319 -0.002671628649034 -0.0022498775922936 0.0074814512998333 0.019072058568131 -0.014377670246647
-0.0043702707160937 -0.0046019985007561 0.0013770102002105 0.0013169608593287 -0.00062756520950304 0.0030493879019085 0.0026028134419372 -0.0060910252948498 -0.014559331697512 0.012164046193631
