0.0014246979544653 -0.00025062850072004 -2.0710623278226e-05 -0.00078841589851872 0.00034817170372468 -0.00050545579613868 0.0015247043469966 0.0017488510239535 0.0016816872146732 -0.0079156798945754
-0.00021823392095029 0.0032728647508549 -0.00094605996747887 -0.00059615678577806 -0.00075599174665942 0.00084244842978933 0.002190157243014 0.0037407142707172 -0.0035032877869351 -0.0052815280396787
0.00013939732196202 -0.00082275082766474 0.0033442550305659 -0.0014090140999899 0.00023882593708985 0.00063061780104547 0.0024287995209705 -0.0026883099909209 -0.0016634817590387 0.0020972743897377
-0.00077927943103699 -0.00038666090058447 -0.0012654081645452 0.003383865064887 -0.0012000152153189 0.0014778107382213 -0.0033899095866191 -0.0022657360714941 0.0015254237351524 0.0046733856159693
0.00027269394466241 -0.0010224552843526 -0.00029172640850475 -0.0018050171164528 0.002031534987223 -0.0027256090842845 -3.5026795402996e-05 0.0006974843082783 0.0015443273689539 -0.00034707844803812
-0.0011938583651068 -0.00072429236656213 -0.0020966636391601 0.00082880660083285 -0.0012614162940745 -3.3146298624677e-05 -0.0039739179517829 0.00048594233601792 -0.00015761373069023 0.0094753771104753
-0.00031618518541289 -0.0032858482564389 -0.0013052716573772 0.0017852894347701 0.0026612560180745 -0.0030302959194744 -0.0045565672829401 -0.003920824460853 0.0063023359583941 0.0054655046135802
-0.0032387407316425 -0.0026947611440555 0.0018329687498098 0.0043389901079884 -0.0024619939852238 0.0034088785009724 -0.0062934882547114 -0.0093790999843738 -0.0015887936441728 0.026239949759792
-6.8600325181487e-05 0.0023650596456464 0.002659246011031 -0.0037882741375069 0.00090181918548143 -0.0003183893949178 0.0057002095177144 0.0015020479574758 -0.0051255718545163 -0.0037646730541591
0.0062909641987024 0.0060890663287545 -0.0045137145862778 -0.0030423141084253 -0.00050757065504203 -0.00034942790503073 0.0093600844787472 0.017777355294564 0.0019897404587299 -0.04990916430086
