0.0092612293517735 0.0021879841546742 -0.0015314341156027 -0.00010923947299316 -0.0018983082070727 0.0077830767898214 -0.0070259998953764 -0.0031628843995381 0.011722111812744 -0.011637355643026
0.0021879841546742 0.01118913787936 -0.0010174932512144 -0.0070632590051921 0.0077774213633224 0.0089896943935661 -0.013687340835874 -0.0029670867724588 0.011682797526124 -0.0075819207342713
-0.0015314341156027 -0.0010174932512144 0.0053722485684412 0.0029315307655368 0.0079343093753409 -0.002393819714169 0.00025347286631644 -0.0054413806754642 -0.008802226486087 0.006363348047328
-0.00010923947299316 -0.0070632590051921 0.0029315307655368 0.022716394198707 -0.0039485348788472 0.00092741095167482 0.0038465285392629 -0.010156960864918 -0.015391253775774 0.0028348424078102
-0.0018983082070727 0.0077774213633224 0.0079343093753409 -0.0039485348788472 0.02011366909096 0.0019266137010443 -0.0099334052203246 -0.0095752130921721 -0.0046401760319314 0.0055872017058218
0.0077830767898214 0.0089896943935661 -0.002393819714169 0.00092741095167482 0.0019266137010443 0.013637965226406 -0.015025233749203 -0.0063577369810632 0.014258593741656 -0.014294827128521
-0.0070259998953764 -0.013687340835874 0.00025347286631644 0.0038465285392629 -0.0099334052203246 -0.015025233749203 0.020212041421208 0.0084261650294234 -0.015398891886758 0.013132490925687
-0.0031628843995381 -0.0029670867724588 -0.0054413806754642 -0.010156960864918 -0.0095752130921721 -0.0063577369810632 0.0084261650294234 0.013614421667512 0.0046099752607339 0.001749702331688
0.011722111812744 0.011682797526124 -0.008802226486087 -0.015391253775774 -0.0046401760319314 0.014258593741656 -0.015398891886758 0.0046099752607339 0.032940073243693 -0.023560348186675
-0.011637355643026 -0.0075819207342713 0.006363348047328 0.0028348424078102 0.0055872017058218 -0.014294827128521 0.013132490925687 0.001749702331688 -0.023560348186675 0.021300520852629
