-0.0078379341159052 -0.0022186760433869 0.002111516264333 -0.00029555392863749 -0.00034221972566547 -0.0060139023350717 0.010448424094158 -0.001859257834258 -0.009067026889756 0.012375932758165
-0.0022186760433869 -0.009444670695764 0.0014920592111697 0.0028903670098512 -0.010956858636504 -0.00062076713368456 0.015165207277474 -0.0013083924862803 -0.0089350343061029 0.0070940529055532
0.002111516264333 0.0014920592111697 -0.0087389993067778 -0.0084979732372498 -0.0025314333327591 0.0059622248157227 0.0011587981910819 0.0097516035924567 0.0060259436738894 -0.017145161858247
-0.00029555392863749 0.0028903670098512 -0.0084979732372498 -0.017813576426511 0.0056502896054896 0.00061086949424373 0.0044676837581506 0.013253162013603 0.0035273524260113 -0.013847264175867
-0.00034221972566547 -0.010956858636504 -0.0025314333327591 0.0056502896054896 -0.019169412739966 0.0054564946534921 0.015925209935 0.0005869401133602 -0.0059371841228998 -0.0017681575431956
-0.0060139023350717 -0.00062076713368456 0.0059622248157227 0.00061086949424373 0.0054564946534921 -0.0085201311571598 0.0047340937966963 -0.004803634177668 -0.0084519491764153 0.016911909307526
0.010448424094158 0.015165207277474 0.0011587981910819 0.0044676837581506 0.015925209935 0.0047340937966963 -0.035050818489261 -0.0038014426471029 0.019709484685083 -0.013355082549868
-0.001859257834258 -0.0013083924862803 0.0097516035924567 0.013253162013603 0.0005869401133602 -0.004803634177668 -0.0038014426471029 -0.012235196305636 -0.0058906435082771 0.018743449865976
-0.009067026889756 -0.0089350343061029 0.0060259436738894 0.0035273524260113 -0.0059371841228998 -0.0084519491764153 0.019709484685083 -0.0058906435082771 -0.015802326498565 0.02119594474066
0.012375932758165 0.0070940529055532 -0.017145161858247 -0.013847264175867 -0.0017681575431956 0.016911909307526 -0.013355082549868 0.018743449865976 0.02119594474066 -0.042535453089839
