0.0066697410829963 0.0003998373196846 0.00012120167154641 -0.00051773255917072 0.00077545970325542 -0.00097848869855078 0.0011391858168149 -0.0012747437298943 0.0013913995988315 -0.0014960036445831
0.0003998373196846 0.0077415100307578 -0.00070573714442748 0.00056724355309566 -0.0008310900191255 0.00096735969339248 -0.001103384151226 0.0012075591210627 -0.0013047555153688 0.0013854323215349
0.00012120167154641 -0.00070573714442748 0.0080791166608603 -0.0014467009224286 0.00093007396817737 -0.0011915184493375 0.0012829340539702 -0.0014135335333072 0.0015021693697881 -0.0015959453156166
-0.00051773255917072 0.00056724355309566 -0.0014467009224286 0.0081127440078992 -0.0020458017504186 0.0012271745795737 -0.0015149245795808 0.0015709471486584 -0.0017016557117719 0.0017785260162785
0.00077545970325542 -0.0008310900191255 0.00093007396817737 -0.0020458017504186 0.0080755516844456 -0.002536955924444 0.0014729056586223 -0.0018028840340883 0.0018321643897133 -0.0019682449426492
-0.00097848869855078 0.00096735969339248 -0.0011915184493375 0.0012271745795737 -0.002536955924444 0.0080794620121539 -0.0029433786713835 0.0016746341273754 -0.0020612008617351 0.002071517339188
0.0011391858168149 -0.001103384151226 0.0012829340539702 -0.0015149245795808 0.0014729056586223 -0.0029433786713835 0.0081614974449807 -0.0032889165506284 0.0018421556358366 -0.0022946496044498
-0.0012747437298943 0.0012075591210627 -0.0014135335333072 0.0015709471486584 -0.0018028840340883 0.0016746341273754 -0.0032889165506284 0.0083291922924083 -0.0035922140710044 0.0019777200345661
0.0013913995988315 -0.0013047555153688 0.0015021693697881 -0.0017016557117719 0.0018321643897133 -0.0020612008617351 0.0018421556358366 -0.0035922140710044 0.0085690919879583 -0.003872030334117
-0.0014960036445831 0.0013854323215349 -0.0015959453156166 0.0017785260162785 -0.0019682449426492 0.002071517339188 -0.0022946496044498 0.0019777200345661 -0.003872030334117 0.008866292978668
