0.0015376922224093 -4.456633456037e-05 0.00028814412910151 -0.00058530583564555 0.00052086205912716 -0.00080134705679339 0.00063753943771655 -0.00091591449677139 0.0007147706359283 -0.0009836906682572
-4.7335872779956e-05 0.0042580362914222 -0.00012326266151453 -3.5081940811202e-05 -0.00053939230344668 8.2260667633096e-05 -0.00075202248375201 0.00016844195125307 -0.00085171595140639 0.00025699954064867
0.00032469545660494 -9.8752612531423e-05 0.005066051185782 -0.00066357795248411 0.00019128901936256 -0.00095524452032319 0.00027143768404537 -0.0011158268344173 0.00037208869905224 -0.0011788243675763
-0.00057157863667738 3.2465123706754e-05 -0.00060358606123193 0.0051787203041764 -0.0010626145537705 0.00054989346090782 -0.001163007973696 0.00061307918037342 -0.0012512522677461 0.00072939257796516
0.0005853442042319 -0.00045441893996889 0.00027906020409929 -0.0010515573270281 0.0048846110989328 -0.0014061855168919 0.00072700600809343 -0.0013717948471019 0.0007635914611093 -0.0013998171976789
-0.00077867885090046 0.00020502559142072 -0.00082533940442755 0.0006289392555845 -0.0013365264536894 0.0046770901358493 -0.0015860262246937 0.0011122503369411 -0.0014444004882531 0.0011382180522305
0.00071522052888626 -0.00063993990400906 0.00040871472098672 -0.0011046455754943 0.00079131544808808 -0.001601902607518 0.0042194105392185 -0.0017799931339722 0.0012218823117165 -0.001568683915468
-0.00090100142531025 0.00029901043370954 -0.00097525126531318 0.00072604639243407 -0.0012712571678612 0.0011624258386325 -0.0017250416205476 0.0040432384000865 -0.0018483039584466 0.0015829262442262
0.00078405138175713 -0.00076934012993384 0.00048789904147044 -0.0012009269878116 0.00083180248093227 -0.0014439918556741 0.0012430080465596 -0.0018767995401303 0.003601497591502 -0.0019684367741278
-0.00099997658650035 0.00032971624457123 -0.0011093351886645 0.00081193825338597 -0.0013386714734694 0.0011945204376407 -0.0015258122961967 0.0016101314237474 -0.0019431531389282 0.0035140952657087
