-0.0048571179413158 -0.00086318564658502 0.00053425942068583 -0.00037989641822036 0.00028145687831524 -0.00021033789786195 0.00016155371960773 -0.00012318165143742 9.2120739840717e-05 -6.6879367770117e-05
-0.00086201758304379 -0.0048458844499816 -0.0002554994216508 0.00018773799499956 -0.00014278216247202 0.00011420732738306 -8.4494891911091e-05 6.5982334406807e-05 -5.0765764117402e-05 3.6711448383986e-05
0.00053244093860849 -0.00025506189396705 -0.0045758547733048 5.1165252107239e-06 3.5752467317856e-05 -4.0918402825612e-05 3.5416637477573e-05 -2.2083432513131e-05 1.3813059655271e-05 -7.2965096012297e-06
-0.00037755296435797 0.00018697197930201 5.4258157954798e-06 -0.0041291055290558 0.0001808978718644 -8.2439629441156e-05 3.9196113998419e-05 -2.9673942212309e-05 2.9451227588042e-05 -3.1030679202128e-05
0.00027863702582896 -0.0001417412942462 3.5151034251122e-05 0.00018115059656333 -0.0036322273263861 0.00030678280593102 -0.00017481289087174 0.00010201259997302 -8.4442897766656e-05 7.2222424522441e-05
-0.00020708864809026 0.00011287362453556 -4.0131391693945e-05 -8.3022945117407e-05 0.00030696622747985 -0.0031437974183215 0.00039427188756053 -0.00024775236240792 0.00015013376091211 -0.00013008292593265
0.00015788533568621 -8.2971976133792e-05 3.4249124069055e-05 3.9777572426898e-05 -0.00017549975948028 0.00039431733583603 -0.0026928418411882 0.00045331835813509 -0.00030573355032567 0.00018643313646464
-0.0001191508629601 6.4098867962834e-05 -2.0989554181891e-05 -3.0996331842339e-05 0.00010218932974495 -0.00024878876231181 0.00045305666203177 -0.0022872601164083 0.00049328152900635 -0.0003527617830554
8.7676126872414e-05 -4.8884297317232e-05 1.1928509114967e-05 2.991123657758e-05 -8.6408772817736e-05 0.0001494103363896 -0.00030788895270834 0.00049184770371768 -0.0019239834885893 0.00052214231979032
-6.2149974360643e-05 3.4201724486407e-05 -6.3070855038415e-06 -3.3719074677204e-05 7.1256766168276e-05 -0.00013425652953925 0.00018218091692137 -0.00035852678881971 0.0005186652108503 -0.0015934878385136
