0.0050604563589158 0.0009855598443942 -0.0006587578622924 0.00051236434498608 -0.00042022726595685 0.00035639055295184 -0.00031249792621118 0.00027862689751294 -0.00025181167055676 0.00023039881426431
0.00098521338595358 0.00475401672461 0.00029476509622399 -0.00024402802946058 0.00021506655173303 -0.00019410590630247 0.00017273172052567 -0.00016004155741228 0.00014968143987363 -0.00014011423841472
-0.00065843596189236 0.00029480331705983 0.0043330225022261 4.8044621854109e-05 -0.00010488050115661 0.00012201391296834 -0.00012386140364802 0.00011821422954284 -0.0001154536201036 0.00011377182117726
0.00051208432305781 -0.00024412745006256 4.8102727531654e-05 0.0038170705088098 -0.00010838941261235 -3.1796871072312e-06 5.6876329874041e-05 -7.2248567459734e-05 7.9358611481924e-05 -8.2480243709701e-05
-0.00041999415742253 0.00021522950118057 -0.00010500559262435 -0.00010832888303023 0.0032972571935336 -0.00021072521012727 7.3312087892395e-05 9.4555836178931e-06 -3.1122326137704e-05 5.0215340808961e-05
0.00035620936311075 -0.00019433349834554 0.00012219968112808 -3.3165756459021e-06 -0.00021066881799289 0.0028099045461596 -0.00027586505066723 0.00013185898849523 -2.3326256412221e-05 2.8127056872714e-06
-0.00031237286048792 0.00017301503528462 -0.00012412521648882 5.7052084990803e-05 7.3140230031764e-05 -0.00027583031224875 0.0023700638369102 -0.00031469292473113 0.00017830326398483 -4.3380417794318e-05
0.00027855560477454 -0.00016039813823474 0.00011850615615183 -7.2577323065953e-05 9.5745715471214e-06 0.00013160135898722 -0.0003148086547574 0.0019786500201623 -0.00033619945158715 0.0002171599606525
-0.00025179690096989 0.00015007612557515 -0.00011590774014986 7.9580750526831e-05 -3.160863329019e-05 -2.3653038586346e-05 0.00017726255143041 -0.00033679878130869 0.0016288287170865 -0.00034735621113306
0.00023042491568258 -0.00014064780735072 0.00011413244417154 -8.3133647712174e-05 4.9723595603161e-05 7.8572261120566e-07 -4.5113677464978e-05 0.00021581811381309 -0.00034946869137094 0.0013094128868487
