-0.0028849490260998 -0.0011187633868628 0.00086445562698462 -0.00075337346280874 0.00071337215003924 -0.00067088666687945 0.00067647964290123 -0.00065470112684479 0.00067975215974149 -0.00065362820097387
-0.0011254992502318 -0.0040759611841704 -0.00084509151048136 0.00081165339669553 -0.00076009580061359 0.00078963357192472 -0.00073011118439666 0.00079874144995689 -0.00072283133227921 0.00083100934666199
0.00087379834975952 -0.00085008597866801 -0.0041757306302708 -0.00071954535441527 0.00077797769445984 -0.00074597945141698 0.00083945307077369 -0.00074217344596904 0.00088401741309896 -0.00073790954478447
-0.00076917079526776 0.00081076583895242 -0.0007271306278199 -0.0038513112187694 -0.00060035365053521 0.00076468314410688 -0.00072940528216262 0.00088800429865897 -0.00074774393568836 0.00096485175783817
0.00072554578162833 -0.00077900065817466 0.00076777266562487 -0.00061250461268474 -0.0033177202316227 -0.00051694501648648 0.00076667371993104 -0.00071964184855133 0.00093782021550566 -0.00075452572663379
-0.00069590937010977 0.00077918602873508 -0.00077787183848036 0.0007434925230654 -0.00053466461576927 -0.0027305868708773 -0.00046803491021835 0.00078293299459095 -0.00072036473675225 0.00098803787008705
0.00068866632459791 -0.00076917452963602 0.00080635353408999 -0.0007779888987292 0.00073385283854902 -0.00049098765430975 -0.0021518889855786 -0.00044765004485854 0.00081099151480299 -0.00073099728241562
-0.00069003986750331 0.00077195486042832 -0.00080906300311296 0.00083009091741162 -0.00078609880014815 0.00073883981280897 -0.00047653454899827 -0.0016129115928735 -0.00044954331057108 0.00084681432380259
0.00068972443944106 -0.00078788047169379 0.00081741097321128 -0.00084657167058957 0.00085482118855261 -0.00080377268072675 0.0007554393242915 -0.00048337049307752 -0.0011205217489551 -0.00046359918363537
-0.00070060029135059 0.00078138226064488 -0.00084996292614617 0.00085607789197554 -0.00088639216923334 0.00088039553212363 -0.00083315913098491 0.00077846154221065 -0.00050614732107485 -0.000671886424344
