0.0026885742335286 -0.00078605298715801 0.0007582510820488 -0.0010428369507124 0.001209625175749 -0.001451447592193 0.001477611973268 -0.0017096572042347 0.0016540707517751 -0.0019031011571878
-0.00078605298715801 0.0078974506465888 -0.0022914574009192 0.0012704854504269 -0.0016374073274737 0.0017595328948802 -0.0022419240739486 0.0021342119903727 -0.0026702176672637 0.0024042423490287
0.0007582510820488 -0.0022914574009192 0.010564495306724 -0.004066492013666 0.0021983944113942 -0.0025893963422791 0.0025773361413933 -0.0031344968107943 0.0029279233439703 -0.0035781212226839
-0.0010428369507124 0.0012704854504269 -0.004066492013666 0.011803070786099 -0.0054425103105463 0.0030981359248284 -0.0033918434640037 0.003352473154618 -0.0038112346183007 0.0036712894786305
0.001209625175749 -0.0016374073274737 0.0021983944113942 -0.0054425103105463 0.01229607961792 -0.0064944017249586 0.0038663338726772 -0.0041494519211281 0.003975421187293 -0.004456815963616
-0.001451447592193 0.0017595328948802 -0.0025893963422791 0.0030981359248284 -0.0064944017249586 0.012499984293131 -0.0072811895785571 0.0046815114288786 -0.0048174642327619 0.0046936421269907
0.001477611973268 -0.0022419240739486 0.0025773361413933 -0.0033918434640037 0.0038663338726772 -0.0072811895785571 0.012411163857272 -0.0078876693490861 0.0052996065806453 -0.0054577884851171
-0.0017096572042347 0.0021342119903727 -0.0031344968107943 0.003352473154618 -0.0041494519211281 0.0046815114288786 -0.0078876693490862 0.012388567534085 -0.0083492086760178 0.0060164167589333
0.0016540707517751 -0.0026702176672637 0.0029279233439703 -0.0038112346183007 0.003975421187293 -0.0048174642327619 0.0052996065806453 -0.0083492086760178 0.012186027796225 -0.0087251645245353
-0.0019031011571878 0.0024042423490287 -0.0035781212226839 0.0036712894786305 -0.004456815963616 0.0046936421269907 -0.0054577884851171 0.0060164167589333 -0.0087251645245353 0.012204013907423
