-0.010971438325941 -0.0020590893834379 0.0023454910390879 -0.0019446515151223 0.0017104781903535 -0.0015297092305977 0.0014062958418418 -0.0013121300198293 0.0012402591688346 -0.0011829018783004
-0.0020590893834379 -0.010912612980917 0.00044856032413878 0.0012485081165001 -0.0011102203012029 0.0010890323904128 -0.0010083737168324 0.00096589351231023 -0.00092478004115509 0.0008968015004341
0.0023454910390879 0.00044856032413879 -0.010433374155565 0.0013883564532678 0.00088381779463888 -0.00087087606406329 0.00095817111556321 -0.00092018374746024 0.00091668003798572 -0.00089537148725867
-0.0019446515151223 0.0012485081165001 0.0013883564532678 -0.0096602078277777 0.0019038946231954 0.00059024041268358 -0.00068639483554271 0.00085255687551541 -0.00085237579761775 0.00087925282553044
0.0017104781903535 -0.0011102203012029 0.00088381779463887 0.0019038946231954 -0.0087786817580436 0.0021637547617359 0.00035419134154022 -0.00053649741693236 0.00075663804075612 -0.0007955163600681
-0.0015297092305977 0.0010890323904128 -0.00087087606406329 0.00059024041268358 0.0021637547617359 -0.007900350987269 0.0022583317115217 0.00017310089702887 -0.00042107983192552 0.00068005959224018
0.0014062958418418 -0.0010083737168324 0.00095817111556322 -0.00068639483554271 0.00035419134154022 0.0022583317115217 -0.0070819884940135 0.0022424120147484 5.1050834457957e-05 -0.00033311986613786
-0.0013121300198293 0.00096589351231023 -0.00092018374746024 0.00085255687551541 -0.00053649741693236 0.00017310089702887 0.0022424120147484 -0.0063360996818487 0.0021601193103607 -2.6283009185139e-05
0.0012402591688346 -0.0009247800411551 0.00091668003798572 -0.00085237579761775 0.00075663804075612 -0.00042107983192552 5.1050834457956e-05 0.0021601193103607 -0.0056730806999734 0.0020314290442027
-0.0011829018783004 0.0008968015004341 -0.00089537148725867 0.00087925282553044 -0.0007955163600681 0.00068005959224018 -0.00033311986613786 -2.6283009185139e-05 0.0020314290442027 -0.0050823007057135
