0.014105777519978 0.0027651809892904 -0.0024318806515296 0.0019821896705372 -0.0016548706109054 0.0014248401535058 -0.0012524579519803 0.0011181616353371 -0.0010087367468452 0.00091799044326222
0.0027651809892904 0.013441347540255 -0.00017531675090208 -0.00090469154500499 0.00091438165038108 -0.00081795303717234 0.0007392742123829 -0.00066861249240848 0.0006126429592179 -0.00056276243155436
-0.0024318806515296 -0.00017531675090208 0.01226178478559 -0.0012421479301286 -0.00038488290906763 0.00057919485711757 -0.00057357898147008 0.00055505255073295 -0.00051808295064654 0.0004866695636576
0.0019821896705372 -0.000904691545005 -0.0012421479301286 0.011002526426936 -0.0018803048703828 -8.786930317311e-06 0.00031464992863863 -0.0003777948692222 0.00040445343970062 -0.00039569453731913
-0.0016548706109054 0.00091438165038108 -0.00038488290906763 -0.0018803048703828 0.0098086199114892 -0.0022602407521467 0.00027818588163212 8.8855879374444e-05 -0.00020750411474992 0.00027479924310248
0.0014248401535058 -0.00081795303717234 0.00057919485711757 -8.78693031731e-06 -0.0022602407521467 0.0087450868559703 -0.0024690591041687 0.00049567723865775 -9.5680206494029e-05 -5.9716855684977e-05
-0.0012524579519803 0.0007392742123829 -0.00057357898147008 0.00031464992863863 0.00027818588163212 -0.0024690591041687 0.007826623727007 -0.0025554027690676 0.00065760501815529 -0.00025226384207166
0.0011181616353371 -0.00066861249240848 0.00055505255073295 -0.0003777948692222 8.8855879374444e-05 0.00049567723865775 -0.0025554027690676 0.007044869637028 -0.0025692685515698 0.00077193733158865
-0.0010087367468452 0.0006126429592179 -0.00051808295064654 0.00040445343970062 -0.00020750411474992 -9.5680206494029e-05 0.00065760501815529 -0.0025692685515698 0.0063790932448508 -0.0025296787295322
0.00091799044326223 -0.00056276243155436 0.0004866695636576 -0.00039569453731913 0.00027479924310248 -5.9716855684978e-05 -0.00025226384207166 0.00077193733158865 -0.0025296787295322 0.0058158942575305
