-0.0060323531583992 -0.00205145645719 0.0016720909110491 -0.00020355105764815 -0.00059466733343347 -0.0046738823500425 0.0086179417931119 -0.0015433445198642 -0.0070923066110891 0.0094958595265627
-0.00205145645719 -0.0074772406109344 0.000667603356378 0.0017327251450033 -0.008925913586608 -0.00033247805895684 0.012557713268117 -0.00035300038555639 -0.0072896867019826 0.0052729125834152
0.0016720909110491 0.000667603356378 -0.0074289315820975 -0.0079296315463444 -0.0023196604394874 0.0047199184920408 0.0023603472597408 0.0085144546759928 0.0046853201624002 -0.014497454214364
-0.00020355105764815 0.0017327251450033 -0.0079296315463444 -0.014507332245882 0.0027024224958791 0.001602861773696 0.0047358445734678 0.011747243251754 0.0027373713920106 -0.012607254728307
-0.00059466733343347 -0.008925913586608 -0.0023196604394874 0.0027024224958791 -0.014589200546709 0.0036946221067444 0.014134352070163 0.001254705751462 -0.0049754068750661 -0.0017623347086368
-0.0046738823500425 -0.00033247805895684 0.0047199184920408 0.001602861773696 0.0036946221067444 -0.0061876178477599 0.0028982645559624 -0.0040883195716535 -0.0066296969809652 0.013545791386738
0.0086179417931119 0.012557713268117 0.0023603472597408 0.0047358445734678 0.014134352070163 0.0028982645559624 -0.029624556353847 -0.004777263890824 0.016008998551571 -0.0090258900506822
-0.0015433445198642 -0.00035300038555639 0.0085144546759928 0.011747243251754 0.001254705751462 -0.0040883195716535 -0.004777263890824 -0.010675759358363 -0.0047235915330544 0.01637370681736
-0.0070923066110891 -0.0072896867019826 0.0046853201624002 0.0027373713920106 -0.0049754068750661 -0.0066296969809652 0.016008998551571 -0.0047235915330544 -0.012317110164825 0.016291677049662
0.0094958595265627 0.0052729125834152 -0.014497454214364 -0.012607254728307 -0.0017623347086368 0.013545791386738 -0.0090258900506822 0.01637370681736 0.016291677049662 -0.034468346299581
