-0.002804002785541 -0.0031006258210753 0.0026380847874214 -0.0033124253642193 0.0020952732241989 0.0018597232748489 0.0083205375803058 -0.013089224759618 0.00015140659326823 0.0042335378844196
-0.0031006258210753 -0.0057718681762388 -0.0037781045028933 0.00090030385634347 0.00030442078365987 0.015558907006798 0.0012405268736695 -0.010561033817478 -0.012242795827592 0.0030462092783838
0.0026380847874214 -0.0037781045028933 -0.0086275468174344 -0.0013735816590578 0.013828326948273 0.00078583347498408 0.00055603404185639 -0.0004664382455903 -0.0095839099614268 -0.015576700251567
-0.0033124253642193 0.00090030385634347 -0.0013735816590578 0.0010103548727529 -0.0014637465436434 0.0034410918098897 0.00080093289222863 -0.0022745843599661 -0.0045589022457786 0.0073802277005814
0.0020952732241989 0.00030442078365986 0.013828326948273 -0.0014637465436434 -0.013289416575569 -0.0040945143751037 0.00089876785999346 -0.0017363460187415 0.018974709138985 0.0058650656115132
0.0018597232748489 0.015558907006798 0.00078583347498408 0.0034410918098897 -0.0040945143751037 -0.024275379415231 -0.0085098070245872 0.027816093764998 0.012665419735185 0.0038675929873675
0.0083205375803058 0.0012405268736695 0.00055603404185639 0.00080093289222863 0.00089876785999346 -0.0085098070245872 -0.0082917470161888 0.015408773422385 0.0083736856342 -0.016212054529479
-0.013089224759618 -0.010561033817478 -0.0004664382455903 -0.0022745843599661 -0.0017363460187415 0.027816093764998 0.015408773422385 -0.037347828904069 -0.018670598427189 0.022525489111007
0.00015140659326823 -0.012242795827592 -0.0095839099614268 -0.0045589022457786 0.018974709138985 0.012665419735185 0.0083736856342 -0.018670598427189 -0.018478172390493 -0.015062065593073
0.0042335378844196 0.0030462092783838 -0.015576700251567 0.0073802277005814 0.0058650656115132 0.0038675929873675 -0.016212054529479 0.022525489111007 -0.015062065593073 -0.016047430092546
