0.0053477879960516 0.0013062477070772 -0.00086186904198558 0.0006692354476232 -0.00055417771407618 0.00047574337182224 -0.00041900358930061 0.00037510115201635 -0.00033981939700582 0.00031048399919006
0.0013062477070772 0.0053816922505756 0.00029850812649725 -0.0002814146781715 0.00025374958750932 -0.00023253219390162 0.00021082583206656 -0.0001946538133548 0.00017959742329897 -0.00016805255172311
-0.00086186904198558 0.00029850812649725 0.0047926737197901 -5.1200155488709e-05 -8.8569591001496e-05 0.00011650053661073 -0.00013381023624378 0.00013012999095177 -0.00013078836630629 0.00012160934769823
0.0006692354476232 -0.0002814146781715 -5.1200155488709e-05 0.0041406040953073 -0.00025826621008648 3.7096111483399e-05 1.3291683992422e-05 -6.22745939767e-05 6.5001125144056e-05 -8.7681264488676e-05
-0.00055417771407618 0.00025374958750932 -8.8569591001495e-05 -0.00025826621008648 0.0035487237769604 -0.00037733065830723 0.00011642926623393 -7.2431764709548e-05 -1.2084529430773e-05 -9.1280535413445e-06
0.00047574337182224 -0.00023253219390162 0.00011650053661073 3.7096111483399e-05 -0.00037733065830723 0.0030579948220926 -0.00043730210185036 0.00015402939725599 -0.00016076153324004 1.036440433394e-05
-0.00041900358930061 0.00021082583206656 -0.00013381023624378 1.3291683992422e-05 0.00011642926623393 -0.00043730210185037 0.0026726326190399 -0.0004699603069035 0.00014529471461754 -0.00012869408133329
0.00037510115201635 -0.0001946538133548 0.00013012999095177 -6.22745939767e-05 -7.2431764709548e-05 0.00015402939725599 -0.0004699603069035 0.0023780669233171 -0.00037156632280876 0.00050991497245314
-0.00033981939700582 0.00017959742329897 -0.00013078836630629 6.5001125144056e-05 -1.2084529430773e-05 -0.00016076153324004 0.00014529471461754 -0.00037156632280876 0.0025703164870449 6.9680326736916e-05
0.00031048399919006 -0.00016805255172311 0.00012160934769823 -8.7681264488676e-05 -9.1280535413439e-06 1.036440433394e-05 -0.00012869408133329 0.00050991497245314 6.9680326736916e-05 0.0019089696434647
