-0.0049207008865635 -0.0015839585149675 0.0011674491576535 -0.0010084353299829 0.00092640568157405 -0.00087954171576933 0.0008530558508441 -0.00083803340366864 0.00082994320142207 -0.00082697677608868
-0.0015839585149675 -0.0053520514305904 -0.00061260513166026 0.00060623197044164 -0.00060215107003697 0.00060501670253878 -0.00060691866607403 0.00061355340308305 -0.00062138904029433 0.00062842726206273
0.0011674491576535 -0.00061260513166026 -0.0048098020251593 -0.00032054414437479 0.00047890478349491 -0.00053653591828461 0.00058049972616753 -0.00060293393969627 0.00062569203688275 -0.00064848307018889
-0.0010084353299829 0.00060623197044164 -0.00032054414437479 -0.0040990806285259 -0.00017069997820265 0.00041964080384867 -0.00050704802721308 0.00058254678402161 -0.00062028057829505 0.00064663361360707
0.00092640568157405 -0.00060215107003697 0.00047890478349491 -0.00017069997820265 -0.003402490450198 -0.00011298971368784 0.00040413174844729 -0.00049930786677031 0.00059353021042741 -0.00066148057098894
-0.00087954171576933 0.00060501670253878 -0.00053653591828461 0.00041964080384867 -0.00011298971368784 -0.0027941344463805 -0.00012402540359072 0.00041907349050968 -0.00051909889267539 0.00057606173934901
0.0008530558508441 -0.00060691866607403 0.00058049972616753 -0.00050704802721308 0.00040413174844729 -0.00012402540359072 -0.0023013579458659 -0.0001960467476004 0.00042832479261778 -0.00060284789101462
-0.00083803340366864 0.00061355340308305 -0.00060293393969627 0.00058254678402161 -0.00049930786677031 0.00041907349050968 -0.0001960467476004 -0.0019554389793757 -0.00035541727585739 0.00056680750752647
0.00082994320142207 -0.00062138904029433 0.00062569203688275 -0.00062028057829505 0.00059353021042741 -0.00051909889267539 0.00042832479261778 -0.00035541727585739 -0.0016221926129469 4.9999441344219e-05
-0.00082697677608868 0.00062842726206273 -0.00064848307018889 0.00064663361360707 -0.00066148057098894 0.00057606173934901 -0.00060284789101462 0.00056680750752647 4.9999441344219e-05 -0.00057347339271708
