0.0022881839487507 -0.00044943991252777 0.00093816612931317 -0.0013356492600142 0.0013583351079305 -0.0016892958336967 0.0015548957332866 -0.0019304110228169 0.0016639837589061 -0.0021376000474325
-0.00044943991252777 0.0065924822124042 -0.001507606110693 0.0015845423345904 -0.0023096028437128 0.0020081461773715 -0.0028064656205921 0.0022389584785502 -0.0032234485603623 0.0023482553261983
0.00093816612931317 -0.001507606110693 0.0079478255059005 -0.0027708246169809 0.0024679320878788 -0.0033212084912609 0.0027878924832281 -0.0037986177022576 0.0029813824204434 -0.0042585434408022
-0.0013356492600142 0.0015845423345904 -0.0027708246169809 0.0083292730090916 -0.0037393453013043 0.0033229788978434 -0.0040404422355498 0.0035871185063148 -0.0044369558595479 0.0037894821993075
0.0013583351079305 -0.0023096028437128 0.0024679320878788 -0.0037393453013043 0.008251422666553 -0.0045166493094697 0.0039187211327851 -0.0046867842892008 0.0040924864575148 -0.0050680039128393
-0.0016892958336967 0.0020081461773715 -0.0033212084912609 0.0033229788978434 -0.0045166493094697 0.0082792638464187 -0.0051121914191784 0.0046913785120241 -0.0051792074016498 0.0048551748268333
0.0015548957332866 -0.0028064656205921 0.0027878924832281 -0.0040404422355498 0.0039187211327851 -0.0051121914191784 0.00810405107766 -0.0056097092160444 0.0050923057962959 -0.0057134455570841
-0.0019304110228169 0.0022389584785502 -0.0037986177022576 0.0035871185063148 -0.0046867842892008 0.0046913785120241 -0.0056097092160444 0.0083186078717815 -0.0060013915957865 0.0057895993632268
0.0016639837589061 -0.0032234485603623 0.0029813824204434 -0.0044369558595479 0.0040924864575148 -0.0051792074016498 0.0050923057962959 -0.0060013915957865 0.0082111337813238 -0.0064545178809772
-0.0021376000474325 0.0023482553261983 -0.0042585434408022 0.0037894821993075 -0.0050680039128393 0.0048551748268333 -0.0057134455570841 0.0057895993632268 -0.0064545178809772 0.0084947705810817
