-0.0026452003240332 -0.0026741268640184 0.0026870019735116 -0.0027385133176776 0.0027798429573965 -0.0028450496381976 0.0029062773952311 -0.0029823766214604 0.0030429595664936 -0.0031213948379516
-0.0026741268640184 -0.0043181203225658 -0.00211002772193 0.0025186096150795 -0.002713892219255 0.0027789365140747 -0.0028852357763373 0.0029385232109157 -0.0030442785335777 0.0030785465100631
0.0026870019735116 -0.00211002772193 -0.0040563110303399 -0.0021194389053251 0.0028012069019168 -0.0031089034572245 0.0031954484361009 -0.0033529828243462 0.0034066337626898 -0.0035601387194109
-0.0027385133176776 0.0025186096150795 -0.0021194389053251 -0.0032878888315034 -0.0022070351827281 0.0030771027694934 -0.0034643833445706 0.003561322714987 -0.0037684842849028 0.0038066185668454
0.0027798429573965 -0.002713892219255 0.0028012069019168 -0.0022070351827281 -0.0023628052717233 -0.0023792524924676 0.0033568496439689 -0.0037952632249961 0.0038907390360208 -0.0041508789655832
-0.0028450496381976 0.0027789365140747 -0.0031089034572245 0.0030771027694934 -0.0023792524924676 -0.0014421743026652 -0.0026247232379609 0.0036385372561939 -0.0041159418590042 0.0041888012881297
0.0029062773952311 -0.0028852357763373 0.0031954484361009 -0.0034643833445706 0.0033568496439689 -0.0026247232379609 -0.00059659246091653 -0.0029323428602181 0.0039232146680263 -0.0044426165174984
-0.0029823766214604 0.0029385232109157 -0.0033529828243462 0.003561322714987 -0.0037952632249961 0.0036385372561939 -0.0029323428602181 0.00014515958853213 -0.0032988190754792 0.0042012995026087
0.0030429595664936 -0.0030442785335777 0.0034066337626898 -0.0037684842849028 0.0038907390360208 -0.0041159418590042 0.0039232146680263 -0.0032988190754792 0.00077488011057914 -0.0037119652380394
-0.0031213948379516 0.0030785465100631 -0.0035601387194109 0.0038066185668454 -0.0041508789655832 0.0041888012881297 -0.0044426165174984 0.0042012995026087 -0.0037119652380394 0.0012716262755114
