0.0058641101676172 0.0013870786822163 -0.00093711498391584 0.00075015315209679 -0.00062769821419966 0.0005502544836398 -0.00048137887761899 0.00036832651238948 -0.00059164593941229 0.00084512169973635
0.0013870118300311 0.0055402445949155 0.00019192689534721 -0.00022335170879796 0.00027587096129826 -0.00023144059938036 0.00016436296143886 -0.00064711802728466 0.00023453751514887 0.0024009349101473
-0.00093701588302712 0.00019179907647735 0.0045868610209092 -0.00021721924148258 7.4532334964211e-05 9.6344999318891e-05 -0.00048382773296791 -0.00017234005469263 0.00172603872232 0.0027485154225026
0.00074988023094186 -0.00022388147365944 -0.00022078263024033 0.0035953269612549 -0.00047090863112978 0.00012561821535885 -0.00023366477591184 0.00099433649243409 0.0022393656226081 -0.0014092250808516
-0.00062791651490653 0.00026717827211413 5.3443841302821e-05 -0.00044866193002544 0.0026389282665496 -0.00072612672886459 0.0010295901650389 0.0013448489040643 -0.00042268280595461 -0.0017294001904955
0.00054288758133763 -0.00025998400417064 0.00017252340628911 0.00050479096476615 -0.00050065107676077 0.0016847535256207 -0.00030427868794121 0.00081538061920478 -0.00076789216244619 0.00019912128625076
-0.00049069901105788 0.00030829776134317 0.00023760098253408 0.00036091055500668 0.00015023430530512 -0.0011499189106362 0.00064110304290273 -0.0010959686314454 0.0015725459220408 -0.00020577008221933
0.00051081572696791 0.00020672756540314 0.00046412247504816 -0.0010619414811716 -0.0012436456872263 0.0010842463714344 -0.00057385661238198 -0.00062662724173768 -0.0010874416184127 0.0020291523527078
-0.00021188604041111 0.00018109992721739 -0.0020159815317295 -0.0020848204872214 0.00047407100732855 0.00096107995812452 0.0013730814905708 -0.00083968147579705 -0.0022878312252486 -0.0010225263275295
-0.00010447789047634 -0.0027937200264822 -0.002464054051292 0.0012235328240596 0.0017556407786355 -0.00012920760614796 0.00057761325734893 0.002457895991182 -0.0011082026254246 -0.0041104140866924
