-0.0048483939316155 -0.00085809883819303 0.00053192548535324 -0.00037924827810987 0.00028134719880994 -0.00021080450467674 0.00016231801757039 -0.00012422252880316 9.3381938622256e-05 -6.8238232486502e-05
-0.0008567531273094 -0.0048249250067085 -0.00024931209619099 0.00018368922415638 -0.00014229156543746 0.00011348744900114 -8.4798843865826e-05 6.6316398985527e-05 -5.1403615725055e-05 3.7872775781028e-05
0.00052982918355157 -0.00024880931243896 -0.0045436170912687 1.3295463937172e-05 2.8451140837359e-05 -4.0838123668881e-05 3.3726407391921e-05 -2.2546941902767e-05 1.4064851128554e-05 -6.7035355901039e-06
-0.00037654903263022 0.00018279761906934 1.3642563331737e-05 -0.0040830345046005 0.00019166313116237 -9.4497516385157e-05 3.8348190034321e-05 -3.2734797060881e-05 2.9468405473829e-05 -2.8281706357299e-05
0.00027809294142764 -0.00014110808770032 2.7718590060304e-05 0.00019190843516606 -0.0035682777050255 0.00032103477090018 -0.00019356533872107 9.9964881733284e-05 -8.7698339688344e-05 7.4996651316346e-05
-0.00020706603165376 0.00011190611883077 -4.0038069024795e-05 -9.5342879536643e-05 0.00032108753566097 -0.0030562662167468 0.00041356040558816 -0.00027503761111848 0.00014725920163486 -0.00013415324169476
0.00015806893875796 -8.3149508729189e-05 3.2118137062393e-05 3.8607461053132e-05 -0.00019493116279575 0.00041293554349801 -0.0025737472608752 0.00048027383723956 -0.00034534277711167 0.00018673177610383
-0.0001196215239532 6.3918445202054e-05 -2.1781044015688e-05 -3.5238383584377e-05 9.8243882045584e-05 -0.00027917626339495 0.00047762197061298 -0.0021253461855296 0.00053301483436634 -0.00038958153852346
8.8186821321199e-05 -4.9578564928752e-05 1.0812789454093e-05 2.7143891513349e-05 -9.5573751731747e-05 0.00013959584350507 -0.0003536194987931 0.00052342881820805 -0.0017030705540401 0.00058478004658949
-6.2870944626364e-05 3.4174103498853e-05 -8.7784107131483e-06 -3.8992344555923e-05 6.3339535593287e-05 -0.00014980072492974 0.00015814673268962 -0.00044689950134808 0.00055648925913225 -0.0012899641494249
