0.0050517889764309 0.00097832301097524 -0.0006545836639761 0.00050998365994562 -0.00041836860122384 0.00035503021113726 -0.00031136065821308 0.00027769132973639 -0.00025096755267191 0.00022968726166769
0.00097791366712327 0.0047312600541123 0.00028688479632479 -0.0002381709872466 0.0002131459877296 -0.0001919749475671 0.00017155274327739 -0.000158831031491 0.00014893314077339 -0.00013887030632302
-0.00065419712471257 0.00028692523357356 0.0042985516374926 3.8362505778677e-05 -9.5052843582508e-05 0.00012039418953763 -0.00012059218460687 0.00011715248982113 -0.00011332494905881 0.00011395738043473
0.00050964170240775 -0.00023827795718827 3.842695981097e-05 0.0037684709771338 -0.00012024145954702 1.2480159793418e-05 5.6197424839319e-05 -6.692080520276e-05 7.9444075360856e-05 -7.932436763158e-05
-0.00041807639313209 0.00021332365681387 -9.5197681379681e-05 -0.00012018113662718 0.0032304562348153 -0.00022533516958808 9.742888365243e-05 1.1175981276172e-05 -2.2933066130991e-05 4.9748860426551e-05
0.00035479203619797 -0.00019223732237925 0.00012058190737754 1.2311611182965e-05 -0.00022530611793344 0.0027191823197295 -0.00029397953718327 0.00016794198640515 -1.8918183265407e-05 1.9285914116e-05
-0.00031119041111558 0.00017185016031199 -0.00012090559985574 5.630061059487e-05 9.6913924167637e-05 -0.0002943607955262 0.0022474806070793 -0.00033809101184696 0.00023346352204982 -1.4856699275748e-05
0.00027757641950036 -0.00015921984165356 0.00011736009045408 -6.7891218691817e-05 1.0103377960997e-05 0.00016683086912825 -0.00033830550127665 0.0018130809240651 -0.00036069145815151 0.00029622164981954
-0.0002509053056481 0.0001492490390181 -0.00011460509128051 7.7909443802414e-05 -2.483770351929e-05 -1.9335800362534e-05 0.00022665718336669 -0.00037373408770225 0.0014044109826516 -0.00043239625148848
0.00022957176656042 -0.00014023328572382 0.00011242410752947 -8.1301607880911e-05 4.9811448566145e-05 5.8278918883753e-06 -5.4101763952931e-05 0.00028914302016341 -0.00034680120345945 0.0010031951712235
