0.0041767313955742 0.00086371450869359 -0.00053652631931226 0.00038170092292435 -0.00028617236163576 0.00021506522015966 -0.00016896229635091 0.00013245862047655 -0.00010337660059776 7.9496805706518e-05
0.00086408833325542 0.0047251194318066 0.00032129611153597 -0.00024158717071411 0.00018427533908284 -0.000150077839271 0.00011339867520212 -9.2282119325746e-05 7.3427562278946e-05 -5.746047451066e-05
-0.00053651594130034 0.00032088760755196 0.0046446726499405 5.0904001270528e-05 -7.0446071267629e-05 6.8209954391269e-05 -5.7064873567234e-05 3.5688907834169e-05 -2.4281555219694e-05 1.4360173764418e-05
0.00038137260998367 -0.00024070723945101 5.0571013721206e-05 0.0042885589029489 -0.00014883339279627 6.4836424141782e-05 -2.765672622814e-05 2.2736412606034e-05 -2.8839858840467e-05 3.8044510368466e-05
-0.00028546480592872 0.00018319865707866 -6.953923504141e-05 -0.00014911437797801 0.0038078508300251 -0.00030617508666129 0.00017676546772667 -0.00010578893905836 9.482606212387e-05 -7.7591270965901e-05
0.00021411445257262 -0.00014839939673583 6.7266029765218e-05 6.5652904167936e-05 -0.00030661022445985 0.0032987519562636 -0.00042557565874722 0.00027063904110367 -0.00016451516881361 0.00016597383895279
-0.00016763361935855 0.00011160011295788 -5.5608962925984e-05 -2.9052833767422e-05 0.00017680726086634 -0.00042677821329629 0.0028041098558272 -0.00051646555649237 0.00035404299446598 -0.00020237712034749
0.00013084258757329 -9.0273708201623e-05 3.3173985136652e-05 2.2664345352888e-05 -0.00010948508591648 0.00026738554867607 -0.00052101807152464 0.0023378558701677 -0.00058821795089938 0.00043940797632083
-0.00010168744116593 6.9925628022199e-05 -2.442735910539e-05 -3.5088091007046e-05 8.8127245613493e-05 -0.00017837728462177 0.00033981623295856 -0.00060014382719743 0.0018967259432108 -0.00063567054282146
7.6796214266957e-05 -5.697601757803e-05 6.0775414878089e-06 2.8038829601099e-05 -0.0001010744857953 0.00013696100991558 -0.00023861923342009 0.00039378670338861 -0.00069035666580696 0.0014661789728441
