0.0015330967410362 -5.3317150067764e-05 0.00026794586557415 -0.00060215966079119 0.00049056500282094 -0.00082032683308715 0.00060681158559373 -0.00092698518223732 0.00069586313596489 -0.00097358752897492
-5.501578226794e-05 0.0042136075638312 -0.00017333996234063 -9.6471037693866e-05 -0.00060337499852621 1.1108831765128e-05 -0.00080935850071604 0.00011526243280855 -0.00087262348681884 0.00025637231613205
0.00031316295566097 -0.00014186043723416 0.0049766194490266 -0.00073787631309639 0.00010416228752306 -0.0010271700143404 0.00018958381634014 -0.0011590865965471 0.00033342776024812 -0.0011532887526513
-0.00058232981549241 -1.0370737810934e-05 -0.00066148128336846 0.0050829847913741 -0.0011287206632046 0.00049335775850008 -0.0012052621197348 0.00057606504518502 -0.0012539954327366 0.00074225141698262
0.00056818736954501 -0.00049897584232429 0.00021064946989475 -0.0011166646931127 0.0047603026533711 -0.0014655103552858 0.00067301320798171 -0.0013859051930957 0.00074478138744279 -0.001352032799198
-0.00079342483910061 0.00015607916824083 -0.00087381315548257 0.00058604420841872 -0.0013845306213679 0.0045791273775276 -0.0016181073745142 0.0011160783062116 -0.001424857703507 0.0011707549295887
0.00069192029669051 -0.00069028539118526 0.00033530813370176 -0.0011468932285837 0.00073703662211063 -0.0016393704567154 0.0040859942703207 -0.0017956485985556 0.001231189731071 -0.0015045946146935
-0.0009222034873875 0.00023876979639149 -0.0010279035520007 0.00068808172932228 -0.0012917688050735 0.0011660838234432 -0.0017464744988223 0.0039272100976681 -0.0018624544052717 0.0016418662140359
0.00075170984570279 -0.0008351065686926 0.00039929233320921 -0.0012397121501282 0.00077471893641429 -0.0014434358539882 0.0012281520294848 -0.0018914040540188 0.0034113481166429 -0.0019718689501679
-0.001031885882313 0.00024636969748404 -0.0011832352515205 0.00076655234884849 -0.0013620230610419 0.0011982796500061 -0.0015162298200403 0.0016500322918221 -0.0019923194480539 0.003279077397135
