-0.0049164242115868 -0.0015818414096929 0.0011675849645423 -0.0010099126731591 0.00092815133388537 -0.00088167214870741 0.00085531115020689 -0.00084042811462728 0.00083248486087554 -0.00082934258978708
-0.0015818414096929 -0.0053400867260274 -0.00060891668153986 0.00060468193786419 -0.00060394390316422 0.00060622915049074 -0.00060904183022937 0.00061553245208238 -0.0006232182033838 0.00063134097551339
0.0011675849645423 -0.00060891668153986 -0.0047900697444812 -0.00031483918975067 0.00047472444337449 -0.00053957932154918 0.00058127794325387 -0.00060554192634069 0.00062839651293214 -0.00064771040961263
-0.0010099126731591 0.00060468193786419 -0.00031483918975067 -0.004068822546787 -0.00016206756026711 0.00041139282963634 -0.00051183245081014 0.00058276835727511 -0.00062130485599173 0.0006560509940535
0.00092815133388537 -0.00060394390316422 0.00047472444337449 -0.00016206756026711 -0.0033575224386321 -9.9806019419195e-05 0.00039019987478203 -0.00050474390648439 0.0005978787122874 -0.00064756288427455
-0.00088167214870741 0.00060622915049074 -0.00053957932154918 0.00041139282963634 -9.9806019419195e-05 -0.0027284842975401 -0.00010237636509363 0.00040178831038794 -0.00051505052313349 0.00062081398681812
0.00085531115020689 -0.00060904183022937 0.00058127794325387 -0.00051183245081014 0.00039019987478203 -0.00010237636509363 -0.0022025647770498 -0.00015251159464421 0.00043717070478431 -0.00054691356251635
-0.00084042811462728 0.00061553245208238 -0.00060554192634069 0.00058276835727511 -0.00050474390648439 0.00040178831038794 -0.00015251159464421 -0.0017810844003401 -0.00024345829372016 0.00047004978154553
0.00083248486087554 -0.0006232182033838 0.00062839651293214 -0.00062130485599173 0.0005978787122874 -0.00051505052313349 0.00043717070478431 -0.00024345829372016 -0.0014759406009174 -0.00039944263510295
-0.00082934258978708 0.00063134097551339 -0.00064771040961263 0.0006560509940535 -0.00064756288427455 0.00062081398681812 -0.00054691356251635 0.00047004978154553 -0.00039944263510295 -0.0012380514521655
