0.0059138406084719 0.00024577756258286 0.00034548301580317 -0.00066321241431631 0.00088592543056325 -0.0010586996884637 0.0011992379583253 -0.0013195158195687 0.0014242870687516 -0.0015197743382251
0.00024577756258286 0.0066132323191195 -0.00065669905862963 0.00082755802153892 -0.00096137535641674 0.001074707808658 -0.0011768213871856 0.0012627624304173 -0.0013450553973133 0.0014127157739203
0.00034548301580317 -0.00065669905862963 0.0065688630075092 -0.0012740285920423 0.0012747163860405 -0.001340257313005 0.0014117674255923 -0.001496474906715 0.0015631323971577 -0.0016442989126635
-0.00066321241431631 0.00082755802153892 -0.0012740285920423 0.006218704474417 -0.0017641248127516 0.0016581048480193 -0.0016840074066918 0.0017209725124363 -0.0017987267983106 0.0018431731754646
0.00088592543056325 -0.00096137535641674 0.0012747163860405 -0.0017641248127516 0.0057995806996911 -0.0021508840026923 0.0019878944439361 -0.0019977721985398 0.0020016939704166 -0.0020848539172382
-0.0010586996884637 0.001074707808658 -0.001340257313005 0.0016581048480193 -0.0021508840026923 0.0054243844746259 -0.0024580179947082 0.0022706053433996 -0.0022877611108603 0.0022518896246182
0.0011992379583253 -0.0011768213871856 0.0014117674255923 -0.0016840074066918 0.0019878944439361 -0.0024580179947082 0.0051331270961051 -0.0027066025090007 0.0025092095420446 -0.0025655549774397
-0.0013195158195687 0.0012627624304173 -0.001496474906715 0.0017209725124363 -0.0019977721985398 0.0022706053433996 -0.0027066025090007 0.0049308118406763 -0.0029187638258325 0.0026948893391
0.0014242870687516 -0.0013450553973133 0.0015631323971577 -0.0017987267983106 0.0020016939704166 -0.0022877611108603 0.0025092095420446 -0.0029187638258325 0.0047988192049397 -0.0031425190788211
-0.0015197743382251 0.0014127157739203 -0.0016442989126635 0.0018431731754646 -0.0020848539172382 0.0022518896246182 -0.0025655549774397 0.0026948893391 -0.0031425190788211 0.0046656067013405
