-0.0049297046457637 -0.0015915007690507 0.0011719610053327 -0.0010111750782859 0.00092911298055251 -0.00088208803676623 0.00085581154960908 -0.00084099654903192 0.00083236907961181 -0.00083100311068607
-0.0015915007690507 -0.0053766582661926 -0.00062207792263228 0.0006133401842805 -0.00060421465426316 0.00060824703582566 -0.0006089472067719 0.00061512038791208 -0.00062648884679646 0.00062379009197091
0.0011719610053327 -0.00062207792263228 -0.0048490095363776 -0.00033390845023034 0.00049152535487651 -0.00053742659839383 0.00058463457624867 -0.00060747054822603 0.00062030716837453 -0.00067992072984708
-0.0010111750782859 0.0006133401842805 -0.00033390845023034 -0.0041574023161703 -0.00018911037175038 0.00043971320480096 -0.0005078510551269 0.00058238779967455 -0.00064768810034036 0.00057086164196667
0.00092911298055251 -0.00060421465426316 0.00049152535487651 -0.00018911037175038 -0.0034878876459084 -0.00014111936483241 0.00042991282861175 -0.00051562175201907 0.0005355291811848 -0.00074529461423257
-0.00088208803676623 0.00060824703582566 -0.00053742659839383 0.00043971320480096 -0.00014111936483241 -0.0029226020604133 -0.00018197798498948 0.00040766866536332 -0.00058217468613589 0.00083922143412148
0.00085581154960908 -0.0006089472067719 0.00058463457624867 -0.0005078510551269 0.00042991282861175 -0.00018197798498948 -0.0025352476649436 -0.00032491790132293 0.00070791459639372 0.00042168615187282
-0.00084099654903192 0.00061512038791208 -0.00060747054822603 0.00058238779967455 -0.00051562175201907 0.00040766866536332 -0.00032491790132293 -0.0020187286217629 0.00046714302146507 0.0017361425596379
0.00083236907961181 -0.00062648884679646 0.00062030716837453 -0.00064768810034036 0.00053552918118479 -0.00058217468613589 0.00070791459639372 0.00046714302146507 -0.00097487641696414 -0.00082752618418945
-0.00083100311068607 0.00062379009197091 -0.00067992072984708 0.00057086164196667 -0.00074529461423257 0.00083922143412148 0.00042168615187282 0.0017361425596379 -0.00082752618418945 -0.0033943085513456
