-0.0052190006382858 -0.0017837497909681 0.0012894158315016 -0.0010879965064011 0.0010052232458818 -0.00021462497566137 0.00085490665476972 -0.0044829178652649 0.0024153468452175 0.0058576640565169
-0.0017837497909681 -0.0061302917434129 -0.00090446776819445 0.0008323263636704 0.00038403606344304 0.0024434933300852 -0.004604952332699 -0.0063224464901379 0.007172079658787 0.0092833249586651
0.0012894158315016 -0.00090446776819445 -0.0061736595250806 0.0002963675057571 0.0033302649370268 -0.0026162154757203 -0.006500462197923 0.00035610640514704 0.0054488594558895 0.0014668815158142
-0.0010879965064011 0.0008323263636704 0.0002963675057571 -0.003873287112958 -0.0020066480345035 -0.0045195002833087 -0.0005853990331487 0.002349261315702 -0.0015406503454242 0.0052353239096502
0.0010052232458818 0.00038403606344304 0.0033302649370268 -0.0020066480345035 -0.012436282404673 -0.0011789999401889 0.0034633052624996 -0.0018896819314978 0.0024902615858445 -0.00038322256809359
-0.00021462497566137 0.0024434933300852 -0.0026162154757203 -0.0045195002833087 -0.0011789999401889 -0.0072074458081377 -0.0027594558283573 0.0049258800523763 -0.0012533043122341 0.0043493002973266
0.00085490665476972 -0.004604952332699 -0.006500462197923 -0.0005853990331487 0.0034633052624996 -0.0027594558283573 -0.0094581203153672 -0.0024888020810653 0.0092619006491693 0.0080174584150268
-0.0044829178652649 -0.0063224464901379 0.00035610640514704 0.002349261315702 -0.0018896819314978 0.0049258800523763 -0.0024888020810653 -0.0098151625550382 0.0088642299085216 0.0088314766509837
0.0024153468452175 0.007172079658787 0.0054488594558895 -0.0015406503454242 0.0024902615858445 -0.0012533043122341 0.0092619006491693 0.0088642299085216 -0.014663211101849 -0.011754476777926
0.0058576640565169 0.0092833249586651 0.0014668815158142 0.0052353239096502 -0.00038322256809359 0.0043493002973266 0.0080174584150268 0.0088314766509837 -0.011754476777926 -0.022864876527093
