0.007054013105241 0.0013862023380292 -0.0012187024966078 0.00099281997063324 -0.00082903127474655 0.00071380210255775 -0.00062736137559692 0.0005601805707219 -0.00050568674263158 0.00046039367090574
0.0013862023380292 0.0067274677049373 -8.4292188921394e-05 -0.00045652113863965 0.00045806144182504 -0.00040988892704986 0.00037098090014557 -0.00033570770788532 0.00030689337884737 -0.00028255113403789
-0.0012187024966078 -8.4292188921394e-05 0.0061420148027584 -0.00061752315602616 -0.00019961227255863 0.00029076037479061 -0.00028794152063988 0.00027807871509905 -0.00026141268043107 0.00024587170754491
0.00099281997063324 -0.00045652113863965 -0.00061752315602616 0.0055190296417207 -0.00093486808513318 -1.6355975731104e-05 0.00015721983377974 -0.00019145570668906 0.00020410541590293 -0.00020131040373907
-0.00082903127474655 0.00045806144182504 -0.00019961227255863 -0.00093486808513318 0.00493222608389 -0.0011235636267555 0.00011857558154139 4.4624946804594e-05 -0.00010759637219181 0.00013857747290662
0.00071380210255775 -0.00040988892704986 0.00029076037479061 -1.6355975731104e-05 -0.0011235636267555 0.0044140015170194 -0.0012237420359425 0.00021589233448392 -4.9764963667414e-05 -3.5156702808267e-05
-0.00062736137559692 0.00037098090014557 -0.00028794152063988 0.00015721983377973 0.00011857558154139 -0.0012237420359425 0.0039752380046507 -0.0012631823087905 0.0002812174431105 -0.00012887230723668
0.0005601805707219 -0.00033570770788532 0.00027807871509905 -0.00019145570668906 4.4624946804594e-05 0.00021589233448392 -0.0012631823087905 0.003613486477379 -0.0012625126086396 0.0003157180493
-0.00050568674263158 0.00030689337884737 -0.00026141268043107 0.00020410541590293 -0.00010759637219181 -4.9764963667415e-05 0.0002812174431105 -0.0012625126086396 0.0033193866708222 -0.0012421884383606
0.00046039367090574 -0.00028255113403788 0.00024587170754491 -0.00020131040373907 0.00013857747290663 -3.5156702808267e-05 -0.00012887230723668 0.0003157180493 -0.0012421884383606 0.0030617036301781
