0.0066564210043239 0.00014828415435742 0.0001781699438847 -0.0004721366120411 0.00072031889655401 -0.0009142934589112 0.0010741399745009 -0.0012085725554986 0.0013259497833964 -0.001431072461329
0.00014828415435742 0.0072182627638946 -0.00097649233128262 0.0007341613825007 -0.00080043968669854 0.00093866356758599 -0.0010508881822163 0.0011560531795219 -0.0012474240601926 0.0013278351661846
0.0001781699438847 -0.00097649233128262 0.0073528854016837 -0.0017356300705172 0.0012107598617932 -0.0011777895260847 0.001281101166032 -0.0013650250181042 0.0014550087621411 -0.0015397201619689
-0.0004721366120411 0.0007341613825007 -0.0017356300705172 0.0071588156299303 -0.00233033232696 0.0016256437169638 -0.0015292121845194 0.001603549861412 -0.0016660738467813 0.001738595073787
0.00072031889655401 -0.00080043968669854 0.0012107598617932 -0.00233033232696 0.0068568580232238 -0.0027933692127181 0.0019886263155545 -0.0018576344267106 0.0019031509530737 -0.0019536034793308
-0.0009142934589112 0.00093866356758599 -0.0011777895260847 0.0016256437169638 -0.0027933692127181 0.0065574045283782 -0.0031535094986284 0.0023041289260629 -0.0021653330515903 0.0021796754395015
0.0010741399745009 -0.0010508881822163 0.001281101166032 -0.0015292121845194 0.0019886263155545 -0.0031535094986284 0.00630322561852 -0.0034362329650275 0.0025772085399839 -0.002455229788082
-0.0012085725554986 0.0011560531795219 -0.0013650250181042 0.001603549861412 -0.0018576344267106 0.0023041289260629 -0.0034362329650275 0.0061081451175724 -0.0036633688172466 0.0028113128480123
0.0013259497833964 -0.0012474240601926 0.0014550087621411 -0.0016660738467813 0.0019031509530737 -0.0021653330515903 0.0025772085399839 -0.0036633688172466 0.0059717547889897 -0.003851758605029
-0.001431072461329 0.0013278351661846 -0.0015397201619689 0.001738595073787 -0.0019536034793308 0.0021796754395015 -0.002455229788082 0.0028113128480123 -0.003851758605029 0.0058897441929592
