0.0057265869907168 0.00093707241791615 -0.00047478793367507 0.00025427661227795 -0.00010880521753113 1.2749062438101e-06 8.3613028020526e-05 -0.00015414846020254 0.00021497107934417 -0.00026854643956562
0.00093707241791615 0.0055670754339989 -5.6735034476024e-06 4.2897879074059e-05 -8.7699373437029e-05 0.00013365120931869 -0.00017584136283927 0.00021372195133319 -0.00024798400104032 0.00027978740574943
-0.00047478793367507 -5.6735034476024e-06 0.0050150034465784 -0.00040554839005413 0.0002909759759689 -0.00027205632122403 0.00028455358150441 -0.00030654930124727 0.00033115149380861 -0.00035617196549658
0.00025427661227795 4.2897879074059e-05 -0.00040554839005413 0.0044079138381957 -0.00067365151175619 0.00048398054601256 -0.00042807076831503 0.00041859863195802 -0.00042700574860463 0.00044236572900641
-0.00010880521753113 -8.7699373437029e-05 0.0002909759759689 -0.00067365151175619 0.0038558134317709 -0.00085927342157651 0.00063918074528335 -0.00056370483370674 0.00053987740709243 -0.00053899983454299
1.2749062438101e-06 0.00013365120931869 -0.00027205632122403 0.00048398054601256 -0.00085927342157651 0.0033943959487658 -0.00098882574382476 0.00076510616646168 -0.0006822333836605 0.00064970575001192
8.3613028020526e-05 -0.00017584136283927 0.00028455358150441 -0.00042807076831503 0.00063918074528335 -0.00098882574382476 0.0030260494761042 -0.001081316348975 0.0008684214465358 -0.00078657703124319
-0.00015414846020254 0.00021372195133319 -0.00030654930124727 0.00041859863195802 -0.00056370483370674 0.00076510616646168 -0.001081316348975 0.0027396392159867 -0.0011507413104305 0.00095485408209314
0.00021497107934417 -0.00024798400104032 0.00033115149380861 -0.00042700574860463 0.00053987740709243 -0.0006822333836605 0.0008684214465358 -0.0011507413104305 0.0025203461235759 -0.0012068595190162
-0.00026854643956562 0.00027978740574943 -0.00035617196549658 0.00044236572900641 -0.00053899983454299 0.00064970575001192 -0.00078657703124319 0.00095485408209314 -0.0012068595190162 0.0023541643367869
