0.0025357195784658 -0.0012717550808306 0.00044032776208371 -0.001794389732862 0.0030591320970907 0.0018166117710327 0.00024359121840258 -0.012740698499907 0.005115847628722 0.0045490628350639
-0.0010798572855784 0.0054233785162307 -0.003605234156554 0.0020193968852183 0.00027216554888048 0.0048485056783601 -0.0079465836788184 -0.0009336752838067 -0.0046453359489718 0.0029444861874266
0.00064396484468325 -0.0034201104226515 0.0058180628945784 -0.0035871350186385 0.003582735297292 -0.0065751888931458 0.0042880487622035 0.0010627546688005 -0.00033492134019657 -0.0064170876842935
-0.0023941797583358 0.00094107123103811 -0.004917693310282 0.0055845762101703 -0.0089565441335412 0.0029829487448142 0.00070633641718042 0.012712084492118 -0.0016347011813017 0.0020620803160329
-0.00026788498966712 -0.0057897611825273 0.0032301736682442 -0.0034871388575224 -0.00018402463163937 -0.0074408910649516 0.011180547698046 0.0067952485207907 0.0069500726857318 -0.0075067474220537
-0.0056044100388599 0.0010123745578043 0.00036750350397047 0.0071370571512846 -0.011300878179852 -0.0044045510293505 0.00024734163380871 0.033556259812237 -0.015567301792995 -0.0088910715038894
0.0038356549162073 0.0014978037660731 0.002057460136342 -0.0076094585063724 0.013423943891618 0.0013336593451449 -0.0039483073844992 -0.026326552011357 0.0073094853861327 0.0025788338976268
0.0087635469456342 0.0060801590649642 -0.009639561024875 0.001317985898323 0.0072478554026503 0.023388778248405 -0.01680744223656 -0.055623646344135 0.012165417294326 0.03348981292264
-0.00054655064439988 -0.0017487827086991 0.0076667816255172 -0.0054609255560904 0.0068747470092634 -0.0098297316349529 0.0030774913515663 0.004140510715409 -0.0033554587803042 -0.012925768949832
-0.0097631791213509 0.0027070349364163 -0.00202811313365 0.0084105091960877 -0.015566980916614 -0.0067959848139015 0.0016666756824276 0.0535713970852 -0.019337692025296 -0.015282587964857
