-0.0050692200739276 -0.0013558735629803 0.00089026143404141 -0.0015659135437312 0.002212459607851 0.001997391527719 -0.0051584071209321 -0.00059810098258061 0.0075709882512881 -0.0076869310977015
-0.0013796016640656 -0.0043711704859232 -0.00056930789182802 -0.00013701531739693 0.0038067366648265 0.0017005858742266 -0.0086518054763847 0.0014778200481299 0.0050429222055574 -0.00028616117968737
0.0010531127007561 0.00019677070893213 -0.0023549090266367 0.0016356182606089 0.00059022890812095 -0.0024436583478411 0.0012106510982741 -0.0021823262147488 -0.00039624792295409 0.0024104614195787
-0.0003529679257492 3.9754327552291e-05 -0.0010994609255797 0.0005106260608381 0.00023203728207181 -0.0010924935525517 -0.00058848287766673 -0.0014745415353186 0.00021946436165259 -0.00015771424115014
-0.00040100392952231 -0.0047861993918022 -0.0025493949260228 0.0012682429901162 0.0049831491208531 -0.00013000484693905 -0.008115085355829 -1.1445989336289e-05 0.0056350295548375 0.0019849565975625
-0.0036958014715795 -0.00045487489035927 0.0022632958601816 -0.00206794263261 0.00021306039873593 0.0029638048937311 -0.0035271541042544 0.0012999863794568 0.0036993142871121 -0.0060641169292556
0.0068905941260024 0.007833763479935 0.001213468869035 0.00088016711328263 -0.0079684444010089 -0.0037392200778757 0.018422207546025 -0.0009545878981169 -0.014516041874348 0.0067108856898043
-0.0010357003741526 0.00041573138496738 0.0020523867836719 -0.0011974855701773 -0.0011528115538422 0.0026187639057094 -0.00055790084209436 0.0025481260293707 -0.00042196630918134 -0.0015693351609716
-0.0055352378103471 -0.004542891562752 0.0016521714608857 -0.0025360779700716 0.0047870840019425 0.0033004288396448 -0.010364164618798 0.00059873274901508 0.010998087903959 -0.0087565240067743
0.0072644818120014 0.0031194018126208 -0.005163022200718 0.0049787815558491 -0.0029265716491805 -0.0058594726245026 0.0087444929306694 -0.0023118649903654 -0.011120398770494 0.013600580993548
