-0.0023605538168213 -0.0028136480638417 0.003228333565188 -0.0019244925452651 0.0039705130003385 -0.0068159243418717 -0.0017828747459405 0.005737707322376 0.0049407828330579 -0.012096207863533
-0.0029486529455767 -0.0028908906093672 -0.00094500218732976 0.00469443078016 -0.003112600744029 -0.0051919552802465 -0.0063675064735085 0.012585764374292 -0.00010891165154228 -0.002643736330748
0.0028205596997214 -0.0021311313189231 -0.00050632043788291 -0.001210302632109 -0.00080900520177234 -0.0043573829974173 0.0057932795317226 -0.007420681809942 0.0060314855943555 0.00098765983234767
-0.0034535791855218 0.0013443638359313 -0.0013958877478411 0.0022227645867225 -0.0018250391650255 0.0012949513356822 -0.0059698867054166 0.0081090685264709 -0.0030311331909845 -0.00071008913277142
0.0023692178225245 -0.0019329333743637 0.0045966912646217 -0.002879357162828 0.0056499759369281 -0.0010081870731769 0.0034440355370199 -0.0031176307217054 0.00070609529258202 -0.0046665617784726
0.00086116113765363 0.010873667140133 -0.0042970882787326 -0.0026184670679117 -0.0017171957550929 0.018610789226811 0.0020564213014832 -0.013456150644518 -0.0099986221439547 0.014922942250969
0.008208457558657 7.3304466315208e-05 -0.0001066989554501 -0.0025856380899833 2.2129079754481e-05 0.0038624837204557 0.011931455415183 -0.019182222667629 0.0007212236864635 0.011886399980383
-0.012421852108757 -0.0061543689380624 0.0022359305862113 0.0062013097874776 0.00029245622615622 -0.0155034401279 -0.019061260769866 0.036343348978814 0.0035141822130867 -0.024532593404675
0.00097972080416284 -0.0080486007933926 0.0023661768435499 -0.0006144564638724 0.0008199531299726 -0.01508176936817 0.0025327417358685 0.0029679423327799 0.01138258957856 -0.0094708095120526
0.0033013559113189 0.0049091676513646 -0.0090006317842937 0.0062654033885674 -0.011252792429928 0.0098769659306605 0.002929580576033 -0.0096159638083737 -0.0062428764330054 0.02323306062276
