0.0022884042383005 -0.00044975995984931 0.00093831472306286 -0.0013357250530868 0.0013583664070309 -0.0016893069671648 0.0015548834910842 -0.0019304177753517 0.0016640293590879 -0.0021376574484638
-0.00044975995984931 0.0065933869040921 -0.0015084095020639 0.0015848373689716 -0.0023097466804006 0.0020081722192164 -0.0028065251047692 0.0022390101918809 -0.0032235006326516 0.0023484472168067
0.00093831472306286 -0.0015084095020639 0.0079493826756383 -0.0027720509828215 0.0024683151986346 -0.00332144983766 0.0027880520362929 -0.00379875479735 0.0029815368312654 -0.0042587283595003
-0.0013357250530868 0.0015848373689716 -0.0027720509828215 0.0083314781902514 -0.00374105887309 0.0033236199038249 -0.0040408133431979 0.0035874167770651 -0.0044372614107513 0.0037896156838162
0.0013583664070309 -0.0023097466804006 0.0024683151986346 -0.00374105887309 0.0082544487956125 -0.0045188757602983 0.003919604479024 -0.0046873715127465 0.0040927819762175 -0.0050681072083131
-0.0016893069671648 0.0020081722192164 -0.00332144983766 0.0033236199038249 -0.0045188757602983 0.0082830849211935 -0.0051150073115236 0.0046923436693327 -0.005179607878321 0.0048555374854804
0.0015548834910842 -0.0028065251047692 0.0027880520362929 -0.0040408133431979 0.003919604479024 -0.0051150073115236 0.0081084962487858 -0.0056126881309032 0.0050934136754324 -0.0057141138409966
-0.0019304177753517 0.0022390101918809 -0.00379875479735 0.0035874167770651 -0.0046873715127465 0.0046923436693327 -0.0056126881309032 0.0083237310571545 -0.0060049879535752 0.0057911046736504
0.0016640293590879 -0.0032235006326516 0.0029815368312654 -0.0044372614107513 0.0040927819762175 -0.005179607878321 0.0050934136754325 -0.0060049879535752 0.008217184574169 -0.006458809541071
-0.0021376574484637 0.0023484472168067 -0.0042587283595003 0.0037896156838162 -0.0050681072083131 0.0048555374854804 -0.0057141138409966 0.0057911046736504 -0.006458809541071 0.0085016236157898
