0.0053530778146063 0.0013049018974336 -0.00086147257498881 0.00066919246901104 -0.00055426183247465 0.00047579442422246 -0.00041891309323377 0.00037484096208163 -0.00033940104081264 0.00030996852480022
0.0013049018974336 0.0053849882823272 0.00029686309689665 -0.00028084282440355 0.00025344287685414 -0.00023232998490121 0.00021070973145033 -0.00019449065804338 0.00017941904205306 -0.00016798405488725
-0.00086147257498881 0.00029686309689665 0.0047964507199018 -5.3520000729443e-05 -8.7664054375329e-05 0.00011603516006821 -0.0001334344446418 0.00013002982249596 -0.00013090276093321 0.00012141607659455
0.00066919246901104 -0.00028084282440355 -5.3520000729444e-05 0.0041451251283793 -0.00026115447346168 3.8309752255913e-05 1.2854983277727e-05 -6.2136293391927e-05 6.4759671127886e-05 -8.7433800970161e-05
-0.00055426183247464 0.00025344287685414 -8.766405437533e-05 -0.00026115447346168 0.0035540275821673 -0.00038055496571003 0.00011752271676237 -7.3074578235526e-05 -1.1571181571221e-05 -9.6974999206495e-06
0.00047579442422246 -0.00023232998490121 0.00011603516006821 3.8309752255913e-05 -0.00038055496571003 0.0030636754760483 -0.00044111546101279 0.00015558548066381 -0.00016176609186566 1.1205589595282e-05
-0.00041891309323377 0.00021070973145033 -0.0001334344446418 1.2854983277727e-05 0.00011752271676237 -0.00044111546101279 0.0026792766816663 -0.00047449577621791 0.00014725393560002 -0.00013006733953886
0.00037484096208163 -0.00019449065804338 0.00013002982249596 -6.2136293391927e-05 -7.3074578235526e-05 0.00015558548066381 -0.00047449577621791 0.0023856177819982 -0.00037681825313523 0.00051204593091407
-0.00033940104081264 0.00017941904205306 -0.00013090276093321 6.4759671127886e-05 -1.1571181571221e-05 -0.00016176609186566 0.00014725393560002 -0.00037681825313523 0.00257853969933 6.5175585876915e-05
0.00030996852480022 -0.00016798405488725 0.00012141607659455 -8.7433800970162e-05 -9.6974999206495e-06 1.1205589595282e-05 -0.00013006733953886 0.00051204593091407 6.5175585876916e-05 0.0019181165961889
