0.0059941230519168 0.00022607201883597 0.00032965943864996 -0.00063622545593885 0.00086093800192117 -0.0010365829406794 0.0011788470956689 -0.0013008633685089 0.0014072385848678 -0.001504055336028
0.00022607201883597 0.0066648903304645 -0.00069547376103502 0.00082622100141695 -0.0009372872226894 0.0010503844504329 -0.0011567791907521 0.0012441589916504 -0.0013277755969177 0.0013970018539791
0.00032965943864996 -0.00069547376103502 0.0066455014696159 -0.0013287467279918 0.0012784434587553 -0.0013146869980742 0.0013842294851305 -0.0014741596384676 0.001542542770252 -0.0016250894055305
-0.00063622545593885 0.00082622100141695 -0.0013287467279918 0.0063168729971519 -0.001834571121691 0.001666347282559 -0.0016571601819321 0.0016911236590075 -0.0017747903389596 0.0018210916612936
0.00086093800192117 -0.0009372872226894 0.0012784434587553 -0.001834571121691 0.0059174152474798 -0.0022351407556921 0.0020004315527627 -0.0019704710863402 0.0019705253588886 -0.0020592501135488
-0.0010365829406794 0.0010503844504329 -0.0013146869980742 0.001666347282559 -0.0022351407556921 0.0055597307715365 -0.002554493478162 0.0022872654987038 -0.002259970548874 0.0022195028671695
0.0011788470956689 -0.0011567791907521 0.0013842294851305 -0.0016571601819321 0.0020004315527627 -0.002554493478162 0.0052837452464656 -0.0028128577045821 0.0025288972490457 -0.0025371293546202
-0.0013008633685089 0.0012441589916504 -0.0014741596384676 0.0016911236590075 -0.0019704710863402 0.0022872654987038 -0.0028128577045821 0.0050936634003438 -0.0030324587767594 0.0027159570047362
0.0014072385848678 -0.0013277755969177 0.001542542770252 -0.0017747903389596 0.0019705253588886 -0.002259970548874 0.0025288972490457 -0.0030324587767594 0.0049706511311163 -0.0032645695710168
-0.001504055336028 0.0013970018539791 -0.0016250894055305 0.0018210916612936 -0.0020592501135488 0.0022195028671695 -0.0025371293546202 0.0027159570047362 -0.0032645695710168 0.0048496591941127
