0.002296867066373 -0.00045566448207479 0.00094960199644804 -0.0013154962208763 0.001368287270596 -0.0016608212164087 0.0015764366425436 -0.0018910484562145 0.0017006872270694 -0.0020810709740511
-0.00045566448207479 0.0066330603425577 -0.0014981743364714 0.0016215490223807 -0.0022468454512344 0.0020438724157651 -0.0027218720617837 0.002305250746235 -0.0031078362136298 0.0024591488553778
0.00094960199644804 -0.0014981743364714 0.0080238670830041 -0.0027677502759065 0.0025304524681201 -0.0032379989482646 0.0028433568810893 -0.0036884227288856 0.0030790906197081 -0.004102430694551
-0.0013154962208763 0.0016215490223807 -0.0027677502759065 0.0084190591486836 -0.0037525980205284 0.0033772533162471 -0.0039588953134792 0.003618635323691 -0.0043332670220618 0.0038610793476117
0.001368287270596 -0.0022468454512344 0.0025304524681201 -0.0037525980205284 0.0083664253199549 -0.0045516035151237 0.0039953875843486 -0.0046005675562695 0.0041473680647911 -0.0049460156672014
-0.0016608212164087 0.0020438724157651 -0.0032379989482646 0.0033772533162471 -0.0045516035151237 0.0083686719792792 -0.005179112139263 0.0047370299342436 -0.0051076112822236 0.004870774748497
0.0015764366425436 -0.0027218720617837 0.0028433568810893 -0.0039588953134792 0.0039953875843486 -0.005179112139263 0.0082064907329318 -0.0057063079704959 0.0051786634118286 -0.0056180999455278
-0.0018910484562145 0.002305250746235 -0.0036884227288856 0.003618635323691 -0.0046005675562695 0.0047370299342436 -0.0057063079704959 0.0083586696198505 -0.0061248713856078 0.005866339914723
0.0017006872270694 -0.0031078362136298 0.0030790906197081 -0.0043332670220618 0.0041473680647911 -0.0051076112822236 0.0051786634118286 -0.0061248713856078 0.0082902561026204 -0.0065102321998676
-0.0020810709740511 0.0024591488553778 -0.004102430694551 0.0038610793476117 -0.0049460156672014 0.004870774748497 -0.0056180999455278 0.005866339914723 -0.0065102321998676 0.0086396642408779
