0.0055192473777638 0.0012985712839175 -0.00090220300915362 0.00071636513610551 -0.00059683560379103 0.00051468243377542 -0.00045475607640628 0.00040807045076325 -0.00037032195200092 0.00033891569944412
0.0012985712839175 0.0054824835356855 0.00023855449065461 -0.00029265281867741 0.00028949969418318 -0.00026410093886509 0.00023967813639982 -0.00022123090667109 0.00020439704658722 -0.00018986933133754
-0.00090220300915362 0.00023855449065461 0.0048942341569901 -0.00013244494441329 -8.6182485079794e-05 0.00015377496624843 -0.00016603527774787 0.00016009539026735 -0.00015691133791902 0.00014945852415682
0.00071636513610551 -0.00029265281867741 -0.00013244494441329 0.0042488606197904 -0.00035690978019224 5.1823584816615e-05 5.2519321767557e-05 -9.332235368628e-05 9.8620402827251e-05 -0.00010951860712956
-0.00059683560379103 0.00028949969418318 -8.6182485079795e-05 -0.00035690978019224 0.0036588706023295 -0.00049236785027088 0.00014556772430258 -2.8561285198078e-05 -3.7322692237234e-05 4.5690686155999e-05
0.00051468243377542 -0.00026410093886509 0.00015377496624843 5.1823584816614e-05 -0.00049236785027088 0.0031635346403053 -0.00056610803774288 0.00020261416899331 -9.5064695189565e-05 1.3398317362306e-06
-0.00045475607640628 0.00023967813639982 -0.00016603527774787 5.2519321767558e-05 0.00014556772430258 -0.00056610803774288 0.0027664885413341 -0.0005976499095975 0.00022639807429681 -0.00016230337303814
0.00040807045076325 -0.00022123090667109 0.00016009539026735 -9.332235368628e-05 -2.8561285198077e-05 0.00020261416899331 -0.0005976499095975 0.0024575153607681 -0.00061136454509053 0.00021465888443475
-0.00037032195200092 0.00020439704658722 -0.00015691133791902 9.8620402827251e-05 -3.7322692237234e-05 -9.5064695189566e-05 0.00022639807429681 -0.00061136454509053 0.0022196155419459 -0.00056922139241824
0.00033891569944412 -0.00018986933133754 0.00014945852415682 -0.00010951860712956 4.5690686156e-05 1.3398317362307e-06 -0.00016230337303814 0.00021465888443475 -0.00056922139241824 0.0022809470792452
