-0.0022625443635917 -0.0027965070214232 0.0025940387731859 -0.0026050727753561 0.0026623231068898 -0.0027386114908821 0.0028150654842278 -0.0028985914821766 0.0029704211284401 -0.003051737203502
-0.0027965070214232 -0.0039359692233977 -0.0023639395246419 0.0024483601893213 -0.0025633465122313 0.0026583279121288 -0.0027643909409534 0.0028415478569375 -0.0029468593396325 0.0030034674913454
0.0025940387731859 -0.0023639395246419 -0.0034425601932861 -0.0025018597771737 0.0027468394718261 -0.0029404887393345 0.0030703279354808 -0.0032164732964103 0.0033019986917929 -0.003444607741722
-0.0026050727753561 0.0024483601893213 -0.0025018597771737 -0.0024716652643765 -0.0026915538757598 0.0030407953431245 -0.0032935353034098 0.0034418148864703 -0.0036231656780025 0.0037056218652372
0.0026623231068898 -0.0025633465122313 0.0027468394718261 -0.0026915538757598 -0.0013832777268851 -0.0029419966358389 0.0033388849853087 -0.0036317590802283 0.0037872465220776 -0.0039990679750464
-0.0027386114908821 0.0026583279121288 -0.0029404887393345 0.0030407953431245 -0.0029419966358389 -0.00033641870487847 -0.0032404978529838 0.0036418688494674 -0.0039626354389743 0.0041128410842395
0.0028150654842278 -0.0027643909409534 0.0030703279354808 -0.0032935353034098 0.0033388849853087 -0.0032404978529838 0.00060795375680368 -0.0035753880685248 0.0039503173849315 -0.0042907632056454
-0.0028985914821766 0.0028415478569375 -0.0032164732964103 0.0034418148864703 -0.0036317590802283 0.0036418688494674 -0.0035753880685248 0.0014323311889285 -0.0039373122358818 0.0042587514657586
0.0029704211284401 -0.0029468593396325 0.0033019986917929 -0.0036231656780025 0.0037872465220776 -0.0039626354389743 0.0039503173849315 -0.0039373122358818 0.0021417962731877 -0.0043207181740769
-0.003051737203502 0.0030034674913454 -0.003444607741722 0.0037056218652372 -0.0039990679750464 0.0041128410842395 -0.0042907632056454 0.0042587514657586 -0.0043207181740769 0.0027386179165882
