0.0068388434895381 0.00019657443802184 0.00046088815600875 -0.00081389378933151 0.0010663002338215 -0.001262611003307 0.0014258427873222 -0.0015420233601559 0.001766348354323 -0.0016101893692469
0.00018869237494997 0.0072914057432118 -0.00092192221487985 0.0010595186158069 -0.0011730458964723 0.001302651203396 -0.0013844612614833 0.0016203524734186 -0.0012460431889916 0.0016251827197112
0.00047421011078423 -0.00092542259779858 0.0069324335113262 -0.0016809184611197 0.0016177292820734 -0.001597473854138 0.0017915558626996 -0.0014917846411893 0.0020052274398365 -0.0039868065558997
-0.00083171949320321 0.0010670003167373 -0.0016853067173878 0.0062650432879743 -0.0022817333139198 0.0021459955582119 -0.001812829851291 0.0022311899416095 -0.0033339159587281 -0.0012852702175502
0.0010884701244839 -0.0011869179835531 0.00161568656112 -0.0023000557519652 0.005517609623442 -0.0027372574622472 0.0026369158475417 -0.0029243566536665 0.00033346198190645 -0.0035679443755904
-0.0012930213314945 0.0012998903365413 -0.0016520919926348 0.0020523622767244 -0.0028663020329594 0.004750769096201 -0.0034584930062824 0.0020261158514655 -0.0031891832643737 0.0038976766027501
0.0014450746661281 -0.0014657308986253 0.0016055615547203 -0.0022045579787006 0.0024515354121481 -0.0030869320058522 0.0039134804776529 -0.003978010721144 0.0040167089177354 -0.0024916904106685
-0.0016206419758056 0.001377233611261 -0.0021318741858401 0.0018972092825851 -0.0017186669622953 0.0039638391482564 -0.0035507084641357 0.0028735800430787 -0.0043163639350741 0.0039930124260829
0.0016194948452893 -0.0020064649554414 0.0016699994164255 -0.0010023655748953 0.0044912880481572 -0.0018884925817818 0.0030165302969214 -0.004378176946591 0.0014122504009505 -0.0049717390672743
-0.0020215604500211 0.0016893508105381 -1.0530318160269e-05 0.0055943607575267 -0.0013980507584926 0.0016290671020282 -0.0027352922518422 0.0044333099237804 -0.0052458809293156 -0.00079727450937326
