0.0027563188261474 -0.00074138201989913 0.00095829332872731 -0.0019260348515033 0.0014037239264079 -0.0022883335775461 0.0018120336941162 -0.0022392251810206 0.0024627555737714 -0.001664098822712
-0.00069149625940062 0.0072652905947396 -0.0024872814478604 0.0013807463061815 -0.0034347201696597 0.0020041897256316 -0.0035758864353139 0.003039217723192 -0.0028058902599159 0.0052686977645596
0.0010847900527639 -0.0023679086258704 0.0082980209652371 -0.0041326779140933 0.002471747807113 -0.0044350313423811 0.0032994162932564 -0.0040765520394738 0.005070446715803 -0.001750969532253
-0.0017949082714404 0.0016857685553439 -0.0039114710552225 0.0087292478805032 -0.0050013590345277 0.0040432034553768 -0.0047960066946582 0.0049834862278482 -0.0038584761033153 0.0071128456265556
0.0015468227870645 -0.0032137693015716 0.0026767452658858 -0.0050046730387214 0.0083858681013476 -0.0057216294078764 0.005021078650646 -0.0047812492240234 0.006427617738614 -0.0053572991425123
-0.0022787932034112 0.0021764423212284 -0.0043128460708301 0.0041445518562281 -0.0056986924547386 0.008593900242339 -0.0062494039126394 0.0064347247988929 -0.006323245973258 0.0036411082777183
0.0016933529703102 -0.0038828771496346 0.0030176614129938 -0.005021017865517 0.004703734766733 -0.0064625125398121 0.0077655611209016 -0.0071958558324259 0.0052473346688883 -0.0079060469376796
-0.0027101402748314 0.0022293880997402 -0.0050565554069146 0.0043238651879225 -0.0059141437536912 0.0059117255254747 -0.0071598263711903 0.0072795688960877 -0.0093059743624799 0.0064710641369099
0.0015930035460555 -0.0048590991770406 0.0025849625020856 -0.006180064909933 0.0042137915178822 -0.0054618101725518 0.0075109262556139 -0.007677559865765 0.0051604893988038 -0.010369421702236
-0.003387912344999 0.0012303068335124 -0.0073349972897189 0.0034082998561475 -0.0054776234551292 0.0091532085155554 -0.0051165224474244 0.0074170536521855 -0.010633597604829 0.0023447960873931
