0.0058819179966164 0.0013994458020435 -0.00094428735122452 0.00075297622613781 -0.00062969979660836 0.00054839713008677 -0.00048114899859968 0.00043746298660335 -0.00051550475062861 0.00022759442723812
0.0013993758088193 0.005584392789139 0.00020517730884809 -0.00023654164597567 0.00027357032282218 -0.00023941921352975 0.00024899334723916 -0.00036691055593674 -0.00028973587113603 0.00027023213765798
-0.00094416822509079 0.00020507464607807 0.00465608998017 -0.00020214452339097 4.1888096464449e-05 0.00014564416518122 -0.000222425272164 -0.00034505349061746 -0.00021033873914375 0.0026656392526239
0.00075270350499561 -0.0002367276965597 -0.000203079502506 0.0037006444403912 -0.00043337866676592 0.00021589462808944 -0.00026578657259864 -0.00025108916009959 0.0016424970675696 0.0019479196611364
-0.00062955124352108 0.00027144871138513 3.1322785736237e-05 -0.00044465819168801 0.0028012268986859 -0.00069380886077303 0.0003379802403193 0.00083887775567584 0.001446296419964 -0.00093684870785604
0.00054655390029928 -0.00025572633570578 0.00011808246202453 0.0003058160251851 -0.00047814357193235 0.0019393963815585 -0.00044141180802408 0.0014572584041324 -0.00034827876844007 -0.00079575371460624
-0.00049170560027086 0.00022522761089705 -2.759870052121e-05 0.00037295500744082 0.00063596318316707 -0.00093872336947509 0.0010440533320221 -0.00089891869172056 0.00077751340796142 0.00031518644449864
0.00044182699726985 -7.3645844591384e-05 0.00063968162505744 0.00018420293623787 -0.00078275763276387 6.9017018673198e-05 -0.00067215243606325 7.3436317929238e-06 -0.00084079632881675 0.0014533361041081
-0.00028758335743245 0.00070588868878696 -7.7830987972968e-05 -0.0014803152228502 -0.0013755083716954 0.00046705909325451 0.0015272141090682 -0.00095692395275169 -0.0013138528174901 -0.0011182133001167
0.00051235464101927 -0.00066215570464425 -0.0023791436561977 -0.0021264035214583 0.00098393734574924 0.00094077543006096 -1.606637056842e-05 0.0020119641688132 -0.00099174839633579 -0.0030745415799111
