-0.0055484840761058 -0.0017206000351797 0.0012823691906938 -0.001121410026103 0.0010314877140562 -0.00098083303024304 0.00095688839110507 -0.00091219644587319 0.0009531200244997 -0.0012042666495818
-0.0017230776512662 -0.0056767543488146 -0.00055092896886333 0.00059732249552843 -0.00065069576073195 0.00065843348846718 -0.00063185039425786 0.00076210957344769 -0.00091866484512283 -0.00078865336445323
0.0012864486042388 -0.00055230590095594 -0.0047684019262744 -0.00019126533375351 0.00040484215747985 -0.00056226719718032 0.00069033040201851 -0.00076791222195444 -0.00052032361916229 -0.0023694915838323
-0.0011273800473247 0.00059841226554065 -0.00019428260256554 -0.0037153516882894 5.4891678582127e-06 0.00030775419480582 -0.00062863733417433 -0.00016786941110584 -0.0020687767208441 0.0018977272177465
0.0010378761819765 -0.00065818071394353 0.00039644148863318 -1.6123347624601e-05 -0.0026726687887379 8.6430767442894e-05 -0.0002292818195906 -0.0015029087135485 0.0010729133907401 0.0018211034472647
-0.00099184728563865 0.00064775112107665 -0.00062191190586558 0.00021398918403072 9.8979087914291e-05 -0.0016538157165063 -0.00012522966153399 0.00012462994372277 0.00054857510763785 0.00094201798926862
0.00095805315910853 -0.00071038956734936 0.00052625461846199 -0.00056407043521975 0.00048363784614173 0.00043287994940127 -0.00059326413784072 0.00064206241375136 -0.00017171042101159 -0.0012233838769297
-0.00097151798891962 0.00059433593984698 -0.00056620501989623 0.0013513901657888 0.00018397052802365 -0.00022149872680515 -0.00019659535470283 0.00062785805666834 0.00027853638506541 -0.00052257319300638
0.00091440492006907 -0.00046115282843751 0.0018964146100269 0.0006891546507929 0.00010177318923413 -0.0021416676126906 -0.00050181234929253 0.0003895554012952 0.0021669861555032 0.00044927215286495
-0.00065542231400309 0.002196047659112 0.00094730877129773 -0.00045769302570425 -0.0032704171853786 0.00024132888105167 -0.00085688490861488 -0.0011887172615417 0.00052810217639828 0.0041868668556219
