0.0059221663982647 0.00025457350091921 0.00034195559542484 -0.00066269838753339 0.00088553016590546 -0.0010596027913939 0.0011990326844198 -0.0013212388512911 0.0014228276246687 -0.0015243517769989
0.00025457350091921 0.0066433156227583 -0.00064406628760704 0.0008203287396098 -0.00096274002730806 0.0010716389027383 -0.0011811011394681 0.0012575819351615 -0.0013557236463578 0.0013937120960428
0.00034195559542484 -0.00064406628760704 0.0066194869488032 -0.0012554120133613 0.0012593489205544 -0.0013467899183579 0.0014013833137768 -0.0015116061595204 0.0015389144143955 -0.0016939737821793
-0.00066269838753339 0.0008203287396098 -0.0012554120133613 0.0062957258830699 -0.0017386311404126 0.0016283893851764 -0.0017031554809426 0.0016903232703714 -0.0018501791335365 0.0017340874595146
0.00088553016590546 -0.00096274002730806 0.0012593489205544 -0.0017386311404126 0.0059115321637149 -0.0021189531820157 0.0019298070275356 -0.0020526499204225 0.0018959739123263 -0.0023170566417376
-0.0010596027913939 0.0010716389027383 -0.0013467899183579 0.0016283893851764 -0.0021189531820157 0.0055786379542344 -0.002430679075253 0.0021332004920142 -0.002502038401383 0.0019031235426544
0.0011990326844198 -0.0011811011394681 0.0014013833137768 -0.0017031554809426 0.0019298070275356 -0.002430679075253 0.0053115860305736 -0.0027795533926083 0.0021372455377751 -0.0026603015897659
-0.0013212388512911 0.0012575819351615 -0.0015116061595204 0.0016903232703714 -0.0020526499204225 0.0021332004920142 -0.0027795533926083 0.0050300488770101 -0.0028248889676904 0.0034923386172596
0.0014228276246687 -0.0013557236463578 0.0015389144143955 -0.0018501791335365 0.0018959739123263 -0.002502038401383 0.0021372455377751 -0.0028248889676904 0.0062201729941936 -0.0012602167634629
-0.0015243517769989 0.0013937120960428 -0.0016939737821793 0.0017340874595146 -0.0023170566417376 0.0019031235426544 -0.0026603015897659 0.0034923386172596 -0.0012602167634629 0.0061076134765575
