-0.0022700127560625 -0.0028278899349348 0.0026270790445176 -0.0026396538471752 0.0026995914176895 -0.002776440294068 0.0028562109178826 -0.0029386463921805 0.0030153144160824 -0.0030930306688084
-0.0028278899349348 -0.0039545354915277 -0.0023931923927006 0.002483216288538 -0.0025979373534904 0.0026991781806491 -0.0028008143660313 0.0028883517059165 -0.0029827745688922 0.0030576934664357
0.0026270790445176 -0.0023931923927006 -0.0034530499250234 -0.0025334625737554 0.0027893750451595 -0.0029797445763318 0.0031213618732329 -0.0032563679130887 0.0033620587894901 -0.0034810291623433
-0.0026396538471752 0.002483216288538 -0.0025334625737554 -0.0024681458259467 -0.002723404686161 0.0030911991135845 -0.0033359873145618 0.0035036268594133 -0.0036642482982228 0.0037801576690082
0.0026995914176895 -0.0025979373534904 0.0027893750451595 -0.002723404686161 -0.0013612286132233 -0.0029719917887619 0.0033972027261619 -0.0036764864227079 0.0038599412247364 -0.004039478112642
-0.002776440294068 0.0026991781806491 -0.0029797445763318 0.0030911991135845 -0.0029719917887619 -0.00029092177340543 -0.0032658636992963 0.0037087857600244 -0.0040078921510189 0.0041985897822439
0.0028562109178826 -0.0028008143660313 0.0031213618732329 -0.0033359873145618 0.0033972027261619 -0.0032658636992963 0.00068207626132823 -0.0035921001279952 0.0040265400795641 -0.0043341615565523
-0.0029386463921805 0.0028883517059165 -0.0032563679130887 0.0035036268594133 -0.0036764864227079 0.0037087857600244 -0.0035921001279952 0.0015434629312848 -0.0039388917262236 0.0043482758609614
0.0030153144160824 -0.0029827745688922 0.0033620587894901 -0.0036642482982228 0.0038599412247364 -0.0040078921510189 0.0040265400795641 -0.0039388917262236 0.0023012972821077 -0.0042961564866085
-0.0030930306688084 0.0030576934664357 -0.0034810291623433 0.0037801576690082 -0.004039478112642 0.0041985897822439 -0.0043341615565523 0.0043482758609614 -0.0042961564866085 0.0029690906928261
