0.0034308933062992 0.0014050285702038 -0.00086802180343729 0.00063531811504623 -0.00050481744952011 0.00042654752804441 -0.00033388543211876 0.00027270236434197 -0.00024108666561596 0.00023614177434467
0.0014050285702038 0.0059003159067531 0.00073666042106767 -0.00055739165152971 0.00047242926432224 -0.00038206034177103 0.00038359120430427 -0.00030924113499371 0.00027599678933542 -0.00019500952172699
-0.00086802180343729 0.00073666042106767 0.0060731075977047 -4.0926533721455e-05 -0.00024720334736473 0.00035561704149667 -0.00032682113348724 0.00035844890366645 -0.00024422164793782 0.0002617738503705
0.00063531811504623 -0.00055739165152971 -4.0926533721455e-05 0.0049185840415566 -0.00071444398022862 0.00017557806230831 7.878863124988e-05 -0.00015387545900659 0.00024422010315091 -0.00021025705078463
-0.00050481744952011 0.00047242926432224 -0.00024720334736473 -0.00071444398022862 0.0035970837715098 -0.001005460170224 0.00054628632360076 -0.0002144575464323 6.1832626962113e-06 8.2434808290841e-05
0.00042654752804441 -0.00038206034177103 0.00035561704149667 0.00017557806230831 -0.001005460170224 0.0028229660801103 -0.00081737428903919 0.00065059376968709 -0.00039101703968511 0.0001595304965403
-0.00033388543211876 0.00038359120430427 -0.00032682113348724 7.878863124988e-05 0.00054628632360076 -0.00081737428903919 0.0025988521909062 -0.00043902325055294 0.00052148894086192 -0.00040277665445656
0.00027270236434197 -0.00030924113499371 0.00035844890366645 -0.00015387545900659 -0.0002144575464323 0.00065059376968709 -0.00043902325055294 0.0025548637347478 -0.00027015284173637 0.00026499083677305
-0.00024108666561596 0.00027599678933542 -0.00024422164793782 0.00024422010315091 6.1832626962112e-06 -0.00039101703968511 0.00052148894086192 -0.00027015284173637 0.0022457828773059 -0.00045320526298338
0.00023614177434467 -0.00019500952172699 0.0002617738503705 -0.00021025705078463 8.2434808290841e-05 0.0001595304965403 -0.00040277665445656 0.00026499083677305 -0.00045320526298338 0.001839947789715
