-0.0043701043704002 -0.0015828572878249 0.0009845603656152 -0.00073077143732099 0.00058742749266023 -0.00050053784081304 0.00039719783950996 -0.00032914068849343 0.00029716546260437 -0.00028196383424202
-0.0015828572878249 -0.0062115879793351 -0.00051002480527576 0.00048937329706978 -0.00047009371467296 0.00038471588354897 -0.00038169520728959 0.00032247328701242 -0.00027290193974379 0.00021146091348053
0.0009845603656152 -0.00051002480527576 -0.0056645643196918 0.00032400183487527 0.00010202173730889 -0.0002577497836811 0.00027773325836236 -0.00029619356115991 0.00025388876354029 -0.00028350015217979
-0.00073077143732099 0.00048937329706978 0.00032400183487527 -0.0042313569942389 0.00091677118464044 -0.00031843624975646 4.929498014038e-05 0.00010667058090416 -0.00017558883295745 0.0001809458150619
0.00058742749266023 -0.00047009371467296 0.00010202173730889 0.00091677118464044 -0.0030686323918839 0.00095829114758582 -0.00057965328345866 0.00031535077531322 -6.9042751169994e-05 1.4689481056219e-06
-0.00050053784081304 0.00038471588354897 -0.0002577497836811 -0.00031843624975646 0.00095829114758582 -0.0026035682479051 0.00062771360634804 -0.00055308584801138 0.0004455762209661 -0.00020479660927804
0.00039719783950996 -0.00038169520728959 0.00027773325836236 4.929498014038e-05 -0.00057965328345866 0.00062771360634804 -0.0025437504168626 0.00031607624695616 -0.00036544486420276 0.00040214814515207
-0.00032914068849343 0.00032247328701242 -0.00029619356115991 0.00010667058090416 0.00031535077531322 -0.00055308584801138 0.00031607624695616 -0.0024765742443371 0.00025908561840719 -0.0002134838455419
0.00029716546260437 -0.00027290193974379 0.00025388876354028 -0.00017558883295745 -6.9042751169994e-05 0.0004455762209661 -0.00036544486420276 0.00025908561840719 -0.0021308135757922 0.00053684558547013
-0.00028196383424202 0.00021146091348053 -0.00028350015217979 0.0001809458150619 1.468948105622e-06 -0.00020479660927804 0.00040214814515207 -0.0002134838455419 0.00053684558547013 -0.0015903376244424
