0.010155509562042 0.00048200188512042 -0.0008736572968366 0.00027957882431863 9.2001982102616e-05 -0.00040716366786807 0.0004966590459447 -0.0012347889267179 0.0017100635341098 0.002928852702021
0.00048200188512042 0.011205225944023 -0.0017475893956625 -0.00027239602344937 -0.00026349968742385 0.00024823059586118 -0.0015391308106851 0.0004072143085925 0.005139101072511 0.008711591577755
-0.0008736572968366 -0.0017475893956625 0.012263397196486 -0.0029768429184461 -0.00014247654850949 -0.0016977443695028 -0.00021834412737393 0.003881286524871 0.0099446066639629 -0.0071750228346226
0.00027957882431863 -0.00027239602344937 -0.0029768429184461 0.012866116176596 -0.0047604878156584 -0.0010450908405792 0.0028023079301961 0.0093144747012847 -0.0052322904428911 -0.0073327491400327
9.2001982102615e-05 -0.00026349968742385 -0.00014247654850949 -0.0047604878156584 0.012599683519992 -0.00073448621873611 0.0076392661176872 -0.0047180685369284 -0.0058931490505447 0.0032326102498592
-0.00040716366786807 0.00024823059586118 -0.0016977443695028 -0.0010450908405792 -0.00073448621873611 0.022468627191649 -0.0072620621674099 -0.0070609734181873 0.0025999174226837 -0.00086724154270436
0.0004966590459447 -0.0015391308106851 -0.00021834412737393 0.0028023079301961 0.0076392661176872 -0.0072620621674099 0.010732205119598 0.00011966526815693 -0.0039108291116029 -0.0058359710338344
-0.0012347889267179 0.00040721430859251 0.003881286524871 0.0093144747012847 -0.0047180685369284 -0.0070609734181873 0.00011966526815693 0.017950738106254 -0.0072159499749445 -0.00017715363521923
0.0017100635341098 0.005139101072511 0.0099446066639629 -0.0052322904428911 -0.0058931490505447 0.0025999174226837 -0.0039108291116029 -0.0072159499749445 0.028121021845914 -0.010097528032765
0.002928852702021 0.008711591577755 -0.0071750228346226 -0.0073327491400327 0.0032326102498592 -0.00086724154270436 -0.0058359710338344 -0.00017715363521923 -0.010097528032765 0.027392094661098
