0.0054167578159647 0.0013593130165523 -0.00089151609554039 0.00068312429986811 -0.00056496596022694 0.00048212846644047 -0.00043007977560583 0.00038085381816808 -0.00023182825652967 0.00045273706111985
0.0013593130165523 0.0055592344223756 0.00035861310705893 -0.00033024590376793 0.00025890519776152 -0.00025461112399496 0.00020072369975545 -3.4173245776014e-05 0.00072648629983046 -0.00067321739290824
-0.00089151609554039 0.00035861310705893 0.005067021324366 2.3462087608168e-05 -0.00019357740391716 8.6305929630835e-05 -9.3730383809743e-06 0.00079284159317163 -5.6259669673445e-05 -0.0028698224054279
0.00068312429986811 -0.00033024590376793 2.3462087608167e-05 0.0045324387319465 -0.00018758244270337 -1.6899347980438e-05 0.00061441203591553 0.0002783362804163 -0.0022311388875674 -0.0028564376853537
-0.00056496596022694 0.00025890519776152 -0.00019357740391716 -0.00018758244270337 0.0042457611668529 0.0003493893569019 0.00027904239331187 -0.0019405544762972 -0.0026287040757847 0.0015585211196166
0.00048212846644047 -0.00025461112399496 8.6305929630836e-05 -1.6899347980437e-05 0.0003493893569019 0.0044092258793279 -0.0017998719198354 -0.0027100193560805 0.00068726581489776 0.001759193876001
-0.00043007977560583 0.00020072369975545 -9.3730383809744e-06 0.00061441203591553 0.00027904239331187 -0.0017998719198354 0.0017054612974087 0.0005820740799369 0.00072167262676358 -0.00093879271485873
0.00038085381816808 -3.4173245776015e-05 0.00079284159317163 0.0002783362804163 -0.0019405544762972 -0.0027100193560805 0.0005820740799369 0.0056437907968189 -0.00056287432657056 -9.368419233449e-05
-0.00023182825652967 0.00072648629983046 -5.6259669673445e-05 -0.0022311388875674 -0.0026287040757847 0.00068726581489776 0.00072167262676358 -0.00056287432657056 0.0062019306702332 0.00062510852171835
0.00045273706111985 -0.00067321739290824 -0.0028698224054279 -0.0028564376853537 0.0015585211196166 0.001759193876001 -0.00093879271485873 -9.368419233449e-05 0.00062510852171835 0.0062029325499061
