0.0075900319546419 0.0021428642668078 -0.0013972753898266 0.001077187070343 -0.00089332905971999 0.00076443364619054 -0.0006670983622817 0.00059326943089077 -0.00053449045217542 0.0004862467740271
0.0021428642668078 0.011550629883268 0.0020735355594946 -0.0012345574183815 0.00088365526843329 -0.00071266692653306 0.000606329444813 -0.00051976468089217 0.00045767128000291 -0.00041035142181413
-0.0013972753898266 0.0020735355594946 0.015498649779648 0.0024943997054341 -0.0014475633563489 0.0010058959106288 -0.00078583841391902 0.00066771993156072 -0.000566262801025 0.00049427660010108
0.001077187070343 -0.0012345574183815 0.0024943997054341 0.019374577208884 0.0029579787055023 -0.0016766150957833 0.0011511557033967 -0.00087660440451544 0.00074259027618172 -0.00062453165470365
-0.00089332905971999 0.00088365526843329 -0.0014475633563489 0.0029579787055023 0.023226123862948 0.0034371780989061 -0.001910606958263 0.0013025444218919 -0.00097260701284408 0.00082117066071364
0.00076443364619054 -0.00071266692653306 0.0010058959106288 -0.0016766150957833 0.0034371780989061 0.027061890908154 0.0039226979278404 -0.0021470081332177 0.0014564710963805 -0.0010709257943183
-0.0006670983622817 0.000606329444813 -0.00078583841391902 0.0011511557033967 -0.001910606958263 0.0039226979278404 0.030887058842119 0.0044114603972015 -0.0023848803554122 0.0016116195173647
0.00059326943089077 -0.00051976468089217 0.00066771993156072 -0.00087660440451544 0.0013025444218919 -0.0021470081332177 0.0044114603972015 0.034704798984587 0.0049020065728851 -0.002623703587693
-0.00053449045217542 0.00045767128000291 -0.000566262801025 0.00074259027618172 -0.00097260701284408 0.0014564710963805 -0.0023848803554122 0.0049020065728851 0.03851720028761 0.0053935986513764
0.0004862467740271 -0.00041035142181413 0.00049427660010108 -0.00062453165470365 0.00082117066071364 -0.0010709257943183 0.0016116195173647 -0.002623703587693 0.0053935986513764 0.042325586297382
