0.00067345163952174 0.00036644066948899 -0.00028397185701302 0.0002141483789883 -0.00018965511979124 0.0001469498246587 -0.00013914945186676 0.0001084198762769 -0.0001113830850659 8.3302077149035e-05
0.00036644066948899 0.0044853344152989 0.00093775650927334 -0.00069846426614134 0.00046179580653065 -0.00045794936695915 0.00030556398162599 -0.00034852716074122 0.00021365767879236 -0.00029674583561964
-0.00028397185701302 0.00093775650927334 0.0081880316171677 0.0013764459764631 -0.00098631259855715 0.00059307643604907 -0.00062865043489869 0.00036593345154647 -0.00048703171436591 0.00023740290803003
0.0002141483789883 -0.00069846426614134 0.0013764459764631 0.011894724328363 0.0018030472100179 -0.0012715500034374 0.00070033266427526 -0.00079649458184984 0.00040044436058047 -0.00062209388517314
-0.00018965511979124 0.00046179580653065 -0.00098631259855715 0.0018030472100179 0.015589853339142 0.0022194177377522 -0.0015685106292537 0.00079364884968772 -0.00097159853078144 0.00041756073501084
0.0001469498246587 -0.00045794936695915 0.00059307643604907 -0.0012715500034374 0.0022194177377522 0.019268941382874 0.0026263815093118 -0.001877737939926 0.00087385151509531 -0.001155661040469
-0.00013914945186676 0.00030556398162599 -0.00062865043489869 0.00070033266427526 -0.0015685106292537 0.0026263815093118 0.022934049167546 0.003022139956289 -0.0021981103791627 0.00094101893736641
0.0001084198762769 -0.00034852716074122 0.00036593345154647 -0.00079649458184984 0.00079364884968772 -0.001877737939926 0.003022139956289 0.02658719760497 0.003405823424142 -0.0025311482458294
-0.0001113830850659 0.00021365767879236 -0.00048703171436591 0.00040044436058047 -0.00097159853078144 0.00087385151509531 -0.0021981103791627 0.003405823424142 0.030227219898614 0.0037767701565796
8.3302077149035e-05 -0.00029674583561964 0.00023740290803003 -0.00062209388517314 0.00041756073501084 -0.001155661040469 0.00094101893736641 -0.0025311482458294 0.0037767701565796 0.033853269546119
