0.0042406535358887 0.0013011521575004 -0.00090686773430741 0.00071032132369403 -0.00058653819566312 0.00049544226504481 -0.00043081424746495 0.00037993309689862 -0.00034092600692309 0.0003100331959083
0.0013011521575004 0.0080401208782521 0.0014817871367817 -0.00093785291552576 0.00069267473383364 -0.0005693027172976 0.00046838634298028 -0.00040822739769502 0.00035818014079929 -0.00032079411010649
-0.00090686773430741 0.0014817871367817 0.01184384730455 0.0019181896889533 -0.0011719664473137 0.00082525438389215 -0.00067807363505678 0.00054595254502323 -0.00047400603125175 0.00041293204735619
0.00071032132369403 -0.00093785291552576 0.0019181896889533 0.015606365791246 0.0023656253920078 -0.0014191030948722 0.00096576933599216 -0.00079033306596152 0.00062534791371213 -0.00053895126078336
-0.00058653819566312 0.00069267473383363 -0.0011719664473137 0.0023656253920078 0.019349797452653 0.0028197300118472 -0.0016690996726447 0.0011083991238009 -0.00090137107017387 0.00070383997435808
0.00049544226504481 -0.0005693027172976 0.00082525438389215 -0.0014191030948722 0.0028197300118472 0.023084988811471 0.0032770081238139 -0.001918548277494 0.0012515061815801 -0.00101199924414
-0.00043081424746495 0.00046838634298028 -0.00067807363505678 0.00096576933599216 -0.0016690996726447 0.0032770081238139 0.026817256385581 0.0037356677387238 -0.0021680879625102 0.0013950194868392
0.00037993309689862 -0.00040822739769502 0.00054595254502323 -0.00079033306596152 0.0011083991238009 -0.001918548277494 0.0037356677387238 0.030547131758925 0.004195374438164 -0.0024177926106854
-0.00034092600692309 0.00035818014079929 -0.00047400603125175 0.00062534791371213 -0.00090137107017388 0.0012515061815801 -0.0021680879625102 0.004195374438164 0.03427525799853 0.004655723124248
0.0003100331959083 -0.00032079411010649 0.00041293204735619 -0.00053895126078336 0.00070383997435808 -0.00101199924414 0.0013950194868392 -0.0024177926106854 0.004655723124248 0.03800193842401
