0.00079465116430706 0.00039765373810481 -0.00038930552704458 0.00012429880997122 -0.00035646341377706 -1.7512651427848e-05 -0.00038043752090824 -0.00012841003666815 -0.00042484794605237 -0.00022643380569033 -0.00047970835820342 -0.00031812468466628 -0.00054104022224737 -0.00040648164544355 -0.0006070597312026 -0.00049338133831025 -0.00067687159448085 -0.00057995232718014 -0.00075008586252074 -0.00066704399549691
0.00039765373810481 0.0053562689333784 0.0011608364924935 -0.00074069816641423 0.00054156526260867 -0.00048425478516594 0.00037209321263393 -0.00038014142196272 0.00027928587511121 -0.000322385748198 0.0002170384660659 -0.00028656124100545 0.00017068579578713 -0.00026327083662694 0.00013373832854391 -0.00024799267612663 0.00010278082780577 -0.00023825812576112 7.5805595833726e-05 -0.00023261307541759
-0.00038930552704458 0.0011608364924935 0.0097582505667882 0.0017384187996119 -0.0010435848838921 0.00071145006074265 -0.00065618162230261 0.00046528454858263 -0.00051617250192578 0.00033647896403305 -0.0004440547756202 0.00025072760768451 -0.00040221191936494 0.00018625990782939 -0.00037716352450119 0.00013396072184298 -0.0003627319240752 8.9186268614622e-05 -0.00035566410679178 4.9251797067958e-05
0.00012429880997122 -0.00074069816641424 0.0017384187996119 0.014160828447161 0.0022988028738665 -0.0013382284553171 0.00085677635137797 -0.0008159003238092 0.00053234672775775 -0.00064021319034236 0.00036825980339202 -0.00055520490177516 0.00026026681937385 -0.00050909846751373 0.0001789441513037 -0.00048403009294766 0.00011237717271301 -0.00047208893658039 5.4649382116192e-05 -0.00046923495129218
-0.00035646341377706 0.00054156526260867 -0.0010435848838921 0.0022988028738665 0.018558460732154 0.0028501708361622 -0.0016357453065061 0.0009897173902003 -0.00097603941844313 0.00058521705841031 -0.00076393775787718 0.00038521068845737 -0.000666167073016 0.00025483281996757 -0.00061632340656492 0.00015667929412726 -0.00059195329420014 7.5885971156554e-05 -0.00058332435670934 5.1885890945165e-06
-1.7512651427848e-05 -0.00048425478516594 0.00071145006074265 -0.0013382284553171 0.0028501708361622 0.022949361604342 0.0033943234173231 -0.0019390916525958 0.0011135809356259 -0.0011406426373449 0.0006276434202186 -0.00089156225288987 0.00039093397826329 -0.00078099050418502 0.00023768373282508 -0.0007276823346501 0.00012233450068073 -0.00070447973877428 2.6971895953123e-05 -0.00069976981190019
-0.00038043752090824 0.00037209321263393 -0.00065618162230261 0.00085677635137797 -0.0016357453065061 0.0033943234173231 0.027332919462662 0.0039316521791038 -0.0022493419949283 0.0012294127107944 -0.0013114049972158 0.00066099724134716 -0.0010250304329203 0.00038683469742285 -0.00090168097619454 0.0002101226341775 -0.0008451691877608 7.7048803969833e-05 -0.00082356894305 -3.3401894985925e-05
-0.00012841003666815 -0.00038014142196272 0.00046528454858263 -0.0008159003238092 0.0009897173902003 -0.0019390916525958 0.0039316521791038 0.031708811435016 0.0044620979146103 -0.0025670903859449 0.0013374695199048 -0.0014893095480362 0.00068571788128097 -0.0011655494386605 0.0003733842053104 -0.0010295700645858 0.00017256222915069 -0.00097019069818935 2.1140912683873e-05 -0.00095066959574318
-0.00042484794605237 0.00027928587511121 -0.00051617250192578 0.00053234672775775 -0.00097603941844313 0.0011135809356259 -0.0022493419949283 0.0044620979146103 0.036076842690494 0.0049854245274746 -0.0028927016088436 0.0014376688609328 -0.001674973569909 0.00070182003642493 -0.0013139121761974 0.00035060585334045 -0.0011655717819474 0.0001249920773505 -0.0011037393537581 -4.5463883423583e-05
-0.00022643380569033 -0.000322385748198 0.00033647896403305 -0.00064021319034236 0.00058521705841031 -0.0011406426373449 0.0012294127107944 -0.0025670903859449 0.0049854245274746 0.04043673215727 0.0055012933566226 -0.0032266028485102 0.0015297323499614 -0.0018690255090592 0.0007090511166495 -0.0014709093368892 0.00031823344804853 -0.0013105943854755 6.7098173372084e-05 -0.0012468326263082
-0.00047970835820342 0.0002170384660659 -0.00044405477562021 0.00036825980339202 -0.00076393775787718 0.0006276434202186 -0.0013114049972158 0.0013374695199048 -0.0028927016088436 0.0055012933566226 0.044788234756944 0.0060092919995973 -0.0035691516978066 0.0016132580177551 -0.0020719742314967 0.00070701491238647 -0.0016371680612815 0.00027584754288391 -0.0014653766078133 -1.6390423024208e-06
-0.00031812468466628 -0.00028656124100545 0.00025072760768451 -0.00055520490177516 0.00038521068845737 -0.00089156225288987 0.00066099724134716 -0.0014893095480362 0.0014376688609328 -0.0032266028485102 0.0060092919995973 0.049130929451993 0.0065089281502277 -0.0039208885770468 0.0016877349566766 -0.0022844932405618 0.00069517254640788 -0.0018134944055879 0.00022280492947135 -0.0016309443399705
-0.00054104022224737 0.00017068579578713 -0.00040221191936494 0.00026026681937385 -0.00066616707301601 0.00039093397826329 -0.0010250304329203 0.00068571788128097 -0.001674973569909 0.0015297323499614 -0.0035691516978066 0.0065089281502277 0.053464435712631 0.0069996466770018 -0.0042822791544564 0.0017525773333826 -0.0025071650874304 0.00067284632176885 -0.0020006822771403 0.00015831068525494
-0.00040648164544355 -0.00026327083662694 0.00018625990782939 -0.00050909846751373 0.00025483281996757 -0.00078099050418502 0.00038683469742285 -0.0011655494386605 0.00070182003642493 -0.0018690255090592 0.0016132580177551 -0.0039208885770468 0.0069996466770018 0.057788159933079 0.0074808193793945 -0.0046540288471223 0.0018070457254575 -0.0027409215385459 0.00063916829060897 -0.0021998058702949
-0.0006070597312026 0.00013373832854391 -0.00037716352450119 0.0001789441513037 -0.00061632340656492 0.00023768373282508 -0.00090168097619454 0.0003733842053104 -0.0013139121761974 0.00070905111664949 -0.0020719742314967 0.0016877349566766 -0.0042822791544564 0.0074808193793945 0.062101574669092 0.0079516925097571 -0.0050368606413784 0.0018502625251941 -0.0029866119098818 0.00059306711883563
-0.00049338133831025 -0.00024799267612663 0.00013396072184298 -0.00048403009294766 0.00015667929412726 -0.0007276823346501 0.0002101226341775 -0.0010295700645858 0.00035060585334045 -0.0014709093368892 0.00070701491238647 -0.0022844932405618 0.0017525773333826 -0.0046540288471223 0.0079516925097571 0.066403782206321 0.0084113610674504 -0.0054318039346958 0.0018811110164204 -0.0032455297799815
-0.00067687159448085 0.00010278082780577 -0.0003627319240752 0.00011237717271301 -0.00059195329420014 0.00012233450068073 -0.0008451691877608 0.00017256222915069 -0.0011655717819474 0.00031823344804853 -0.0016371680612815 0.00069517254640788 -0.0025071650874304 0.0018070457254575 -0.0050368606413783 0.0084113610674504 0.070693959877414 0.0088587076775058 -0.0058399220132764 0.0018983309579219
-0.00057995232718014 -0.00023825812576112 8.9186268614622e-05 -0.00047208893658039 7.5885971156554e-05 -0.00070447973877428 7.7048803969833e-05 -0.00097019069818935 0.0001249920773505 -0.0013105943854755 0.00027584754288391 -0.0018134944055879 0.00067284632176885 -0.0027409215385459 0.0018502625251941 -0.0054318039346958 0.0088587076775058 0.074970830887157 0.0092924502404909 -0.0062627627461423
-0.00075008586252074 7.5805595833726e-05 -0.00035566410679178 5.4649382116193e-05 -0.00058332435670934 2.6971895953123e-05 -0.00082356894305 2.1140912683873e-05 -0.0011037393537581 6.7098173372085e-05 -0.0014653766078133 0.00022280492947135 -0.0020006822771403 0.00063916829060897 -0.0029866119098818 0.0018811110164204 -0.0058399220132764 0.0092924502404909 0.079233084812371 0.0097109913725505
-0.00066704399549691 -0.00023261307541759 4.9251797067957e-05 -0.00046923495129218 5.1885890945161e-06 -0.00069976981190019 -3.3401894985925e-05 -0.00095066959574318 -4.5463883423584e-05 -0.0012468326263082 -1.6390423024189e-06 -0.0016309443399705 0.00015831068525494 -0.0021998058702949 0.00059306711883563 -0.0032455297799815 0.0018983309579219 -0.0062627627461423 0.0097109913725505 0.083478873343298
