0.0076419088330549 0.0021426023766334 -0.0014117304617961 0.0010843208414303 -0.00088612833072152 0.00075043627051584 -0.00065284003104176 0.000578918253457 -0.00052203597272552 0.0004768008173554
0.0021426023766334 0.011584335272009 0.0020385118218477 -0.001228044324017 0.00089917796036277 -0.00071784590032655 0.00059451164598126 -0.0005129168814377 0.00044985745978584 -0.00040231657455646
-0.0014117304617961 0.0020385118218477 0.015540994996159 0.0024632753369998 -0.0014353079366914 0.0010184121668425 -0.00080676639957272 0.00065429083993293 -0.00056064459237118 0.00048674207969674
0.0010843208414303 -0.001228044324017 0.0024632753369998 0.019426803880002 0.0029192307410193 -0.001674957522892 0.0011555521114923 -0.00091220636252623 0.00072608860232169 -0.00061913315713676
-0.00088612833072152 0.00089917796036277 -0.0014353079366914 0.0029192307410193 0.023272220414844 0.0033807741442099 -0.0019238718308488 0.0012960373536794 -0.0010218629531076 0.00080139221532316
0.00075043627051584 -0.00071784590032655 0.0010184121668425 -0.001674957522892 0.0033807741442099 0.027096400519883 0.0038430832377196 -0.0021764638958808 0.001438564898454 -0.0011329383197975
-0.00065284003104176 0.00059451164598126 -0.00080676639957272 0.0011555521114923 -0.0019238718308488 0.0038430832377196 0.030908041161832 0.004306789320873 -0.0024305407269198 0.0015823555018741
0.000578918253457 -0.0005129168814377 0.00065429083993293 -0.00091220636252623 0.0012960373536794 -0.0021764638958808 0.004306789320873 0.034711955534977 0.004771724765328 -0.0026852566004313
-0.00052203597272552 0.00044985745978584 -0.00056064459237118 0.00072608860232169 -0.0010218629531076 0.001438564898454 -0.0024305407269198 0.004771724765328 0.038510762726807 0.0052377465799666
0.0004768008173554 -0.00040231657455646 0.00048674207969674 -0.00061913315713677 0.00080139221532316 -0.0011329383197975 0.0015823555018741 -0.0026852566004313 0.0052377465799666 0.042306000838736
