0.0042817758862576 0.0013290183062419 -0.00091338875764012 0.00071146072142203 -0.00059399931510619 0.00051268567377222 -0.00044578772148591 0.00039533684055096 -0.00035551066414203 0.0003226048856381
0.0013290183062419 0.0081561066541893 0.0015249749987287 -0.00096071785285586 0.00070407157756152 -0.00056176551043926 0.00048952090893339 -0.00042113422981878 0.00037064364541422 -0.00033278181837847
-0.00091338875764012 0.0015249749987287 0.012003302674904 0.0019857538946172 -0.0011834379315902 0.00085397533729088 -0.00065770944624274 0.00057060462518803 -0.00048686432971129 0.00042576939238131
0.00071146072142203 -0.00096071785285586 0.0019857538946172 0.015837576668363 0.0024693575053865 -0.0014158962136425 0.0010071751789111 -0.00075747298681735 0.00065338637512616 -0.00055274570867644
-0.00059399931510619 0.00070407157756152 -0.0011834379315902 0.0024693575053865 0.019656938171342 0.0029558876000672 -0.0016516411441563 0.0011614680012348 -0.000857875565664 0.00073575222698601
0.00051268567377222 -0.00056176551043926 0.00085397533729088 -0.0014158962136425 0.0029558876000672 0.023467514835435 0.0034445686367508 -0.0018891368473343 0.0013161640074696 -0.00095875749465715
-0.00044578772148591 0.00048952090893339 -0.00065770944624274 0.0010071751789111 -0.0016516411441563 0.0034445686367508 0.027272621810093 0.0039343904094881 -0.0021279575917906 0.0014711092377439
0.00039533684055096 -0.00042113422981878 0.00057060462518803 -0.00075747298681735 0.0011614680012348 -0.0018891368473343 0.0039343904094881 0.031073897740525 0.0044249285941678 -0.0023678459080995
-0.00035551066414203 0.00037064364541422 -0.00048686432971129 0.00065338637512616 -0.000857875565664 0.0013161640074696 -0.0021279575917906 0.0044249285941678 0.03487236343333 0.0049157967701186
0.0003226048856381 -0.00033278181837847 0.00042576939238131 -0.00055274570867645 0.00073575222698601 -0.00095875749465715 0.0014711092377439 -0.0023678459080995 0.0049157967701186 0.038668663767138
