0.0053737369072764 0.0013293108815603 -0.00087248869651368 0.00067260364443327 -0.00055605906929974 0.00047595701178365 -0.00041890386479089 0.00037362669550607 -0.0003433082347107 0.00030595883485013
0.0013293108815603 0.0054581373475491 0.00032688396838979 -0.00030091630922456 0.00025489803360292 -0.00023638006565137 0.00020898677576214 -0.00020391902225061 0.00015988721385961 -7.8150644058488e-05
-0.00087248869651368 0.00032688396838979 0.0049118397711646 -1.4552345127852e-05 -0.00012661341477789 0.00011096737255888 -0.00015124817799939 0.00010146770097237 -6.8667601447662e-05 0.00063058566847421
0.00067260364443327 -0.00030091630922456 -1.4552345127852e-05 0.0043137307199816 -0.00021304041462103 -3.9933596406174e-05 -2.9646553682064e-05 -3.5591197534487e-05 0.00051433391784789 0.00064161963024133
-0.00055605906929974 0.00025489803360292 -0.0001266134147779 -0.00021304041462103 0.003787541895072 -0.00034398292478151 2.953721697197e-05 0.00028319734017596 0.00068762090238087 -0.00058667329461444
0.00047595701178365 -0.00023638006565137 0.00011096737255888 -3.9933596406174e-05 -0.00034398292478151 0.0034369742860262 -4.0801357852717e-07 0.00064660965219241 -0.00058191091797778 -0.0022232209351053
-0.00041890386479089 0.00020898677576214 -0.00015124817799939 -2.9646553682063e-05 2.9537216971971e-05 -4.0801357852677e-07 0.0038491066034938 -0.00061641143991986 -0.002065803820685 -0.0012026137697186
0.00037362669550607 -0.00020391902225061 0.00010146770097237 -3.5591197534486e-05 0.00028319734017596 0.00064660965219241 -0.00061641143991986 0.0013205524443033 -0.0011152679107235 0.00083142351496346
-0.0003433082347107 0.00015988721385961 -6.8667601447663e-05 0.00051433391784789 0.00068762090238087 -0.00058191091797778 -0.002065803820685 -0.0011152679107235 0.0044364634476749 -9.4694393169867e-05
0.00030595883485013 -7.8150644058489e-05 0.00063058566847421 0.00064161963024133 -0.00058667329461444 -0.0022232209351053 -0.0012026137697186 0.00083142351496346 -9.4694393169867e-05 0.0036684025558042
