0.0060570408636537 0.00026849647394211 0.00029855831521498 -0.00061950538151526 0.0008474652009772 -0.0010355689207484 0.0011656985518828 -0.0013257528240427 0.0013179743461162 -0.0016780705911022
0.00026849647394211 0.0068238041565923 -0.000650438222472 0.00078159065905499 -0.00093439162332549 0.0010113269446084 -0.0012095369863539 0.0010805418297604 -0.0017192459474917 0.0013887966841335
0.00029855831521498 -0.000650438222472 0.0069090905383786 -0.0012691914344176 0.0011802813552339 -0.001374246906383 0.0011843277131357 -0.0018955853126769 0.0012759682808103 0.00050364797688329
-0.00061950538151526 0.00078159065905499 -0.0012691914344176 0.0067063163637914 -0.0017863440096492 0.0013811043359147 -0.0020621951782601 0.0013024947167375 -0.00031154730439173 0.0060551793786099
0.0008474652009772 -0.00093439162332549 0.0011802813552339 -0.0017863440096492 0.0063970389629992 -0.0024106452637109 0.0014460562134382 -0.00095075116665957 0.0052601973667246 -0.00054148473080165
-0.0010355689207484 0.0010113269446084 -0.001374246906383 0.0013811043359147 -0.0024106452637109 0.0061908284863718 -0.0013410658626656 0.0047873704341842 -0.0010424427400233 -0.00029825778325373
0.0011656985518828 -0.0012095369863539 0.0011843277131357 -0.0020621951782601 0.0014460562134382 -0.0013410658626656 0.0094659140424172 -0.0010307432663165 -6.9708829216142e-05 -0.0033719301105656
-0.0013257528240427 0.0010805418297604 -0.0018955853126769 0.0013024947167375 -0.00095075116665957 0.0047873704341842 -0.0010307432663165 0.0055421537384009 -0.0026011535509668 0.0023713403782782
0.0013179743461162 -0.0017192459474917 0.0012759682808103 -0.00031154730439173 0.0052601973667246 -0.0010424427400233 -6.9708829216142e-05 -0.0026011535509668 0.0092807741311761 -0.0034270435591261
-0.0016780705911022 0.0013887966841335 0.00050364797688329 0.0060551793786099 -0.00054148473080165 -0.00029825778325373 -0.0033719301105656 0.0023713403782782 -0.0034270435591261 0.010715344617699
