-0.0051241190353945 -0.0016211111879358 0.0012329533917025 -0.0010657478092881 0.00097249970859343 -0.00091747019332521 0.00088028949245966 -0.00088586584529872 0.00082834559318831 -0.00059001745706961
-0.0016211111879358 -0.0056091612196262 -0.00061010470052648 0.00066138296141724 -0.00065023130102892 0.00064025777717721 -0.00067298892126602 0.00055201736899066 -0.00040516937875478 0.0021643636076566
0.0012329533917025 -0.00061010470052649 -0.0051880025448161 -0.00032084837143749 0.00055344393218494 -0.00061514896046141 0.0005315887332516 -0.00050076624690227 0.0020890581381737 0.0012672376073785
-0.0010657478092881 0.00066138296141724 -0.00032084837143749 -0.0046476800328034 -0.00021935161039294 0.00045918914655216 -0.0004591109447907 0.0018472294626946 0.0013627301166298 -0.00082200848346546
0.00097249970859343 -0.00065023130102892 0.00055344393218494 -0.00021935161039294 -0.0042650726248682 -0.00011808997497334 0.0016628509738514 0.0013878824852042 -8.4221895372778e-05 -0.0046903448738745
-0.00091747019332521 0.00064025777717721 -0.00061514896046141 0.00045918914655216 -0.00011808997497334 -0.0029321388752295 0.0015053257292194 0.00038307431052182 -0.0035953046917151 0.00015758449374378
0.00088028949245966 -0.00067298892126602 0.0005315887332516 -0.0004591109447907 0.0016628509738514 0.0015053257292194 -0.0042539186720003 -0.0032461958708956 0.00072500705254227 0.00042771388036655
-0.00088586584529872 0.00055201736899066 -0.00050076624690227 0.0018472294626946 0.0013878824852042 0.00038307431052182 -0.0032461958708956 -0.0046734243086125 -5.4654692446335e-05 0.00041100753673147
0.00082834559318831 -0.00040516937875478 0.0020890581381737 0.0013627301166298 -8.4221895372777e-05 -0.0035953046917151 0.00072500705254227 -5.4654692446335e-05 -0.0064076776926165 -0.00047548045141261
-0.00059001745706961 0.0021643636076566 0.0012672376073785 -0.00082200848346546 -0.0046903448738745 0.00015758449374378 0.00042771388036655 0.00041100753673147 -0.00047548045141261 -0.0061588337518583
