0.0068923102779826 0.00020133624605217 0.00047426596044624 -0.00083854018846309 0.0010971101185919 -0.0012978371538489 0.001461130542207 -0.0016013503139315 0.0017239683125032 -0.0018320821828509
0.00019551896398848 0.0074085662157498 -0.00090613254926578 0.0010643942401974 -0.0011984543336184 0.0013269324944035 -0.0014406841407291 0.0015402686753946 -0.0016293020816996 0.0017241773747481
0.00048398436672666 -0.00090885440522685 0.0071265506889952 -0.0016471530927693 0.0016077972570527 -0.0016493616804099 0.0017360371635413 -0.0018191059607208 0.0019135854405243 -0.0019573602235416
-0.0008517226088962 0.0010699999876752 -0.001649571114154 0.006569400588205 -0.0022198552024394 0.0020691024675606 -0.0020449587155383 0.0021159804737782 -0.0021519806404267 0.0023149713474892
0.001113851314213 -0.0012060463207387 0.0016131362472872 -0.0022224282550296 0.0059885646877342 -0.0026688828749364 0.0024702211184746 -0.0023834820962313 0.0024954328062907 -0.0023571437266998
-0.0013176507208811 0.0013372768243407 -0.0016573122910897 0.0020728876951994 -0.002673195451115 0.0054810950278637 -0.0030336029674774 0.0028391140911377 -0.0026249536871933 0.0029385760995185
0.0014839280955338 -0.0014543549953495 0.0017431422265134 -0.0020581731323618 0.0024663058034837 -0.0030458571169195 0.0050582996694527 -0.0033348303704211 0.0032196700286422 -0.002959594821047
-0.0016281901501398 0.0015510908272009 -0.0018413137157555 0.0021072069401874 -0.0024213302126039 0.0027982003511316 -0.0033893310848422 0.0046944014572938 -0.0036612144925853 0.0031767157289253
0.0017503150600941 -0.0016583737541424 0.001900204158607 -0.0022173906287946 0.002408263802639 -0.0027951259739913 0.0030567488083104 -0.0036738532316404 0.004345920346468 -0.0042057790722978
-0.0018705198674291 0.0017123643382562 -0.0020482635984671 0.0021747238074611 -0.0026607776168822 0.0025952245926109 -0.0029918739238306 0.0037115370186718 -0.0037603835051769 0.003955700463387
