-0.0055704979642098 -0.0017656008125483 0.0013128359726518 -0.0011426220507503 0.0010519274089529 -0.0010014595896771 0.00097259909533146 -0.00095648106473534 0.00094896114452885 -0.0009437371812571
-0.0017674584159831 -0.0057769342532484 -0.00060283067090418 0.00064016248040157 -0.00066724266381119 0.0006728738198948 -0.00068367031796738 0.00069388966711856 -0.00070130859498704 0.00072461665760581
0.0013159394313809 -0.00060372206741949 -0.0049359201649916 -0.00026188691290839 0.0004765731146016 -0.00059631716245673 0.00063883380512019 -0.00067730443168556 0.00071391053045691 -0.00070101095144749
-0.0011469309217899 0.00064179423585759 -0.00026278838431181 -0.0039772236863624 -9.9954640575625e-05 0.00039346386531732 -0.00057747212778182 0.00064180014153455 -0.00068077060360906 0.00080826606115599
0.0010573302991364 -0.00066992628129142 0.00047780339606601 -0.00010117544040655 -0.0030783255209621 -4.1242581224077e-05 0.00035698643866561 -0.00058328373399127 0.0006960239931858 -0.00066775871208895
-0.0010081250306268 0.00067567774538288 -0.00059976909278526 0.0003933464389041 -4.3902224974263e-05 -0.0022869309922652 -4.0620035733145e-05 0.00036369845551134 -0.0005992109410693 0.00056700265300839
0.00098004885752754 -0.0006888545417916 0.0006391539630302 -0.00058509789040044 0.00035062685497744 -5.1346594289944e-05 -0.0015926489346375 -6.3255829919964e-05 0.00029120290055202 -0.0010928017389934
-0.00096572511213915 0.00069590458757329 -0.00068862527473244 0.00062988504658145 -0.00061539500319649 0.00031660303614753 -9.5759811948627e-05 -0.00096144023026539 -0.00023566704143578 4.4319383351743e-05
0.00095748879050435 -0.00071384117501915 0.00069905818575405 -0.00073308146114942 0.00060067892463221 -0.00069604546996112 0.00038185106312635 -1.7033381629114e-06 -0.00034885336691906 -9.4963815213484e-05
-0.00095755646603112 0.00071288435091637 -0.00076787071094997 0.00066656180311004 -0.0008235000272787 0.00077500763868411 -0.00035881234069108 0.00060698813112734 -0.00019082263352504 0.00029851655316776
