0.0061448873280476 0.00041726280609062 0.00023406556160333 -0.0006531408109969 0.00071023760708061 -0.001133886985574 0.002777404910546 0.00080477815618949 -0.0042824498766637 -0.0053277056166456
0.00041726280609062 0.0072809008926795 -0.00047016668060323 0.0003830496305234 -0.0014075646396254 0.0024443944315994 0.0043393398225317 0.00093198303681648 -0.014384809103016 -0.0013049612624622
0.00023406556160333 -0.00047016668060323 0.007539648544872 -0.0014181898173443 0.0018041007508255 0.0036046105543742 0.0034564126519147 -0.0088352417226811 -0.0026396158064125 -0.0036091138208575
-0.0006531408109969 0.0003830496305234 -0.0014181898173443 0.0091369804779201 0.0034096208476307 0.0032023278919303 -0.0069324854527268 -0.00055759693956524 -0.0028164782848905 -0.0042691491074751
0.00071023760708061 -0.0014075646396254 0.0018041007508255 0.0034096208476307 0.011735739999283 -0.0052326728214059 -0.0011617385633071 -0.0029547938419577 -0.0026782666318431 -0.0040697528802922
-0.001133886985574 0.0024443944315994 0.0036046105543742 0.0032023278919303 -0.0052326728214059 0.0099560694299615 -0.0009671705150077 -0.0048884400177387 -0.00538062085937 -0.0024443025375382
0.002777404910546 0.0043393398225317 0.0034564126519147 -0.0069324854527268 -0.0011617385633071 -0.0009671705150077 0.010540466654664 -0.0028518723313983 -0.008584006725039 -0.0023592262234959
0.00080477815618949 0.00093198303681648 -0.0088352417226811 -0.00055759693956524 -0.0029547938419577 -0.0048884400177387 -0.0028518723313983 0.01269022511069 0.00029065232187649 0.0070773060715975
-0.0042824498766637 -0.014384809103016 -0.0026396158064125 -0.0028164782848905 -0.0026782666318432 -0.00538062085937 -0.008584006725039 0.00029065232187649 0.036868831156226 0.0057721006878961
-0.0053277056166456 -0.0013049612624622 -0.0036091138208575 -0.0042691491074751 -0.0040697528802922 -0.0024443025375382 -0.0023592262234959 0.0070773060715975 0.0057721006878961 0.013585182725426
