-0.0061722291825374 -0.0016017610861744 0.001457772517786 -0.0012738142160181 0.0011467898436298 -0.0010660071190193 0.0010117975841302 -0.00097700661488467 0.00094772459950817 -0.00095032598964494
-0.0016017610861744 -0.0064435697595587 -0.00027595360787341 0.00079377797033065 -0.00079685763821757 0.00076490180468228 -0.00074762654726909 0.00072636896948808 -0.00075366735215847 0.00062387512102738
0.001457772517786 -0.00027595360787341 -0.0060803816898633 0.0001798910028442 0.00066004148301242 -0.00072217942225837 0.00072735746180934 -0.000764833913204 0.00062982306004478 -0.00086050190782061
-0.0012738142160181 0.00079377797033065 0.0001798910028442 -0.0055760376991886 0.00043555873480042 0.00061100630564333 -0.00069615494109896 0.00061909434788779 -0.00091266544758906 0.0013790529054448
0.0011467898436298 -0.00079685763821757 0.00066004148301242 0.00043555873480042 -0.0050934856729288 0.00054260611021356 0.00053901269569856 -0.00082707148415628 0.0011601287538868 0.0012588669566336
-0.0010660071190193 0.00076490180468228 -0.00072217942225837 0.00061100630564333 0.00054260611021356 -0.0048049259771301 0.00038916012340626 0.0010497029371497 0.0011525085920364 0.0020085721620314
0.0010117975841302 -0.00074762654726909 0.00072735746180934 -0.00069615494109896 0.00053901269569856 0.00038916012340626 -0.0042005888625236 0.0021467062632893 0.0021370002141838 -0.002883065329019
-0.00097700661488467 0.00072636896948808 -0.000764833913204 0.00061909434788779 -0.00082707148415628 0.0010497029371497 0.0021467062632893 -0.0032444169324776 -0.001719055450487 -0.00087571358940404
0.00094772459950817 -0.00075366735215847 0.00062982306004478 -0.00091266544758906 0.0011601287538868 0.0011525085920364 0.0021370002141838 -0.001719055450487 -0.0066824784571339 0.0015704684539892
-0.00095032598964494 0.00062387512102738 -0.00086050190782061 0.0013790529054448 0.0012588669566336 0.0020085721620314 -0.002883065329019 -0.00087571358940404 0.0015704684539892 -0.0057969572822954
