0.0067150264185911 0.00018460904852918 0.00014702950922228 -0.0004618741613986 0.00071657658098722 -0.00091675557162595 0.0010757591453974 -0.0012190256302207 0.0013243634400707 -0.0014601527152125
0.00018460904852918 0.0073559310529907 -0.00095908527110537 0.00068359572922522 -0.0007912795340998 0.00092883633051773 -0.001064695580174 0.0011390292138597 -0.0012972044534849 0.0012159271598842
0.00014702950922228 -0.00095908527110537 0.0075632010134912 -0.0017208886046454 0.0011230728331331 -0.0011762219620104 0.0012474992352369 -0.0014182960763987 0.0013389628602559 -0.0018905407122307
-0.0004618741613986 0.00068359572922522 -0.0017208886046454 0.0074671750605449 -0.002318413560677 0.0014752485129782 -0.0015561965362164 0.0014844422646346 -0.0019721793820307 0.0011895805215895
0.00071657658098722 -0.0007912795340998 0.0011230728331331 -0.002318413560677 0.007293133374839 -0.002789196813528 0.0017145409053458 -0.0020907772446955 0.0013589130832483 -0.0017950517430219
-0.00091675557162595 0.00092883633051773 -0.0011762219620104 0.0014752485129782 -0.002789196813528 0.0071437202874299 -0.0032937022177228 0.001551341237728 -0.0021207685035326 0.0043710188516441
0.0010757591453974 -0.001064695580174 0.0012474992352369 -0.0015561965362164 0.0017145409053458 -0.0032937022177228 0.0068005899020604 -0.0033040879134266 0.0040973851342606 8.0758671313725e-05
-0.0012190256302207 0.0011390292138597 -0.0014182960763987 0.0014844422646346 -0.0020907772446955 0.001551341237728 -0.0033040879134266 0.0093140517790177 -0.0010227561370568 0.0012543156384325
0.0013243634400707 -0.0012972044534849 0.0013389628602559 -0.0019721793820307 0.0013589130832483 -0.0021207685035326 0.0040973851342606 -0.0010227561370568 0.0070525101300834 -0.0051677449104026
-0.0014601527152125 0.0012159271598842 -0.0018905407122307 0.0011895805215895 -0.0017950517430219 0.0043710188516441 8.0758671313726e-05 0.0012543156384325 -0.0051677449104026 0.010221286392731
