0.0015405869552525 -3.9152200461122e-05 0.00030263738459205 -0.00057389703657895 0.00054317380542529 -0.00078699758626502 0.00066243207731651 -0.00090392993717861 0.00073565869352391 -0.00098112568356784
-4.2494080195009e-05 0.0042864560553489 -8.9400145856343e-05 9.6046106444959e-06 -0.00049299464988436 0.00013760013446623 -0.00070414955879506 0.00021943580969195 -0.00081841219935418 0.00028512850867675
0.00033300138003149 -6.9796115131534e-05 0.0051245630783659 -0.00061148064355144 0.00025756105652734 -0.0008987524585551 0.00034117614279844 -0.0010691025083218 0.00042469972531027 -0.0011632715551653
-0.00056444561346796 6.3815221291069e-05 -0.00056336034891238 0.0052417304040261 -0.001013883480289 0.00059895312319865 -0.0011240079073155 0.00065523746598944 -0.0012304165626095 0.00074842343758395
0.00059745931966473 -0.00042322568892694 0.00033039982264588 -0.0010041219623481 0.0049679240115431 -0.0013584535943707 0.00078000671961212 -0.0013459268607801 0.00080112014075864 -0.0014040239953004
-0.00076881596031891 0.00024098236265846 -0.00078952493293303 0.00066610555210465 -0.0012992710736248 0.0047409757231151 -0.0015574996646702 0.0011258128925656 -0.0014445166714328 0.0011373111777358
0.00073128616381897 -0.00060446905490099 0.00046389100808416 -0.0010702491760174 0.00083958199672809 -0.0015694918036919 0.0043057532863021 -0.0017605083101555 0.0012370171465474 -0.0015907349643116
-0.00088716973732958 0.00034214706832458 -0.00093649361134724 0.00076007966392224 -0.0012508295059246 0.001172583705199 -0.0017078185248586 0.0041069392108604 -0.0018401307505826 0.0015587409882239
0.00080543842551429 -0.0007247247228708 0.00055200161409787 -0.0011689733241982 0.00088029170684496 -0.0014358641007367 0.0012661499593394 -0.0018667964796543 0.0037041045816468 -0.0019690985719663
-0.00098021082831633 0.0003856892025195 -0.0010592939964528 0.00084884374987082 -0.0013192374339187 0.0012001264619565 -0.0015328398935816 0.0015868389352624 -0.0019316965896587 0.003614129490316
