-0.0028843894133906 -0.0011234179309438 0.00086817100853497 -0.00075873853447853 0.0007165042456908 -0.00067826204880916 0.00067876659616533 -0.00066451281954726 0.00068075661415651 -0.00066624446643212
-0.0011293407038004 -0.0040802335492926 -0.00085265106854369 0.00081337437924658 -0.00077001259675057 0.00078681989755592 -0.0007457419177053 0.00079050803559432 -0.00074568205418465 0.00081596256070463
0.00087676302498692 -0.00085650284524177 -0.0041857966522054 -0.0007328798768387 0.00077658669059116 -0.00076346535131979 0.0008291680354923 -0.00076939508564312 0.00086367615959341 -0.00077737469905851
-0.00077213475872672 0.00081420665160157 -0.00073810678383094 -0.0038699606385442 -0.00062148434536275 0.00075925035224703 -0.00075568185537263 0.0008694539062017 -0.00078726578933826 0.00093197759877179
0.00072842383210171 -0.00078352636303374 0.00077140347598488 -0.00062946063884577 -0.0033479298042515 -0.00054730598806779 0.00075729440004118 -0.00075468467118075 0.0009114048090431 -0.0008058381137511
-0.00069875958091106 0.00078278508659168 -0.00078461346007713 0.00074724098878744 -0.00055864847430234 -0.0027753317080734 -0.0005084007498396 0.00077074857658964 -0.00076322664905425 0.00095482334704613
0.00069201251584897 -0.00077260130527194 0.00081086547881551 -0.00078693170041557 0.00073818972755303 -0.00052286462892383 -0.0022145955262663 -0.00049893439933202 0.000797304101343 -0.00078118398149522
-0.00069260342427092 0.00077735169502971 -0.00081287716101229 0.000835976353187 -0.00079659972149028 0.00074502610083085 -0.00051676160019744 -0.0016974978137818 -0.00051258852802351 0.00083306630598302
0.00069384169577372 -0.00078929130631368 0.0008258876346273 -0.00084982326393144 0.00086310675750547 -0.00081470950376551 0.00076539128908176 -0.00053277702642046 -0.0012325039996083 -0.0005412387125729
-0.00070254608781711 0.0007898872687406 -0.00084885182819325 0.0008691499035631 -0.00088721792026364 0.00089315099657766 -0.00084211420209929 0.00079550826870224 -0.00056477864654831 -0.00081847428615445
