-0.0048607922072923 -0.00086517840391258 0.00053484075892315 -0.00037963129974517 0.0002809651638884 -0.00020957169033427 0.00016066512843984 -0.00012215015482889 9.100904046647e-05 -6.5699750037939e-05
-0.00086414597411087 -0.0048551326749744 -0.00025832793994948 0.00018939942903925 -0.00014252534187563 0.00011416493733427 -8.3887778074202e-05 6.5475482417096e-05 -4.9998791256764e-05 3.5896545652477e-05
0.00053323384450723 -0.00025794170754698 -0.0045904529824025 1.1520095281664e-06 3.9142806252884e-05 -4.0335553299274e-05 3.5896365140334e-05 -2.1239422240746e-05 1.3471538965732e-05 -6.5133734504712e-06
-0.00037756046739518 0.0001887247805884 1.4264245109779e-06 -0.0041505477415893 0.00017543982581316 -7.6519944503687e-05 4.0405640423169e-05 -2.838282388778e-05 3.0649060253133e-05 -3.1245836488541e-05
0.00027847473522745 -0.00014160275772445 3.8621165008292e-05 0.0001756726008107 -0.0036627519232762 0.00029930576232271 -0.00016539024444985 0.00010415827645666 -8.2057872504403e-05 7.3746616835347e-05
-0.00020669927069444 0.00011299891743469 -3.9616603856503e-05 -7.6997361151519e-05 0.00029950209995388 -0.0031864063249777 0.00038402307382416 -0.00023364427500064 0.00015353796642937 -0.00012669683409612
0.00015742981624007 -8.2519752707077e-05 3.4922852647596e-05 4.1010420689833e-05 -0.00016587559881583 0.00038417133413915 -0.002751409160782 0.00043925470491187 -0.00028563968380982 0.00019064856418938
-0.00011858156877728 6.3859323275441e-05 -2.016343242203e-05 -2.934446915952e-05 0.00010461642187201 -0.00023421315629515 0.00043931276548712 -0.0023667932161209 0.00047368760366691 -0.00032564159644535
8.7099098249007e-05 -4.8258851176146e-05 1.2029620167628e-05 3.1478373803695e-05 -8.31638669828e-05 0.00015373099084823 -0.00028643819587669 0.0004735536337369 -0.0020310151317354 0.00049488225453223
-6.1498344355243e-05 3.3842408510171e-05 -5.213871651773e-06 -3.2840476615373e-05 7.4147451372978e-05 -0.00012824796823723 0.00019026984096091 -0.00032696807694704 0.00049427491910449 -0.0017367476698163
