0.0070556128944019 0.0013794110362857 -0.0012125956554066 0.00098761046488436 -0.00082372276684175 0.00070821578340313 -0.00062142370122063 0.00055437656199219 -0.00050052609068808 0.00045584304181122
0.0013794110362857 0.0067213228332696 -9.0309767593317e-05 -0.00044937165531611 0.0004537253597651 -0.00040546476086574 0.00036757897518452 -0.00033232965545288 0.00030263987593503 -0.00027725607241155
-0.0012125956554066 -9.0309767593316e-05 0.0061311541819266 -0.000625027662759 -0.00018864375374913 0.00028772913808806 -0.00028384176914129 0.00027425505238456 -0.00025651222769665 0.00024036917669324
0.00098761046488436 -0.00044937165531611 -0.00062502766275899 0.0055008167252502 -0.00094282602909293 -1.1254150895696e-07 0.00015458363751943 -0.00018556794990599 0.00019939854053367 -0.00019503318647873
-0.00082372276684175 0.0004537253597651 -0.00018864375374913 -0.00094282602909293 0.0049022427743815 -0.0011341463003372 0.00014476357635662 4.2571343976178e-05 -0.00010004105405887 0.00013316034976399
0.00070821578340313 -0.00040546476086574 0.00028772913808806 -1.1254150895614e-07 -0.0011341463003372 0.0043685313645978 -0.0012385190152741 0.00025554714187311 -5.052524132447e-05 -2.6263112518391e-05
-0.00062142370122063 0.00036757897518452 -0.00028384176914129 0.00015458363751943 0.00014476357635662 -0.0012385190152741 0.003906352023392 -0.0012839262100817 0.00033869452557348 -0.00012616579448485
0.00055437656199219 -0.00033232965545288 0.00027425505238456 -0.00018556794990599 4.2571343976178e-05 0.00025554714187311 -0.0012839262100817 0.0035102154893808 -0.0012903552888106 0.00039993998591989
-0.00050052609068808 0.00030263987593503 -0.00025651222769665 0.00019939854053367 -0.00010004105405887 -5.052524132447e-05 0.00033869452557348 -0.0012903552888106 0.0031706378150582 -0.0012741475481194
0.00045584304181122 -0.00027725607241155 0.00024036917669324 -0.00019503318647873 0.00013316034976399 -2.6263112518391e-05 -0.00012616579448485 0.00039993998591989 -0.0012741475481194 0.0028791789224242
