0.0059884048134924 0.00023773866831014 0.00035721254745138 -0.00067864871434062 0.00090475957940135 -0.0010799927129822 0.0012232192847739 -0.0013451127061028 0.001452320153202 -0.0015485002879186
0.00023773866831014 0.0066927061699791 -0.00067611589249703 0.00084424612873804 -0.00097857159913023 0.0010955592904364 -0.0011976603054523 0.0012876731920532 -0.0013684150204137 0.00144179691073
0.00035721254745138 -0.00067611589249703 0.0066521649735278 -0.0013050657365272 0.001299350023729 -0.0013610060995107 0.0014395175167096 -0.0015198892138411 0.0015957507605343 -0.001668371766965
-0.00067864871434062 0.00084424612873804 -0.0013050657365272 0.0062993139467905 -0.0018068586909837 0.0016919845067558 -0.0017062246846847 0.0017571350756952 -0.001821985094588 0.0018867224020098
0.00090475957940135 -0.00097857159913023 0.001299350023729 -0.0018068586909837 0.005871268519096 -0.0022058103171211 0.0020331161758871 -0.002018354628493 0.0020492114870066 -0.0021028645299394
-0.0010799927129822 0.0010955592904364 -0.0013610060995107 0.0016919845067558 -0.0022058103171211 0.0054805220526945 -0.0025259769240425 0.0023309200162611 -0.0023014605428316 0.0023182241582828
0.0012232192847739 -0.0011976603054523 0.0014395175167096 -0.0017062246846847 0.0020331161758871 -0.0025259769240425 0.0051663862747908 -0.002788037354855 0.0025928503273201 -0.0025595198959856
-0.0013451127061028 0.0012876731920532 -0.0015198892138411 0.0017571350756952 -0.002018354628493 0.0023309200162611 -0.002788037354855 0.004934736184817 -0.0030092229730806 0.0028257485025909
0.001452320153202 -0.0013684150204137 0.0015957507605343 -0.001821985094588 0.0020492114870066 -0.0023014605428316 0.0025928503273201 -0.0030092229730806 0.0047770895406966 -0.0032030423657808
-0.0015485002879186 0.00144179691073 -0.001668371766965 0.0018867224020098 -0.0021028645299394 0.0023182241582828 -0.0025595198959856 0.0028257485025909 -0.0032030423657808 0.0046806172343689
