0.0023194730010586 -0.00044449185926461 0.00098738526313078 -0.0013167554566491 0.0014358431093116 -0.0016504175463319 0.0016634878671199 -0.0018630085580006 0.0018125588845763 -0.0020276498094545
-0.00044449185926461 0.0067288166170894 -0.0014456370760564 0.0017305110386593 -0.0022024315367602 0.0022116455243569 -0.0026457747272089 0.0025184795992418 -0.0029816756677 0.0027381939675401
0.00098738526313078 -0.0014456370760564 0.0081698729666874 -0.0026858051871601 0.0026945928932923 -0.0031826795445556 0.0030792824346511 -0.00359334661756 0.0033713464002272 -0.0039412724861477
-0.0013167554566491 0.0017305110386593 -0.0026858051871601 0.0085485711207386 -0.0036669334150216 0.0035257271395896 -0.0039265426600615 0.0038286117768529 -0.0042747745518647 0.0041120530604212
0.0014358431093116 -0.0022024315367602 0.0026945928932923 -0.0036669334150216 0.008506241551585 -0.0044723547239207 0.0041843661632148 -0.0045793402933815 0.0044100874221823 -0.0048886630404191
-0.0016504175463319 0.0022116455243569 -0.0031826795445556 0.0035257271395896 -0.0044723547239207 0.0084263309092662 -0.005128716260737 0.0048591297629308 -0.0051324173178493 0.0050518559178378
0.0016634878671199 -0.0026457747272089 0.0030792824346511 -0.0039265426600615 0.0041843661632148 -0.005128716260737 0.00826413417677 -0.0056862894702703 0.0053548700897259 -0.0056548327577422
-0.0018630085580006 0.0025184795992418 -0.00359334661756 0.0038286117768529 -0.0045793402933815 0.0048591297629308 -0.0056862894702703 0.0082769925019214 -0.0061569043313616 0.0059427339537655
0.0018125588845763 -0.0029816756677 0.0033713464002272 -0.0042747745518647 0.0044100874221823 -0.0051324173178493 0.0053548700897259 -0.0061569043313616 0.0082154805499929 -0.0065817025158927
-0.0020276498094545 0.0027381939675401 -0.0039412724861477 0.0041120530604212 -0.0048886630404191 0.0050518559178378 -0.0056548327577422 0.0059427339537655 -0.0065817025158927 0.0083861285717255
