# http://wwwal.kuicr.kyoto-u.ac.jp/www/accelerator/a4/besselroot.htmlx
3.8317059702075 7.0155866698156 10.1734681350627 13.3236919363142 16.4706300508776
1.8411837813407 5.3314427735250 8.5363163663463 11.7060049025920 14.8635886339090
3.0542369282271 6.7061331941585 9.9694678230876 13.1703708560161 16.3475223183217
4.2011889412105 8.0152365983760 11.3459243107430 14.5858482861670 17.7887478660664
5.3175531260840 9.2823962852416 12.6819084426388 15.9641070377315 19.1960288000489
6.4156163757002 10.5198608737723 13.9871886301403 17.3128424878846 20.5755145213868
7.5012661446841 11.7349359530427 15.2681814610978 18.6374430096662 21.9317150178022
8.5778364897141 12.9323862370895 16.5293658843669 19.9418533665273 23.2680529264575
9.6474216519972 14.1155189078946 17.7740123669152 21.2290626228531 24.5871974863176
10.7114339706999 15.2867376673329 19.0045935379460 22.5013987267772 25.8912772768391
11.7708766749555 16.4478527484865 20.2230314126817 23.7607158603274 27.1820215271905
