0.006019314557154 0.00032521527721519 0.0003001173143733 -0.00064951212058072 0.00086169609357389 -0.0010782878930302 0.0010783561611399 -0.0014737351998244 0.002299403813587 0.00099634880869892
0.0003252152772152 0.0069166833121414 -0.00055497611141562 0.00072639347570151 -0.0010148207827047 0.00085741348992274 -0.0016160340412973 0.0017538269107397 0.0029725991981567 0.0052154148856537
0.0003001173143733 -0.00055497611141562 0.0070717286634013 -0.0011634846933015 0.00090616814756365 -0.0018655103908492 0.0014944625488518 0.0019832488297315 0.0062884369900945 -0.0051152102863044
-0.00064951212058072 0.00072639347570151 -0.0011634846933015 0.0068691181850392 -0.0019661965693634 0.0013213667780331 0.00094803089540328 0.0058052534610642 -0.003468989702524 -0.0027708585532816
0.00086169609357389 -0.0010148207827047 0.00090616814756365 -0.0019661965693634 0.0071083372967278 0.0006807187783763 0.0050629942304499 -0.003267624952432 -0.0014130972705365 -0.0015247182496864
-0.0010782878930302 0.00085741348992274 -0.0018655103908492 0.0013213667780331 0.0006807187783763 0.011094671651741 -0.0024772945948478 -0.0013962171386011 -0.0021098067736241 0.00061018650202708
0.0010783561611399 -0.0016160340412973 0.0014944625488518 0.00094803089540329 0.0050629942304499 -0.0024772945948478 0.0062618675907404 -0.00071326938981694 -0.00050563051549765 -0.0051183061405787
-0.0014737351998244 0.0017538269107397 0.0019832488297315 0.0058052534610642 -0.003267624952432 -0.0013962171386011 -0.00071326938981694 0.0095631362581209 -0.0023551627914945 -0.00051334465322231
0.002299403813587 0.0029725991981567 0.0062884369900945 -0.003468989702524 -0.0014130972705365 -0.0021098067736241 -0.00050563051549765 -0.0023551627914945 0.013831912918725 -0.0036009324898013
0.00099634880869892 0.0052154148856537 -0.0051152102863044 -0.0027708585532816 -0.0015247182496864 0.00061018650202707 -0.0051183061405787 -0.00051334465322231 -0.0036009324898013 0.013881091253063
