0.011053108607212 0.0042640968487423 -0.0023887819119263 0.0016884634263811 -0.001319540121784 0.0010928199882728 -0.0009382175920787 0.00082233257354627 -0.00073039286739399 0.00065592733437448
0.0042640968487423 0.019052336343931 0.0045547508273484 -0.0022219461543371 0.0014567432501162 -0.0010845645364909 0.00086583721516623 -0.00072890466987928 0.00063415813617752 -0.00056033446740664
-0.0023887819119263 0.0045547508273484 0.026004925328125 0.0057050162284112 -0.002653249806423 0.0016737741022343 -0.0012182699236128 0.00095546855555271 -0.00079294107093966 0.0006853198426879
0.0016884634263811 -0.0022219461543371 0.0057050162284112 0.032738564991206 0.0068806869487894 -0.0031191984618572 0.0019221744159069 -0.0013757360752586 0.0010659317664564 -0.00087455071644426
-0.001319540121784 0.0014567432501162 -0.002653249806423 0.0068806869487894 0.039373936602976 0.0080638423604225 -0.0035937175299914 0.0021799468142293 -0.0015400277738525 0.0011820048529438
0.0010928199882728 -0.0010845645364909 0.0016737741022343 -0.0031191984618572 0.0080638423604225 0.045956247609637 0.0092497670508719 -0.0040714805002614 0.0024414273632295 -0.0017070656878759
-0.0009382175920787 0.00086583721516623 -0.0012182699236128 0.0019221744159069 -0.0035937175299914 0.0092497670508719 0.052506214640017 0.010436497953754 -0.0045506034220884 0.002704630147809
0.00082233257354627 -0.00072890466987928 0.00095546855555271 -0.0013757360752586 0.0021799468142293 -0.0040714805002614 0.010436497953754 0.059035063387605 0.011623333741355 -0.0050303672067001
-0.00073039286739399 0.00063415813617752 -0.00079294107093966 0.0010659317664564 -0.0015400277738525 0.0024414273632295 -0.0045506034220884 0.011623333741355 0.065549303633162 0.012810010548272
0.00065592733437448 -0.00056033446740664 0.0006853198426879 -0.00087455071644426 0.0011820048529438 -0.0017070656878759 0.002704630147809 -0.0050303672067001 0.012810010548272 0.07205270605816
