0.0013783554063808 0.00079491753999576 -0.00044765513136352 0.00031399856209662 -0.00027885554232233 0.00019443124011819 -0.00021497171172852 0.0001433949690765 -0.00019622848324672 0.00010605293033959
0.00079491753999576 0.0094945772674972 0.002078022529212 -0.0010972382140914 0.00063153541771431 -0.00073229784830263 0.00034616514171107 -0.00063232454926832 0.00018440400164007 -0.00062625351002224
-0.00044765513136352 0.002078022529212 0.017153080842149 0.0031082296670983 -0.0016133386487665 0.0007707947713753 -0.0010938865634892 0.00031754913082668 -0.00097033399792249 6.7933836239683e-05
0.00031399856209662 -0.0010972382140914 0.0031082296670983 0.024781285380782 0.0041137564975929 -0.0021725666682917 0.00082648821696045 -0.0014703568378769 0.0002101693480951 -0.0013346725178303
-0.00027885554232233 0.00063153541771431 -0.0016133386487665 0.0041137564975929 0.032353224442922 0.0050522015652089 -0.0027635208544455 0.000819980148356 -0.001888339997795 3.8440364542018e-05
0.00019443124011819 -0.00073229784830263 0.0007707947713753 -0.0021725666682917 0.0050522015652089 0.039891221405053 0.0059341433458197 -0.0034025253379914 0.0007555738554822 -0.0023596659225806
-0.00021497171172852 0.00034616514171106 -0.0010938865634892 0.00082648821696045 -0.0027635208544455 0.0059341433458197 0.047380329025942 0.0067607345373815 -0.0040979597958919 0.00062792995590425
0.0001433949690765 -0.00063232454926832 0.00031754913082668 -0.0014703568378769 0.000819980148356 -0.0034025253379914 0.0067607345373815 0.054812676282803 0.0075253216310463 -0.0048587294453745
-0.00019622848324672 0.00018440400164007 -0.00097033399792249 0.0002101693480951 -0.001888339997795 0.0007555738554822 -0.0040979597958919 0.0075253216310463 0.062179546771784 0.0082196001564703
0.00010605293033959 -0.00062625351002224 6.7933836239683e-05 -0.0013346725178303 3.8440364542018e-05 -0.0023596659225806 0.00062792995590425 -0.0048587294453745 0.0082196001564703 0.069469142047242
