-0.010059125585291 -0.0033071609875997 0.0019978423088547 -0.0014502816772778 0.001167360665534 -0.0009770625815217 0.00083219449129696 -0.00072396236546205 0.00064493803603998 -0.00058481965306852
-0.0033071609875997 -0.017516714098849 -0.0035924771750721 0.0019752429783579 -0.0012914296793746 0.00099457599961515 -0.00083219818025571 0.00070942387111366 -0.00061008825744709 0.00054009081481995
0.0019978423088547 -0.0035924771750721 -0.024523465531504 -0.0045193374370002 0.0024071870353101 -0.0015208434581977 0.0011424174006323 -0.0009421285322193 0.00080130133199468 -0.00068202187060629
-0.0014502816772778 0.0019752429783579 -0.0045193374370002 -0.031421165698637 -0.0055051942703016 0.0028758392501063 -0.0017710724836814 0.0013101023316779 -0.0010648058466802 0.00090282415639976
0.001167360665534 -0.0012914296793746 0.0024071870353101 -0.0055051942703016 -0.038255195861812 -0.0065031524352951 0.0033540271276832 -0.0020256462919427 0.0014827224681137 -0.0011904623103647
-0.0009770625815217 0.00099457599961515 -0.0015208434581977 0.0028758392501063 -0.0065031524352951 -0.045057706701621 -0.0075049331850073 0.0038353482131711 -0.0022819820334118 0.0016567047159631
0.00083219449129696 -0.00083219818025571 0.0011424174006323 -0.0017710724836814 0.0033540271276832 -0.0075049331850073 -0.05184248823994 -0.0085089240865017 0.0043174262421546 -0.0025390159318003
-0.00072396236546205 0.00070942387111366 -0.0009421285322193 0.0013101023316779 -0.0020256462919427 0.0038353482131711 -0.0085089240865017 -0.058616664919456 -0.0095141544464208 0.0047991277815539
0.00064493803603998 -0.00061008825744709 0.00080130133199468 -0.0010648058466802 0.0014827224681137 -0.0022819820334118 0.0043174262421546 -0.0095141544464208 -0.065384330365822 -0.010520617042126
-0.00058481965306852 0.00054009081481995 -0.00068202187060629 0.00090282415639976 -0.0011904623103647 0.0016567047159631 -0.0025390159318003 0.0047991277815539 -0.010520617042126 -0.072148216594342
