-0.0043808494230513 -0.0020073563628552 0.0012861861926389 -0.00093223095221033 0.00073032078622802 -0.00059852421754461 0.00050384847159742 -0.0004341796766201 0.0003799075333573 -0.00033958750761419
-0.0020073563628552 -0.011574668213109 -0.0028349141550477 0.0016213609741162 -0.0011134321551374 0.0008505276195396 -0.00069295065452863 0.0005795902148182 -0.00050413947724015 0.00043540728442036
0.0012861861926389 -0.0028349141550477 -0.018516865474364 -0.0039587782520654 0.0021241213489796 -0.001405365742415 0.0010469805455683 -0.00084861639880713 0.00069552060427134 -0.00061320386257969
-0.00093223095221033 0.0016213609741162 -0.0039587782520654 -0.025420859552574 -0.0050958849730319 0.00262959311518 -0.0016998929367376 0.0012335489509093 -0.0010007516118151 0.00079556587241906
0.00073032078622802 -0.0011134321551374 0.0021241213489796 -0.0050958849730319 -0.032307078792943 -0.0062443699771601 0.0031337172123935 -0.0019994781575599 0.0014113580015878 -0.0011570297804196
-0.00059852421754461 0.0008505276195396 -0.001405365742415 0.00262959311518 -0.0062443699771601 -0.039187024019934 -0.0074018714428843 0.0036328609974147 -0.0023074833266592 0.0015782748649045
0.00050384847159742 -0.00069295065452863 0.0010469805455683 -0.0016998929367376 0.0031337172123935 -0.0074018714428843 -0.046067845461536 -0.00856976558296 0.0041228294512629 -0.0026285208010471
-0.0004341796766201 0.0005795902148182 -0.00084861639880713 0.0012335489509093 -0.0019994781575599 0.0036328609974147 -0.00856976558296 -0.052955426321815 -0.0097518397869029 0.0045980997920693
0.0003799075333573 -0.00050413947724015 0.00069552060427134 -0.0010007516118151 0.0014113580015878 -0.0023074833266592 0.0041228294512629 -0.0097518397869029 -0.059856191575598 -0.010954233556266
-0.00033958750761419 0.00043540728442036 -0.0006132038625797 0.00079556587241906 -0.0011570297804196 0.0015782748649045 -0.0026285208010471 0.0045980997920693 -0.010954233556266 -0.066778750422976
