0.00742400998058 0.0026219320274482 -0.0016308585451703 0.0011796616700315 -0.00094985578816831 0.00079789047142812 -0.00067918542963652 0.00058724007112886 -0.00052067558148735 0.00047020008767332
0.0026219320274482 0.01479449856597 0.00310273809121 -0.0017742042985782 0.0011703327015781 -0.0008988468074319 0.00075141687139404 -0.00064613511253158 0.00055450582916587 -0.00049098864067792
-0.0016308585451703 0.00310273809121 0.021801023745275 0.0040760605436908 -0.0022233564704344 0.0014123171739733 -0.0010670443680919 0.00087729782829717 -0.00075414370028256 0.00064083447684565
0.0011796616700315 -0.0017742042985782 0.0040760605436908 0.02876219913781 0.0050787246237026 -0.0027039742718888 0.0016683569899045 -0.0012447577596907 0.0010073692244319 -0.00086369228685809
-0.00094985578816831 0.0011703327015781 -0.0022233564704344 0.0050787246237026 0.035674582932595 0.0060938421155979 -0.003192190696199 0.0019274312027347 -0.0014241890532896 0.0011369276243925
0.00079789047142812 -0.0008988468074319 0.0014123171739733 -0.0027039742718888 0.0060938421155979 0.042566162174336 0.0071133912169353 -0.0036827686063513 0.0021871313675574 -0.0016049310904964
-0.00067918542963652 0.00075141687139404 -0.0010670443680919 0.0016683569899045 -0.003192190696199 0.0071133912169353 0.049447001203526 0.008134661700089 -0.0041751784837875 0.0024456241660298
0.00058724007112886 -0.00064613511253158 0.00087729782829717 -0.0012447577596907 0.0019274312027347 -0.0036827686063513 0.008134661700089 0.056320501438261 0.00915543918219 -0.004669878127138
-0.00052067558148735 0.00055450582916587 -0.00075414370028256 0.0010073692244319 -0.0014241890532896 0.0021871313675574 -0.0041751784837875 0.00915543918219 0.063187917367729 0.010173441399468
0.00047020008767332 -0.00049098864067792 0.00064083447684565 -0.00086369228685809 0.0011369276243925 -0.0016049310904964 0.0024456241660298 -0.004669878127138 0.010173441399468 0.070048210078869
