0.0086472758435597 0.0024519600334733 -0.0013758858324548 0.0010294972637392 -0.00083107375189912 0.00071105104485251 -0.00064022184389929 0.00058715832136263 -0.00053782168389909 0.00049411760838488
0.0024519600334733 0.016627574526016 0.0031836166711391 -0.0014428299465485 0.001041406501153 -0.00083171137251592 0.0006844598383646 -0.00059866013071587 0.00055046108243352 -0.00050321670743371
-0.0013758858324548 0.0031836166711391 0.024570943752137 0.0043246908488724 -0.0018296637168002 0.0012613134653944 -0.00098137305422973 0.00079810013937328 -0.00068577034201299 0.00063095789282889
0.0010294972637392 -0.0014428299465485 0.0043246908488724 0.032396466303687 0.0054569880823509 -0.0022053395480603 0.0014841033452298 -0.0011308297645418 0.00091187084324284 -0.00077281171013701
-0.00083107375189912 0.001041406501153 -0.0018296637168002 0.0054569880823509 0.040206655770458 0.0065826809920777 -0.0025791498413978 0.0017074596034587 -0.0012797946276174 0.0010224327078389
0.00071105104485251 -0.00083171137251592 0.0012613134653944 -0.0022053395480603 0.0065826809920777 0.048001384445451 0.0077062075832212 -0.002953627994447 0.001929302065175 -0.0014294574473
-0.00064022184389929 0.0006844598383646 -0.00098137305422973 0.0014841033452298 -0.0025791498413978 0.0077062075832212 0.055784586642961 0.0088267634139376 -0.0033298382261783 0.002149370849518
0.00058715832136263 -0.00059866013071587 0.00079810013937328 -0.0011308297645418 0.0017074596034587 -0.002953627994447 0.0088267634139376 0.06355892932062 0.0099445707373195 -0.0037098103994756
-0.00053782168389909 0.00055046108243352 -0.00068577034201299 0.00091187084324284 -0.0012797946276174 0.001929302065175 -0.0033298382261783 0.0099445707373195 0.071324598224082 0.011058434348242
0.00049411760838488 -0.00050321670743371 0.00063095789282889 -0.00077281171013701 0.0010224327078389 -0.0014294574473 0.002149370849518 -0.0037098103994756 0.011058434348242 0.079080181215323
