-0.012060944005244 -0.0030954048008865 0.0017319046128965 -0.0012892912021647 0.0010464767985714 -0.00090468615227141 0.00081610502876921 -0.0007455861860506 0.00068220491102983 -0.00062659100347675
-0.0030954048008865 -0.019969479983532 -0.0036636489936178 0.0016619042940602 -0.0011904892014435 0.00093412035275712 -0.00076613577588832 0.0006753023266353 -0.00061794536336957 0.00056449901316741
0.0017319046128965 -0.0036636489936178 -0.028021467510619 -0.0048207031426142 0.0020229563082775 -0.001384887580816 0.0010691964805787 -0.00086166765709556 0.00074627339505941 -0.00068294424143113
-0.0012892912021647 0.0016619042940602 -0.0048207031426142 -0.035937712355312 -0.0059538230701019 0.0023947710393423 -0.0015976901244402 0.001213942181834 -0.00096861659514129 0.0008253995278514
0.0010464767985714 -0.0011904892014435 0.0020229563082775 -0.0059538230701019 -0.043801301060492 -0.007082987623309 0.0027685579437012 -0.0018167375756697 0.0013594453509673 -0.0010774329735099
-0.00090468615227141 0.00093412035275712 -0.001384887580816 0.0023947710393423 -0.007082987623309 -0.051633259114681 -0.0082109258869597 0.0031420276611551 -0.0020381493393422 0.0015053932610264
0.00081610502876921 -0.00076613577588832 0.0010691964805787 -0.0015976901244402 0.0027685579437012 -0.0082109258869597 -0.059446209917026 -0.0093374617409181 0.0035158242793897 -0.0022615031365644
-0.0007455861860506 0.0006753023266353 -0.00086166765709556 0.001213942181834 -0.0018167375756697 0.0031420276611551 -0.0093374617409181 -0.067245789674667 -0.010463623753427 0.003890125211482
0.00068220491102983 -0.00061794536336957 0.00074627339505941 -0.00096861659514129 0.0013594453509673 -0.0020381493393422 0.0035158242793897 -0.010463623753427 -0.075035707292324 -0.0115903043921
-0.00062659100347675 0.00056449901316741 -0.00068294424143113 0.0008253995278514 -0.0010774329735099 0.0015053932610264 -0.0022615031365644 0.0038901252114819 -0.0115903043921 -0.082818938387264
