0.0072993856598112 0.0025752179519712 -0.0016020929856525 0.0011590132573422 -0.00093331136709452 0.00078404833286329 -0.00066745099811367 0.00057713496641734 -0.00051174527686702 0.00046215772656141
0.0025752179519712 0.014542030560237 0.0030472781577627 -0.0017428347693754 0.0011498421622543 -0.00088320796777677 0.00073839428997895 -0.00063497591329475 0.00054497078370659 -0.0004825740860681
-0.0016020929856525 0.0030472781577627 0.021428574628688 0.0040031261680001 -0.0021840121579327 0.0013875819825205 -0.0010484758454697 0.00086209713135767 -0.00074111923311439 0.00062981865103735
0.0011590132573422 -0.0017428347693754 0.0040031261680001 0.028270626197599 0.0049877945521861 -0.0026560907062685 0.0016391259401401 -0.0012230888234023 0.00098991428372582 -0.00084877406860522
-0.00093331136709452 0.0011498421622543 -0.0021840121579327 0.0049877945521861 0.035064775733298 0.0059846948673553 -0.0031356320728855 0.0018936490740206 -0.0013993880643781 0.001117225264503
0.00078404833286329 -0.00088320796777677 0.0013875819825205 -0.0026560907062685 0.0059846948673553 0.041838497774054 0.0069859484140466 -0.0036174934798762 0.0021487858790331 -0.0015769744030494
-0.00066745099811367 0.00073839428997895 -0.0010484758454697 0.0016391259401401 -0.0031356320728855 0.0069859484140466 0.04860167319387 0.0079888927232623 -0.0041011551638928 0.0024027353768654
0.00057713496641734 -0.00063497591329475 0.00086209713135767 -0.0012230888234023 0.0018936490740206 -0.0036174934798762 0.0079888927232623 0.055357641233884 0.0089913521299616 -0.0045870673032686
-0.00051174527686702 0.00054497078370658 -0.00074111923311439 0.00098991428372582 -0.0013993880643781 0.0021487858790331 -0.0041011551638928 0.0089913521299616 0.062107632882274 0.0099910839268833
0.00046215772656141 -0.0004825740860681 0.00062981865103735 -0.00084877406860522 0.001117225264503 -0.0015769744030494 0.0024027353768654 -0.0045870673032686 0.0099910839268833 0.068850626168324
