-0.0044646689180258 -0.0017888762615988 0.0011594231912541 -0.00083097853763111 0.00066560256302275 -0.00056048082340338 0.00047776001694214 -0.0004103131426573 0.00036084567566295 -0.00032524714811915
-0.0017888762615988 -0.011454473374582 -0.0024966417728845 0.0014944663697491 -0.0010018251859202 0.00077174152629036 -0.00064221107989054 0.000554164150715 -0.00047940847808214 0.00041781462356179
0.0011594231912541 -0.0024966417728845 -0.018252826353886 -0.0034888620655524 0.0019580476922178 -0.0012524612415972 0.0009513856540997 -0.00078739699009939 0.00067107179556242 -0.00058695753364969
-0.00083097853763111 0.0014944663697491 -0.0034888620655524 -0.02504349408809 -0.0044734976348643 0.0024278488385985 -0.0015125581409176 0.0011243450270258 -0.00093102632886914 0.00077329965554937
0.00066560256302275 -0.0010018251859202 0.0019580476922178 -0.0044734976348643 -0.031814853120386 -0.005476624865064 0.0028986396178168 -0.001779390850042 0.0012893476144006 -0.001078461548022
-0.00056048082340338 0.00077174152629036 -0.0012524612415972 0.0024278488385985 -0.005476624865064 -0.038578524997187 -0.0064904090139875 0.0033647010041898 -0.0020540905948272 0.0014443552655927
0.00047776001694214 -0.00064221107989054 0.0009513856540997 -0.0015125581409176 0.0028986396178168 -0.0064904090139875 -0.045343349912144 -0.0075139851872481 0.0038222022732607 -0.0023403052433511
-0.0004103131426573 0.000554164150715 -0.00078739699009939 0.0011243450270258 -0.001779390850042 0.0033647010041898 -0.0075139851872481 -0.052114626132938 -0.0085501952665157 0.0042658671495263
0.00036084567566295 -0.00047940847808214 0.00067107179556242 -0.00093102632886914 0.0012893476144006 -0.0020540905948272 0.0038222022732607 -0.0085501952665157 -0.05889841738065 -0.0096039530215423
-0.00032524714811915 0.00041781462356179 -0.00058695753364969 0.00077329965554936 -0.001078461548022 0.0014443552655927 -0.0023403052433511 0.0042658671495263 -0.0096039530215423 -0.065702348207141
