0.0059946197241111 0.00022289617983283 0.0003323432506134 -0.00063875160539524 0.00086400707417531 -0.0010399941829806 0.0011828103925334 -0.0013048044576438 0.0014116787442216 -0.001508126663227
0.00022289617983283 0.0066617222259365 -0.00069968791390692 0.00083027186016662 -0.00093992879770673 0.0010539906063351 -0.0011596469269079 0.0012487229082429 -0.001330907591494 0.0014028694297302
0.0003323432506134 -0.00069968791390692 0.0066397002477262 -0.0013349833437821 0.0012847680594767 -0.0013171931039671 0.0013895840191271 -0.0014764924890244 0.0015496918190178 -0.0016262177286773
-0.00063875160539524 0.00083027186016662 -0.0013349833437821 0.006306589844682 -0.0018430114158468 0.0016759267601088 -0.0016587961834691 0.0016994717266258 -0.0017745504088452 0.0018321094057947
0.00086400707417531 -0.00093992879770673 0.0012847680594767 -0.0018430114158468 0.005900340512256 -0.0022463745235487 0.0020149638557845 -0.0019692367047694 0.00198301989306 -0.0020539699906457
-0.0010399941829806 0.001053990606335 -0.0013171931039671 0.0016759267601088 -0.0022463745235487 0.005533103090363 -0.002568324871623 0.0023083964469571 -0.0022537551766129 0.0022418013428073
0.0011828103925334 -0.0011596469269079 0.0013895840191271 -0.0016587961834691 0.0020149638557845 -0.002568324871623 0.0052432872102491 -0.0028297433713126 0.0025626283503506 -0.0025176048081431
-0.0013048044576438 0.0012487229082429 -0.0014764924890244 0.0016994717266258 -0.0019692367047694 0.0023083964469571 -0.0028297433713126 0.0050375249638868 -0.0030479894267855 0.002782460240776
0.0014116787442216 -0.001330907591494 0.0015496918190178 -0.0017745504088452 0.00198301989306 -0.0022537551766129 0.0025626283503506 -0.0030479894267855 0.0049081130680096 -0.0032393830710096
-0.001508126663227 0.0014028694297302 -0.0016262177286773 0.0018321094057947 -0.0020539699906457 0.0022418013428073 -0.0025176048081431 0.002782460240776 -0.0032393830710096 0.0048337005958912
