0.0055217904618301 0.001293303442223 -0.00089754533651818 0.00071173039733191 -0.00059147113677609 0.00050878344266551 -0.00044843486291587 0.00040151392963112 -0.00036351016307155 0.00033190347818156
0.001293303442223 0.0054790412479645 0.00023262187397469 -0.00028694366675203 0.00028585561187711 -0.00025980827484494 0.00023525334429437 -0.00021605724794537 0.00019920151309974 -0.00018482577265619
-0.00089754533651818 0.00023262187397469 0.0048873556032401 -0.00013973120420142 -7.7877594460837e-05 0.00015010616491517 -0.00016071678602423 0.00015563421291113 -0.00015164996353019 0.00014465166123896
0.00071173039733191 -0.00028694366675203 -0.00013973120420142 0.0042365684910523 -0.0003660824269712 6.4117210321156e-05 4.9336893306332e-05 -8.7297075243168e-05 9.4951083822853e-05 -0.00010225912226289
-0.00059147113677609 0.00028585561187711 -7.7877594460837e-05 -0.0003660824269712 0.0036387234348589 -0.00050389564942975 0.00016250990162755 -3.015197776738e-05 -2.8300710821116e-05 4.3948768528346e-05
0.00050878344266551 -0.00025980827484494 0.00015010616491517 6.4117210321156e-05 -0.00050389564942975 0.0031311171970017 -0.00058035050599493 0.00022791863122431 -9.3497681929064e-05 1.8448749804726e-05
-0.00044843486291587 0.00023525334429437 -0.00016071678602423 4.9336893306332e-05 0.00016250990162755 -0.00058035050599493 0.0027189612737546 -0.00061493088659024 0.00026672421963088 -0.00014582429807405
0.00040151392963112 -0.00021605724794537 0.00015563421291113 -8.7297075243168e-05 -3.015197776738e-05 0.00022791863122431 -0.00061493088659024 0.0023929926868214 -0.00062301563094222 0.00028001064580406
-0.00036351016307155 0.00019920151309974 -0.00015164996353019 9.4951083822853e-05 -2.8300710821115e-05 -9.3497681929064e-05 0.00026672421963088 -0.00062301563094222 0.0021368089224781 -0.00062063366828339
0.00033190347818156 -0.00018482577265619 0.00014465166123896 -0.00010225912226289 4.3948768528347e-05 1.8448749804726e-05 -0.00014582429807405 0.00028001064580406 -0.00062063366828339 0.0019322849569822
