-0.0043578489553888 -0.0015787929820855 0.00098200149024494 -0.00072882672677965 0.00058583133386951 -0.00049915695766766 0.00039607030826761 -0.00032818351818951 0.00029629332665525 -0.00028113736495544
-0.0015787929820855 -0.0061942728235406 -0.00050851496433221 0.00048807211373947 -0.00046884015696371 0.00038366276428528 -0.00038065099255891 0.00032157217431086 -0.00027212343505815 0.00021083252315145
0.00098200149024494 -0.00050851496433221 -0.0056479024366365 0.00032352047848782 0.00010168966811368 -0.00025702965327097 0.00027695627512281 -0.00029536634649699 0.00025315997133284 -0.00028270031802896
-0.00072882672677965 0.00048807211373947 0.00032352047848782 -0.0042177835371797 0.00091478947793364 -0.00031769498437669 4.9243143479004e-05 0.00010633363081531 -0.00017506547502687 0.00018039965333542
0.00058583133386951 -0.00046884015696371 0.00010168966811368 0.00091478947793364 -0.0030578648815289 0.00095603833187889 -0.00057818733759591 0.00031461607722608 -6.8927596035388e-05 1.5519895964215e-06
-0.00049915695766766 0.00038366276428528 -0.00025702965327097 -0.00031769498437669 0.00095603833187889 -0.002594250909391 0.00062605099821984 -0.00055156261606912 0.00044447006899258 -0.00020432082320457
0.00039607030826761 -0.00038065099255891 0.00027695627512281 4.9243143479004e-05 -0.00057818733759591 0.00062605099821984 -0.0025351115162718 0.00031499051462066 -0.00036424236651723 0.00040107329786502
-0.00032818351818951 0.00032157217431086 -0.00029536634649699 0.00010633363081531 0.00031461607722608 -0.00055156261606912 0.00031499051462066 -0.0024686956906793 0.00025803844496307 -0.00021252190810464
0.00029629332665525 -0.00027212343505815 0.00025315997133284 -0.00017506547502687 -6.8927596035388e-05 0.00044447006899258 -0.00036424236651723 0.00025803844496307 -0.0021243242961993 0.00053511212732748
-0.00028113736495544 0.00021083252315145 -0.00028270031802896 0.00018039965333542 1.5519895964211e-06 -0.00020432082320457 0.00040107329786502 -0.00021252190810464 0.00053511212732748 -0.0015856528697928
