0.0023865734915173 -0.00059029060496685 0.00075082661681268 -0.0014217541982829 0.0010494798726763 -0.0019678335795632 0.0010125777357314 -0.0026623203777347 0.00013173202926638 -0.0050547646952953
-0.00059029060496685 0.0068181716999021 -0.0020192547406143 0.00099747015159428 -0.0027361427792222 0.0010449505070759 -0.0039573721147321 -2.8279914852213e-05 -0.0074313214864781 -0.0034054529226818
0.00075082661681268 -0.0020192547406143 0.0084458174868312 -0.0035725237327663 0.0014982447273985 -0.0040820786001928 0.00086642313700454 -0.0069706713781643 -0.001772130346554 -0.0039077533110385
-0.0014217541982829 0.00099747015159428 -0.0035725237327663 0.0094158265055501 -0.0047131582817863 0.002111719585089 -0.0058554944499565 0.00070444757297708 -0.0027741121094206 0.011528668671257
0.0010494798726763 -0.0027361427792222 0.0014982447273985 -0.0047131582817863 0.0095534351983314 -0.0063682145897588 0.0012244819539458 -0.0031134668171961 0.0098303189182904 -0.0042794532410892
-0.0019678335795632 0.0010449505070759 -0.0040820786001928 0.002111719585089 -0.0063682145897588 0.0099804074558148 -0.0033669040043366 0.010669616095179 -0.002748210225226 0.0034120752963325
0.0010125777357314 -0.0039573721147321 0.00086642313700454 -0.0058554944499565 0.0012244819539457 -0.0033669040043366 0.018770621387496 -0.0027276454336502 0.0029011050587283 -0.0024584684691435
-0.0026623203777347 -2.8279914852215e-05 -0.0069706713781643 0.00070444757297708 -0.0031134668171961 0.010669616095179 -0.0027276454336502 0.015740004262837 0.0011305601563964 0.0067735352411818
0.00013173202926638 -0.0074313214864781 -0.001772130346554 -0.0027741121094206 0.0098303189182904 -0.002748210225226 0.0029011050587283 0.0011305601563964 0.020847619784253 -0.002281625459334
-0.0050547646952953 -0.0034054529226818 -0.0039077533110385 0.011528668671257 -0.0042794532410892 0.0034120752963325 -0.0024584684691435 0.0067735352411818 -0.002281625459334 0.030916844483678
