0.0027147618431523 -0.0008228374508176 0.00060102346495226 -0.0011433001764104 0.0010131766330233 -0.0016593925785896 0.0011717538018801 -0.0020870902389602 0.001109099880074 -0.002678588759204
-0.0008228374508176 0.0079033093663237 -0.0025810752723828 0.00076616287124182 -0.0020333966833397 0.0011740880540338 -0.0029294595781818 0.001193271392459 -0.0039584581593706 0.00039339001496441
0.00060102346495226 -0.0025810752723828 0.010631592814653 -0.0044912469140948 0.001394654715676 -0.0031188602682509 0.0016939702708783 -0.004123541441553 0.0012964267397949 -0.0066851107506666
-0.0011433001764104 0.00076616287124182 -0.0044912469140948 0.012217601687742 -0.0058678223132347 0.0023016655249693 -0.0038464522483777 0.0025370477854249 -0.0056708692474434 -0.00016943563396761
0.0010131766330233 -0.0020333966833397 0.0013946547156761 -0.0058678223132347 0.013003493819315 -0.0068395522377668 0.0026555754536197 -0.0054416587956649 0.00060783514353668 -0.00590673022681
-0.0016593925785896 0.0011740880540338 -0.0031188602682508 0.0023016655249693 -0.0068395522377668 0.014068381538735 -0.0081366428987576 0.0015890329776063 -0.0054410892815047 0.01090318184514
0.0011717538018801 -0.0029294595781818 0.0016939702708783 -0.0038464522483777 0.0026555754536197 -0.0081366428987577 0.012679518207167 -0.0081759248281647 0.0096449976287177 -3.3046591238493e-05
-0.0020870902389602 0.001193271392459 -0.004123541441553 0.0025370477854249 -0.0054416587956649 0.0015890329776063 -0.0081759248281647 0.022341918450287 -0.002236548472649 0.0018763260131309
0.001109099880074 -0.0039584581593706 0.0012964267397949 -0.0056708692474434 0.00060783514353668 -0.0054410892815047 0.0096449976287177 -0.0022365484726489 0.01522213470727 -0.0055193537124921
-0.002678588759204 0.00039339001496441 -0.0066851107506666 -0.00016943563396761 -0.00590673022681 0.01090318184514 -3.3046591238492e-05 0.0018763260131309 -0.0055193537124921 0.028100541770319
