0.014495371454562 0.0030315740039578 -0.0026365208870136 0.0020876309282048 -0.001723382457646 0.0014686272275791 -0.0012928452586778 0.001120351310294 -0.00080334328817298 0.0013663214009099
0.0030315740039578 0.014286285677028 -1.7209015164819e-05 -0.0011961702938809 0.0010120635825351 -0.00090183794255555 0.00070202234857993 -0.00043968430514323 0.0020288214101695 -0.0011437447095412
-0.0026365208870136 -1.7209015164821e-05 0.013438490564006 -0.001122338749979 -0.00088194248069173 0.00058596114134012 -0.0005088231778087 0.0022329713973271 0.00038912358643291 -0.0065832722081638
0.0020876309282048 -0.0011961702938809 -0.001122338749979 0.01261537550791 -0.0018950352559467 -0.00069737304672878 0.0019987668181096 0.0011650370325599 -0.0050225017647238 -0.0081441333500673
-0.001723382457646 0.0010120635825351 -0.00088194248069173 -0.0018950352559467 0.012128532977128 -0.0006700322940933 0.001005376659047 -0.0041368728095317 -0.0077647632225088 0.0051526451242321
0.0014686272275791 -0.00090183794255554 0.00058596114134011 -0.00069737304672878 -0.0006700322940933 0.013908984568772 -0.0061002796438497 -0.0082811720595772 0.0034923563384125 0.0047772059561982
-0.0012928452586778 0.00070202234857993 -0.0005088231778087 0.0019987668181096 0.001005376659047 -0.0061002796438497 0.0055703906519425 0.00071135662308056 0.0021817524252627 -0.0036029458141025
0.001120351310294 -0.00043968430514323 0.0022329713973271 0.0011650370325599 -0.0041368728095317 -0.0082811720595772 0.00071135662308056 0.017539243560051 -0.0055335810372325 0.00022460280217177
-0.00080334328817298 0.0020288214101695 0.00038912358643291 -0.0050225017647238 -0.0077647632225088 0.0034923563384125 0.0021817524252627 -0.0055335810372325 0.018935512997025 -0.00083925565885637
0.0013663214009099 -0.0011437447095412 -0.0065832722081638 -0.0081441333500673 0.0051526451242321 0.0047772059561982 -0.0036029458141025 0.00022460280217176 -0.00083925565885637 0.016713028349807
