0.0098798783667668 0.00038805830688706 -0.00076109164174698 0.00022829736815898 0.00013095559338899 -0.00041821202119954 0.00063154284273871 -0.00083650598315941 0.00089105430555856 -0.0014455339318682
0.00038805830688706 0.01069639566015 -0.0017582192866761 -8.5914422928982e-05 -0.00029659849168793 0.00046029114633293 -0.0006877797194705 0.00067253220223899 -0.001572547902297 0.0002207924282695
-0.00076109164174698 -0.0017582192866761 0.011493404785559 -0.0029469445387745 0.00034760830476893 -0.00078342531622744 0.00070390234067994 -0.0016866500788751 -0.00010216820045265 0.00092037604527738
0.00022829736815898 -8.5914422928984e-05 -0.0029469445387745 0.011871622463769 -0.0037707962386728 0.00058972584849094 -0.0018630779723266 -0.00013318066887507 3.0446400058117e-05 0.008762184141809
0.00013095559338899 -0.00029659849168792 0.00034760830476893 -0.0037707962386728 0.012011360636425 -0.0048960738431024 -0.00039136179647039 -0.00070704694065164 0.0077923421654702 0.0010900425965861
-0.00041821202119954 0.00046029114633293 -0.00078342531622744 0.00058972584849094 -0.0048960738431024 0.01116721560252 -0.0038269986328272 0.0065747246967475 0.00051756563800043 -0.0046273032840887
0.00063154284273871 -0.0006877797194705 0.00070390234067994 -0.0018630779723266 -0.00039136179647039 -0.0038269986328272 0.018541497807501 -0.0022024361697043 -0.0051570049884953 -0.0028634430285146
-0.00083650598315941 0.00067253220223899 -0.0016866500788751 -0.00013318066887507 -0.00070704694065164 0.0065747246967475 -0.0022024361697043 0.0086326109029824 -0.0048927614689921 0.0032674805314678
0.00089105430555856 -0.001572547902297 -0.00010216820045265 3.0446400058118e-05 0.0077923421654702 0.00051756563800043 -0.0051570049884953 -0.0048927614689921 0.019364140555983 -0.0087227848367365
-0.0014455339318682 0.00022079242826951 0.00092037604527738 0.008762184141809 0.0010900425965861 -0.0046273032840887 -0.0028634430285146 0.0032674805314678 -0.0087227848367365 0.020454376070782
