-0.0043657826980814 -0.0025171466587425 0.0032928545250753 -0.0032222976501788 0.003145965180113 -0.0031803584083475 0.0031390889184589 -0.0032676292446463 0.0031342709393945 -0.0035874033048582
-0.0025171466587425 -0.0064766690816683 -0.0012596002038996 0.0031386713541719 -0.00322169614417 0.0030797197667065 -0.0033150928262128 0.0030101532450255 -0.0037234712590098 0.0018231793266849
0.0032928545250753 -0.0012596002038996 -0.0072692789460872 -0.00091508908255892 0.0034343522355307 -0.0036379607332576 0.0033908757378148 -0.0040310059984395 0.0023698426814746 -0.0065117415990214
-0.0032222976501788 0.0031386713541719 -0.00091508908255892 -0.0073782578531898 -0.00082855894852868 0.0036900955834046 -0.0040916538417985 0.0027841760691238 -0.0065518189273791 0.0039941762726056
0.003145965180113 -0.00322169614417 0.0034343522355307 -0.00082855894852868 -0.0072148564594825 -0.0010674508681706 0.0032317684340697 -0.0062967125695754 0.0039017664414343 0.0024670370552945
-0.0031803584083475 0.0030797197667065 -0.0036379607332576 0.0036900955834046 -0.0010674508681706 -0.0078156988474939 -0.003266877289443 0.0042475048853694 0.0016205410083535 0.009275723225513
0.0031390889184589 -0.0033150928262128 0.0033908757378148 -0.0040916538417985 0.0032317684340697 -0.003266877289443 -0.007393953511488 0.0037638652359702 0.0095877612345103 -0.0086811644327225
-0.0032676292446463 0.0030101532450255 -0.0040310059984395 0.0027841760691238 -0.0062967125695754 0.0042475048853694 0.0037638652359702 -0.0034073061930959 -0.0065314647046931 0.0065762411244053
0.0031342709393945 -0.0037234712590098 0.0023698426814746 -0.0065518189273791 0.0039017664414343 0.0016205410083535 0.0095877612345103 -0.0065314647046931 -0.008453765630509 0.0009751343981128
-0.0035874033048582 0.0018231793266849 -0.0065117415990214 0.0039941762726056 0.0024670370552945 0.009275723225513 -0.0086811644327225 0.0065762411244053 0.0009751343981128 -0.014481219987132
