-0.01129027329863 -0.0022737062711292 0.0025289710632422 -0.0020409775895801 0.0017751951668446 -0.001574748590875 0.0014350720713206 -0.0013689541677988 0.0011448486461746 -0.00091090790095146
-0.0022737062711292 -0.011605288136396 0.00033470699253793 0.001509203870983 -0.0012033260131997 0.0011473912551678 -0.0011018034422637 0.00072080354115857 -0.00092934672204537 0.0035857072701523
0.0025289710632422 0.00033470699253793 -0.011425943980538 0.0013012270618487 0.0013007940695118 -0.0010331121841794 0.00072225930808293 -0.0012145804687193 0.0033736357248902 0.0038165859972784
-0.0020409775895801 0.001509203870983 0.0013012270618487 -0.011074066286935 0.0017722782597541 0.00093113126029086 -0.0011758229540753 0.0029684439372203 0.0039496330577437 -0.0013985621582713
0.0017751951668446 -0.0012033260131997 0.0013007940695118 0.0017722782597541 -0.011093625032156 0.0016456148620862 0.003094025255066 0.0039718809609968 -0.00026390455541338 -0.0099341495561325
-0.001574748590875 0.0011473912551678 -0.0010331121841794 0.00093113126029086 0.0016456148620862 -0.0091111291636752 0.006529200456817 0.0010769467811866 -0.0082994318705427 0.0010499330968187
0.0014350720713206 -0.0011018034422637 0.00072225930808293 -0.0011758229540753 0.003094025255066 0.006529200456817 -0.011619061214858 -0.0052339549102125 0.0026295706202228 0.0029148706996158
-0.0013689541677988 0.00072080354115857 -0.0012145804687193 0.0029684439372203 0.0039718809609968 0.0010769467811866 -0.0052339549102125 -0.011846889477582 0.0048302378880336 -0.00078271691480938
0.0011448486461746 -0.00092934672204537 0.0033736357248902 0.0039496330577437 -0.00026390455541338 -0.0082994318705427 0.0026295706202228 0.0048302378880336 -0.018039881024325 0.0035815848609569
-0.00091090790095146 0.0035857072701523 0.0038165859972784 -0.0013985621582713 -0.0099341495561325 0.0010499330968187 0.0029148706996158 -0.00078271691480938 0.0035815848609569 -0.015485344778749
