0.0026891471085963 -0.00078456710690668 0.00076268259486324 -0.00103924392521 0.0012167342201258 -0.0014456533152432 0.00148743023932 -0.0017011744384715 0.0016680717000148 -0.0018912023008789
-0.00078456710690668 0.0079054779684192 -0.002282233649694 0.0012864169510567 -0.0016236548639035 0.0017805838269715 -0.0022235513335486 0.00216304161143 -0.0026439894716136 0.0024412748791296
0.00076268259486324 -0.002282233649694 0.010580741557545 -0.0040530190830028 0.0022230035957366 -0.0025720685936018 0.00260912445342 -0.003111193416076 0.0029654262268964 -0.003544657881792
-0.00103924392521 0.0012864169510567 -0.0040530190830028 0.01181860346077 -0.0054292988756547 0.0031222000169976 -0.0033762277722132 0.0033765142438337 -0.0037916081539743 0.0037012513377732
0.0012167342201258 -0.0016236548639035 0.0022230035957366 -0.0054292988756547 0.012317947084138 -0.0064821807678943 0.003895317280592 -0.0041332458481887 0.0040074237049209 -0.0044377456791213
-0.0014456533152432 0.0017805838269715 -0.0025720685936018 0.0031222000169976 -0.0064821807678943 0.012509026193637 -0.0072723650057511 0.0047016967064872 -0.0048078367392989 0.0047103014375876
0.00148743023932 -0.0022235513335486 0.00260912445342 -0.0033762277722132 0.003895317280592 -0.0072723650057511 0.012423788492517 -0.007884025440877 0.0053286912631145 -0.0054486132271767
-0.0017011744384715 0.00216304161143 -0.003111193416076 0.0033765142438337 -0.0041332458481887 0.0047016967064872 -0.007884025440877 0.012379733358159 -0.0083522583763958 0.006033593728306
0.0016680717000148 -0.0026439894716136 0.0029654262268964 -0.0037916081539743 0.0040074237049209 -0.0048078367392989 0.0053286912631145 -0.0083522583763958 0.012180625039121 -0.0087358666906137
-0.0018912023008789 0.0024412748791296 -0.003544657881792 0.0037012513377732 -0.0044377456791213 0.0047103014375876 -0.0054486132271767 0.006033593728306 -0.0087358666906137 0.012162353779036
