0.0096383172703343 0.00023063014432091 -0.00060259606813351 0.00014528376033732 0.00019172207389318 -0.0004557799604139 0.00067106639262975 -0.0008471377850182 0.00099774243135097 -0.0011278553773032
0.00023063014432091 0.010161281659438 -0.0018278147213275 0.00014906417496556 -0.00037121776423247 0.00054163194373864 -0.00069460764506724 0.00083461156485237 -0.00095068652561646 0.0010583762059829
-0.00060259606813351 -0.0018278147213275 0.010686120838875 -0.0029903338174875 0.00074055932936638 -0.00084438923051486 0.00092691873042776 -0.001037551592332 0.0011534445396899 -0.0012514727074349
0.00014528376033732 0.00014906417496556 -0.0029903338174875 0.010699988377199 -0.0037910500295306 0.0012963838456876 -0.0013008703387618 0.0013058870156416 -0.0013807094460059 0.0014697779715683
0.00019172207389318 -0.00037121776423247 0.00074055932936638 -0.0037910500295306 0.010409988347481 -0.0043423630181041 0.0018064230247482 -0.0017317065656491 0.0016691006049545 -0.0017131377278665
-0.0004557799604139 0.00054163194373864 -0.00084438923051486 0.0012963838456876 -0.0043423630181041 0.0099918102538383 -0.0047227890825637 0.0022601122434746 -0.0021269259473274 0.0020110209429026
0.00067106639262975 -0.00069460764506724 0.00092691873042776 -0.0013008703387618 0.0018064230247482 -0.0047227890825637 0.0095417880757077 -0.0049832862048405 0.0026564676470702 -0.0024834935818281
-0.0008471377850182 0.00083461156485237 -0.001037551592332 0.0013058870156416 -0.0017317065656491 0.0022601122434746 -0.0049832862048404 0.0091098847184526 -0.0051619413052734 0.0029997409960011
0.00099774243135097 -0.00095068652561646 0.0011534445396899 -0.0013807094460059 0.0016691006049545 -0.0021269259473274 0.0026564676470702 -0.0051619413052734 0.0087173047697553 -0.0052855495126016
-0.0011278553773032 0.0010583762059829 -0.0012514727074349 0.0014697779715683 -0.0017131377278665 0.0020110209429026 -0.0024834935818281 0.0029997409960011 -0.0052855495126016 0.0083724878111695
