0.001485521078662 -0.000141999201535 0.00011376341498884 -0.00072966971765404 0.00032222531823103 -0.00084772935057051 0.00061994377285562 -0.00063229544795503 0.0011756285204358 0.00027925107781734
-0.00012939640836163 0.0037802148329471 -0.00058572985060638 -0.00048469546688688 -0.00093703310904182 -0.00015274534904483 -0.0006247413279219 0.00077111426355025 0.00079173400639769 0.0038555911530769
0.00022351480934925 -0.00050136173468391 0.0041712458297593 -0.0012320280477877 -0.00025525694033203 -0.0010996670109138 0.00042170867605819 -1.1592893523603e-05 0.0029560578042894 0.0026366692269442
-0.00067775660463992 -0.00028093697634391 -0.0010594330860968 0.0042562776024963 -0.0014446144429039 0.00058949580153367 -0.00078162964565546 0.0019043163331444 0.00057661053496078 -0.0008886617951751
0.00043062700669337 -0.00080619604705822 -0.00013999206234677 -0.001460401717342 0.0036525062009696 -0.0015573515682467 0.0013685209239388 -0.00020820735897923 -0.00018109961272369 -0.0039476129561173
-0.00093731263012282 -0.00015213668686882 -0.0011184099711082 0.00059281835380583 -0.001690406876464 0.0033048182598293 -0.0017926749397298 0.00070576070795922 -0.0036402825067231 0.00073889679594796
0.00045489624852226 -0.0011180504269754 -0.00015119999477669 -0.0013819271241301 0.00037810357589573 -0.0020635985433189 0.001796310642514 -0.0031487482656802 0.001399981377445 -0.0012056999947689
-0.0012179350596294 -0.00041398683368229 -0.0017980462381162 -0.00012762968843367 -0.0017903306745858 0.0024751909622922 -0.0019372010940321 4.9767850260678e-05 -0.0042561694010338 0.00063584678376598
0.00023709225019765 -0.0021716831965808 -0.0018239493289222 -0.0023733658742415 0.0022179490795237 0.0012061317403429 0.0015943884088178 -0.0033065865358968 -0.0033315778688961 -0.0048149775273436
-0.0020514311954795 -0.0028294820101684 -0.0039463595523772 0.0031680840313284 0.0022447805964362 0.0019949437646665 -0.0016397194837389 0.0028429083260096 -0.0061293114259872 -0.0077342328866506
