0.0048717201306126 0.00088929377153454 -0.00058917408389806 0.00047031666614931 -0.00038380582809978 0.00033751177153398 -0.00029781326343216 7.2341783471323e-05 -0.00023900123969209 0.0016952462958422
0.000888369381463 0.0043715870262052 0.00020304142311709 -0.00013576626044196 0.00019728135855875 -0.00014662743617577 -0.00011293536890791 -0.00064506505344485 0.0019709341318296 0.0022633222513755
-0.00058800413405 0.00020345646397873 0.0037473249049807 -5.0219773131102e-05 0.00011393462664932 -7.6588175666886e-05 -0.00064856456937303 0.0011363660088838 0.0029105527008854 -0.0022794695527768
0.00046955303108842 -0.00013823938134349 -6.1164323575259e-05 0.0029514103350254 -0.00028503519665982 2.7982048406187e-05 0.00052164473511202 0.0021590486391756 -0.00069917300581323 -0.0026205879082404
-0.00038634171949506 0.00017068579024492 8.373743806951e-05 -0.00016793785661613 0.0020238427530827 -0.0002132616240941 0.0018001396223686 -0.00016060393163646 -0.0013262801492636 9.4401500531458e-05
0.00032042632916963 -0.00017085275548787 0.00027255122748798 0.00070407289822727 -0.00047747906255936 0.00093565750304844 -0.00045459435509671 0.00059644642806441 0.00012458431972577 -0.0008897848490703
-0.00028154265663644 0.00041209160166296 0.00049865653963745 -0.00042441297534448 -0.00037716449523056 -0.00039948239461721 -0.00038149925796948 -0.00041982756128647 0.0014182191525072 -0.00016770359649214
0.00044637199123255 0.00036333406941278 -0.00095431423509814 -0.002174559928943 0.00020853472403197 0.0017850923697335 -0.00051650692841868 -0.0020193944603892 -0.00051066146794972 0.0027160979715621
-0.00023127184052589 -0.001702811403952 -0.0030999668459885 0.00078689692157947 0.0014113003341091 -0.00010297958388366 0.0023191906766154 -0.00043128861322375 -0.0040604626922022 -6.2171964563274e-05
-0.0012640438190493 -0.0025191777757594 0.0024693347779137 0.002493114969984 -9.4019439359683e-05 0.0010198915397676 7.0078385784532e-05 0.0028835121455411 9.7615775375898e-05 -0.0054452938244765
