-0.0046928639457443 -0.00078952706951118 0.00048478439243342 -0.00035530516520035 0.00026173327191533 -0.00019502728233437 0.00018752331828057 -9.3821757454146e-05 -0.00037682541740071 -0.00070919868299767
-0.00078700391924217 -0.0045037963783148 -0.00017639261172523 0.00010193467896033 -0.00012516494797376 0.00013241924528151 3.2861845773495e-05 -0.00040972684988232 -0.0018712142892627 0.001467689393328
0.00048059987169463 -0.0001756818755021 -0.0040348056284477 0.00010728599920445 -0.00010814501843524 5.4140378822773e-05 -0.00027885782112214 -0.0016420775422917 -4.2652099696983e-05 0.0051444254243617
-0.00035005970621671 0.00010138602354014 0.00010634570808831 -0.0033092169674875 0.0003513514754113 -0.00051700286460316 -0.0010186873795326 -0.00049581700709502 0.0032257100151352 0.001467913355328
0.0002568368161729 -0.00012775679595871 -0.00015950424331754 0.00028206867094142 -0.0023994172152991 0.00014808336149534 -0.0010127129104743 0.0017311319771013 0.00083595582580096 -0.00039979129880924
-0.00019675103398502 4.1757963034997e-05 -0.00013211215152068 -0.00027673962392524 0.00084219234979338 -0.0012899077691014 0.0011979269954669 -0.00070307091385711 -0.000244789124215 0.00061453166831301
0.0001144167009316 -0.00017943892036379 0.00026013452175624 0.0010398451391707 -0.00044900866945336 0.00012058138074827 8.9069936203877e-05 0.00074873948322136 -0.0014451004722049 -0.00036126881458127
-0.00013810279130619 0.00052229202494728 0.0016199461457779 0.00029597537305456 -0.0016939477541504 -0.0016980181798244 0.000882859396988 0.0018598686658572 0.00087825583931377 -0.0028709574037917
0.00055272497161707 0.0017844000145241 5.0522104455347e-05 -0.0031420178714985 -0.0012085303999518 0.00020222474136174 -0.0023397638718754 0.0010333564915016 0.0041260745176063 0.0010571601597195
0.0005818894593248 -0.0013936548625833 -0.0051334126456883 -0.0015426925486281 0.00057845667954692 -0.0011285582428868 0.00017006755485761 -0.0030173557873254 0.0010250630733836 0.0077245914092179
