0.0040595137936834 0.00080850671509887 -0.00050045379485732 0.00036291722824253 -0.00027274194232934 0.00020394514575092 -0.00015737642769826 0.00022559458178231 8.3597893576407e-05 -0.00080229067958698
0.00080900726149482 0.0044501322457506 0.00025225420417744 -0.00018308671887311 0.00016788650668936 -0.00013386233562414 0.00020626827770877 0.00028332848956609 -0.00039498289727136 -0.0042228464706687
-0.00050024854957299 0.00025130724617785 0.0041796413029892 -5.943779178114e-05 3.9292099021825e-05 0.00012153236530247 0.00025509620251791 -0.00015570573478631 -0.0031611228236193 -0.0033375886609276
0.00036141746885484 -0.0001841001722438 -6.1756604158032e-05 0.0035441922757452 -0.00030968810161691 0.00041336435608215 -9.1114679240895e-05 -0.0019595777471163 -0.0026786396808197 0.0020274549841779
-0.0002728294380952 0.00016340803570072 2.855135493022e-05 -0.0003628014424889 0.0026378566498746 -0.00062384583991662 -0.00044812785958493 -0.0016812145473805 0.0011631042574288 0.00079429844826261
0.00020322771861745 -0.00014822707582578 -3.0774244988527e-05 8.6747394449394e-05 -0.00060957569407497 0.0014810406044654 -0.0014463093909986 0.0013342327159563 0.00038564736448924 -0.00023967342317933
-0.0001766135944045 -2.3647806562582e-05 -0.00036113123743771 -5.530180022453e-06 0.0014720832316463 -0.00038621348194305 1.2911773314354e-05 -0.0011203495933373 0.0012211889755007 0.00071503880610638
2.2885014973023e-05 -0.0004987190779836 0.00013998822725777 0.0020128749964244 0.0014917115912674 0.00044908711545654 -0.0013755553196696 -0.001893109071348 -0.0014166793010884 0.0023870952533167
-0.00030301221361485 0.00048147810221451 0.0030255339087356 0.0024912080929919 -0.00091880818762427 -0.00049029286147038 0.0017988850043301 -0.0017614388954286 -0.0043900490829962 -0.0018987012212218
0.00094588468188153 0.0040364267589909 0.003235073817425 -0.0020967705834751 -0.0010923379831231 0.00076584670483011 -0.00041217341881312 0.0027912006402411 -0.0018427560743827 -0.0075131238199907
