0.0026680392206985 -0.00096984348032696 0.00065828793200589 -0.0020970452349113 0.0014209256955494 -0.0016230104738257 0.00363924376247 0.0016875617199177 0.0033047888236018 -0.012496034036912
-0.00085567061772509 0.0064448777210248 -0.0031682009252979 0.00098703421068436 -0.0031532217087348 0.0036692630858727 0.0010065133313425 0.0077854343399573 -0.006948919729427 -0.0068165839889859
0.00087692924579431 -0.0029552227047869 0.0070801845551356 -0.0044647465071809 0.0030262348828012 -0.0018967078797234 0.0060300266508389 -0.006131348432455 8.7235619623753e-05 -0.00080198773891977
-0.0020134283084604 0.0013287701425319 -0.0043053846557159 0.0076996193500377 -0.004784724842213 0.0048891454582097 -0.007685162502324 -0.00013563382213757 -0.0018767554443349 0.012035717136587
0.001154239737945 -0.0037048210593048 0.0021386367677618 -0.0054697498402073 0.0063177873885211 -0.0073069647301984 0.0029803878050543 -0.0033349945906881 0.0071888528567432 -0.0045086885770484
-0.0028929507990124 0.00089501341236231 -0.0056379949435098 0.0046131645146301 -0.0055782523605108 0.0040160197508966 -0.010441384347718 0.0045169901100321 -0.0043669961067878 0.018894427193755
3.3588866091749e-05 -0.0072855284732741 0.001396019569167 -0.00087857286606705 0.0071920985912896 -0.0084387976676946 -0.0021364027510532 -0.011443101091842 0.013321997066868 0.0072240614911139
-0.0059996446295362 -0.001252450042678 -0.0011456200003695 0.010026605891654 -0.0065416035925531 0.0075612377057538 -0.01409756508731 -0.0072617993728539 -0.0074011415200238 0.040675612281349
0.0012239831830209 0.00019153454691792 0.0075502107934425 -0.0082927412502851 0.0039634358674938 -0.0031864838511033 0.012077379907467 -0.0033860472308098 -0.0012823240801309 -0.01215364204615
0.0080305337993757 0.012997947865862 -0.0090524650793274 -0.0028904228591518 -0.0035253297411733 0.0041094277123494 0.011262137406358 0.030501445937225 -0.0054047556761593 -0.062856923212744
