0.006637094401108 0.0001408279425507 0.00046938513562443 -0.00077247423898686 0.0011105758434353 -0.0011712692071881 -0.00028558109897607 -0.0036886092773343 0.0072729247279417 0.0022338741743806
0.00012861988985862 0.0068144311112933 -0.001028185423744 0.0012003860651935 -0.00094155388635365 -2.6686655249205e-06 -0.0061827187567106 0.0012039045967738 0.009837622991295 0.0038957712594919
0.00048961546836769 -0.0010460468954112 0.006035762854754 -0.0018466320745898 0.0012549831145066 -0.0046110152427874 -0.0002120040065486 0.0030757241661911 0.0040664775760214 -0.0015953528142201
-0.00082791240344749 0.001035668101089 -0.0020376157930229 0.0046405825336157 -0.003802675402776 0.0014730768637442 0.00025839453094425 0.0025489699503985 -0.0025422955320737 0.0048350463284295
0.00093619905856637 -0.0014079512711137 0.0023030361814372 -0.0018164453830115 0.0026790319749166 -0.0030753674996981 0.0039438694159598 -0.0021980733292316 0.0038208826299876 -0.0024121160730785
-0.0013172012924048 0.0023892777185006 0.0013948779823105 0.0036787645339318 -0.0042474544091284 1.4138172890469e-05 -0.0045867785164554 0.0069335449301005 -0.00025002076352998 0.0050844617154448
0.0029748256127095 0.003250587218856 0.0032617597961558 -0.0039358342109266 0.0037489665108735 -0.0040862917178168 -0.002928128202809 -0.0026364235815574 0.013400620004772 -0.0020595050287057
0.00059692068419511 0.0014327382206927 -0.0068996151174593 0.001253117056275 -0.0010878848426475 0.0063150937627624 -0.0018390910488574 -0.003108093415293 -0.0042800344345605 0.0025958992124011
-0.0041067527675945 -0.013219628543843 -0.00094646572573737 -0.0018981023239801 0.0015686727796419 0.0015638854818234 0.01371953228044 -0.0040080645104704 -0.024014025277468 -0.010407289532043
-0.0057708983675503 -0.0010201043557413 -0.0026446336280886 -0.00081541784211713 -0.00038340339568733 0.0048206372468487 -0.0016890231042576 0.0027208059263379 -0.011290160052758 -0.0023802581637697
