0.0056497737927629 0.0012648417152661 -0.00084254535107365 0.00069060118260279 -0.00076931311341474 0.00087475889125116 0.00074903561801416 -0.0020052955581477 -0.0021489855983875 0.0067612457736415
0.0012639877758714 0.0050493509405854 6.4519059768871e-05 -0.0002123659071202 0.00021881953336004 0.0017925102453142 0.00071640362512562 -0.0069104247923704 0.00070200084847338 0.0084814956026419
-0.00084825100587485 8.1361657486299e-05 0.0037710245558131 -0.00042333786002365 0.0015490480818419 0.0014699410130479 -0.0035040702709722 -0.0024561910922568 0.0019100839191831 0.00066704534951581
0.00073489505594252 0.00015463237461636 -0.00027697841191445 0.0022631418813741 -4.652615107156e-05 -6.208993464795e-05 -0.001437831793515 0.00029775382511258 -0.0010124098501326 0.0016721635433136
-0.00043507420729647 0.0002851629176125 -0.00054446000627714 -0.0011442556255083 0.00048082734690326 -0.0011688197193596 0.0023323844283016 -0.00077054533188152 0.00065329621821435 -0.00038009349632894
0.00018316059110754 -0.0022579857370479 -0.0012224333672679 0.0024339130551841 -0.00027943673955884 -0.0016175409864874 -0.00062219299084148 0.004041801281488 -0.0016687461946924 -0.0024723147301088
-0.001699864313313 -0.00027876605251919 0.0032093305402916 0.0014798414845179 0.0020951410862724 3.9488138177218e-06 -0.0037460368267131 -0.0016728455587313 0.0016275456899996 2.7539193865578e-06
0.0028668673347081 0.0064666786589497 0.0026894531208416 -0.00050373557384234 0.0010740173867677 0.0037437888341899 -0.0015937596893612 -0.010603709197246 0.0014773463210779 0.013072479531476
0.0013538377713185 -0.00030802185485174 -0.0021920912730396 0.0015029723886126 -0.00047555124149475 -0.0015700364636268 0.0016638231591499 0.0013479180803123 -0.0015529851237815 0.00039040588952032
-0.0060329715601506 -0.0088813842401093 -0.00023954604752621 -0.0015324789548329 -0.00079708935703859 -0.0027307650782124 -0.00066215165714726 0.013217275506848 0.00019410956754706 -0.01903182691451
