0.0059945934896139 0.00022077410112236 0.0003342417044839 -0.00064044759193685 0.00086581280207527 -0.0010417087558722 0.0011848567945041 -0.0013068106079342 0.0014138944973697 -0.0015096751509077
0.00022077410112236 0.0066591760285699 -0.00070234467734093 0.00083271634026835 -0.00094135623529851 0.001056375565272 -0.0011609813130818 0.0012509283067584 -0.0013317561455749 0.0014058363046175
0.0003342417044839 -0.00070234467734093 0.0066346253561743 -0.0013389319731264 0.0012889840981609 -0.0013182082738671 0.0013929044212078 -0.0014766785409914 0.0015533656520888 -0.0016260265175203
-0.00064044759193685 0.00083271634026835 -0.0013389319731264 0.0062979080058011 -0.0018487236193525 0.0016822124942848 -0.0016581663864216 0.0017047436193995 -0.0017732554106513 0.0018391107223641
0.00086581280207527 -0.00094135623529851 0.0012889840981609 -0.0018487236193525 0.0058853413329033 -0.0022541371350755 0.0020247975659858 -0.0019665768119851 0.001992123546192 -0.0020492781019292
-0.0010417087558722 0.001056375565272 -0.0013182082738671 0.0016822124942848 -0.0022541371350755 0.0055089454448176 -0.0025799659697737 0.002324246997473 -0.0022470616259612 0.0022572997781471
0.0011848567945041 -0.0011609813130818 0.0013929044212078 -0.0016581663864216 0.0020247975659858 -0.0025799659697737 0.0052063824865348 -0.0028463006413143 0.0025877979628002 -0.0025033570806095
-0.0013068106079342 0.0012509283067584 -0.0014766785409914 0.0017047436193995 -0.0019665768119851 0.002324246997473 -0.0028463006413143 0.0049828986491027 -0.003070107343891 0.0028221277839968
0.0014138944973697 -0.0013317561455749 0.0015533656520888 -0.0017732554106513 0.001992123546192 -0.0022470616259612 0.0025877979628002 -0.003070107343891 0.004829819465719 -0.0032645789202049
-0.0015096751509077 0.0014058363046175 -0.0016260265175203 0.0018391107223641 -0.0020492781019292 0.0022572997781471 -0.0025033570806095 0.0028221277839968 -0.0032645789202049 0.0047347840176424
