0.0022996365805239 -0.00044439827368998 0.00097199059312659 -0.0012893349013897 0.0014057936776342 -0.0016189485838998 0.0016320943423183 -0.0018295105508315 0.0017797942728883 -0.001992674388141
-0.00044439827368998 0.0066747689746784 -0.0014367900071823 0.0017024342792962 -0.0021525545049033 0.0021580877996592 -0.0025896631148671 0.0024647365100985 -0.0029231219575762 0.0026823094444565
0.00097199059312659 -0.0014367900071823 0.0081081402045153 -0.0026784597811903 0.0026582521979399 -0.0031144041399777 0.0030086480689921 -0.0035194611263326 0.0033012997809726 -0.0038649947793547
-0.0012893349013897 0.0017024342792961 -0.0026784597811903 0.0084947484341107 -0.0036608698827599 0.0034830206579999 -0.003845167208393 0.0037436597221406 -0.0041879132577924 0.0040290156622271
0.0014057936776342 -0.0021525545049033 0.0026582521979399 -0.0036608698827599 0.0084637432338822 -0.0044683612450979 0.0041369685498715 -0.0044870400205405 0.0043148316385903 -0.0047907242875045
-0.0016189485838998 0.0021580877996592 -0.0031144041399777 0.0034830206579998 -0.0044683612450979 0.0083937534480655 -0.0051265025040812 0.0048072507049747 -0.0050317982099926 0.0049463057428279
0.0016320943423183 -0.0025896631148671 0.0030086480689921 -0.003845167208393 0.0041369685498715 -0.0051265025040812 0.0082419800478351 -0.0056853898836937 0.005300765068247 -0.0055471652423458
-0.0018295105508315 0.0024647365100985 -0.0035194611263326 0.0037436597221406 -0.0044870400205405 0.0048072507049747 -0.0056853898836937 0.0082611735214224 -0.0061564845979196 0.0058846672062575
0.0017797942728883 -0.0029231219575762 0.0033012997809726 -0.0041879132577924 0.0043148316385903 -0.0050317982099926 0.005300765068247 -0.0061564845979196 0.008204817527151 -0.0065803528332902
-0.001992674388141 0.0026823094444565 -0.0038649947793547 0.0040290156622271 -0.0047907242875045 0.0049463057428279 -0.0055471652423458 0.0058846672062575 -0.0065803528332902 0.0083748444823671
