-0.002261850604732 -0.0027958545764267 0.0025947539550157 -0.0026055306596323 0.0026642794780519 -0.0027388684772389 0.0028181021917522 -0.0028978369965943 0.0029749108077378 -0.003049095136505
-0.0027958545764267 -0.0039323469281961 -0.002361556395079 0.0024506374494596 -0.0025617134247582 0.002663651281948 -0.0027602138928596 0.0028508606566853 -0.0029377457415308 0.0030193015491078
0.0025947539550157 -0.002361556395079 -0.0034345584156064 -0.0024959268995654 0.0027516658519479 -0.0029356543269767 0.0030804822812036 -0.0032064880592084 0.0033196641449546 -0.0034252164112933
-0.0026055306596323 0.0024506374494596 -0.0024959268995654 -0.0024566722906355 -0.0026798090401027 0.0030492636769913 -0.0032841864954304 0.0034585748667417 -0.0036054693685215 0.0037343500898122
0.0026642794780519 -0.0025617134247582 0.0027516658519479 -0.0026798090401027 -0.0013580710330191 -0.0029219527520826 0.003351498508944 -0.0036173740809279 0.0038112796625235 -0.0039723633027099
-0.0027388684772389 0.002663651281948 -0.0029356543269767 0.0030492636769913 -0.0029219527520826 -0.00029593046521481 -0.003208974681663 0.0036599982273479 -0.0039415445241257 0.0041472560587457
0.0028181021917522 -0.0027602138928596 0.0030804822812036 -0.0032841864954304 0.003351498508944 -0.003208974681663 0.0006696690138064 -0.0035277529791883 0.0039748954192098 -0.0042607946223471
-0.0028978369965943 0.0028508606566853 -0.0032064880592084 0.0034585748667417 -0.0036173740809279 0.0036599982273479 -0.0035277529791883 0.0015255874190947 -0.0038661228720303 0.0042945192441166
0.0029749108077378 -0.0029377457415308 0.0033196641449546 -0.0036054693685215 0.0038112796625235 -0.0039415445241257 0.0039748954192098 -0.0038661228720303 0.0022797804482163 -0.0042135636850989
-0.003049095136505 0.0030193015491078 -0.0034252164112933 0.0037343500898122 -0.0039723633027099 0.0041472560587457 -0.0042607946223471 0.0042945192441166 -0.0042135636850989 0.0029476983860583
