0.0026915803041774 -0.00080361252450948 0.00070010905189738 -0.0010925439497706 0.0011319986724748 -0.001539518898994 0.0013615031144151 -0.0018453531726654 0.0014787730809645 -0.0021135496311778
-0.00080361252450948 0.0078597005367755 -0.0024167594855687 0.0010744752933735 -0.0018235500702893 0.0015244012870909 -0.0025210001998324 0.0017968811592972 -0.0030857110215805 0.0018882478463071
0.00070010905189738 -0.0024167594855687 0.010503699305443 -0.0042495089314809 0.001881944949171 -0.0028332767336521 0.0022331741749563 -0.0035007657199307 0.0024422872575771 -0.004142117649504
-0.0010925439497706 0.0010744752933735 -0.0042495089314809 0.011832743945876 -0.0056283056942632 0.00279055994905 -0.0036119524407861 0.0030869231313254 -0.00413152561268 0.003286315515401
0.0011319986724748 -0.0018235500702893 0.001881944949171 -0.0056283056942632 0.012376458419279 -0.0066616015715457 0.0034302535819953 -0.0043649531031276 0.0036116767748088 -0.0048092722651797
-0.001539518898994 0.0015244012870909 -0.0028332767336521 0.00279055994905 -0.0066616015715457 0.012858566100396 -0.0073723063916267 0.0043344114900503 -0.0049198419167485 0.0045304996331328
0.0013615031144151 -0.0025210001998324 0.0022331741749563 -0.0036119524407861 0.0034302535819953 -0.0073723063916266 0.012930395246705 -0.0078744900672929 0.0047591669452491 -0.0057431992818372
-0.0018453531726654 0.0017968811592972 -0.0035007657199307 0.0030869231313254 -0.0043649531031276 0.0043344114900503 -0.0078744900672929 0.01344977153164 -0.0083707993566828 0.0047674302639362
0.0014787730809645 -0.0030857110215805 0.0024422872575771 -0.00413152561268 0.0036116767748088 -0.0049198419167485 0.0047591669452491 -0.0083707993566828 0.012743160204015 -0.0096928047411131
-0.0021135496311778 0.0018882478463071 -0.004142117649504 0.003286315515401 -0.0048092722651797 0.0045304996331328 -0.0057431992818372 0.0047674302639362 -0.0096928047411131 0.01517876980281
