0.014180620515657 0.0028339062137693 -0.0024768407660005 0.0019988499803787 -0.0016646257668859 0.0014321738608453 -0.0012598590546926 0.0011254382838693 -0.0010180023677098 0.00092890714487035
0.0028339062137693 0.013648993785742 -0.00012147736964889 -0.00098628938520578 0.00093494004400521 -0.00082982192095865 0.00074373478554385 -0.00067781518189208 0.00061926737565695 -0.0005845592958509
-0.0024768407660005 -0.0001214773696489 0.012561694042379 -0.0011887634649655 -0.00052519101843241 0.00060349022150157 -0.00059643761320142 0.00055820257380511 -0.00054375307242175 0.00043221946842727
0.0019988499803787 -0.00098628938520578 -0.0011887634649655 0.011433599456944 -0.001823608718884 -0.00023750501076047 0.00034007530956611 -0.0004259764307915 0.00033989632229334 -0.00051644966193567
-0.0016646257668859 0.00093494004400521 -0.0005251910184324 -0.001823608718884 0.010419043810891 -0.002195216548397 -8.2365561994782e-05 4.6362594780098e-05 -0.00038996335531487 0.0006145640280491
0.0014321738608453 -0.00082982192095865 0.00060349022150157 -0.00023750501076046 -0.002195216548397 0.0095945744951271 -0.0024524877262107 -0.00015894641094739 0.00016288999103389 0.0014835656280078
-0.0012598590546926 0.00074373478554385 -0.00059643761320142 0.00034007530956611 -8.2365561994782e-05 -0.0024524877262107 0.0088852911943619 -0.002248341758724 0.0014043415190509 0.0011148172704534
0.0011254382838693 -0.00067781518189208 0.00055820257380511 -0.0004259764307915 4.6362594780096e-05 -0.00015894641094739 -0.002248341758724 0.010151860970218 -0.0010341576621059 -0.0028778917710498
-0.0010180023677098 0.00061926737565695 -0.00054375307242175 0.00033989632229334 -0.00038996335531487 0.00016288999103389 0.0014043415190509 -0.0010341576621059 0.006200717029856 -0.0065397118689274
0.00092890714487035 -0.0005845592958509 0.00043221946842727 -0.00051644966193567 0.0006145640280491 0.0014835656280078 0.0011148172704534 -0.0028778917710498 -0.0065397118689274 0.010401239459992
