0.0096863160876995 0.00027743771369649 -0.0006430725144255 0.00016316495932314 0.00017888372858087 -0.00044633378841135 0.00065904337769572 -0.00083617305361376 0.0009837700045241 -0.0011201974933389
0.00027743771369649 0.010295793207339 -0.0017980123762734 8.1806845262907e-05 -0.00035251530345782 0.00052117284726376 -0.00068872078143719 0.00081989891578429 -0.0009488315893756 0.0010288432143859
-0.00064307251442551 -0.0017980123762734 0.01089432995821 -0.002958437691352 0.00062182404272436 -0.00082576644252006 0.00089573376133998 -0.001039399619961 0.0011213078087349 -0.0012662709905291
0.00016316495932313 8.1806845262908e-05 -0.002958437691352 0.011008944511804 -0.0037552125623088 0.0011096197071256 -0.0012870215773074 0.0012520392845176 -0.0013967305597654 0.0013796905230002
0.00017888372858087 -0.00035251530345782 0.00062182404272436 -0.0037552125623088 0.010866251477091 -0.0042988856586457 0.0015188891627182 -0.0017270916303039 0.0015575958167596 -0.0019785482456718
-0.00044633378841135 0.00052117284726376 -0.00082576644252006 0.0011096197071256 -0.0042988856586457 0.010647007301179 -0.0046636845472829 0.0018116147183131 -0.0023459342537281 0.0011823782518731
0.00065904337769572 -0.00068872078143719 0.00089573376133998 -0.0012870215773074 0.0015188891627182 -0.0046636845472829 0.010448883656726 -0.0050933192035453 0.0013885660368302 -0.003277367292304
-0.00083617305361377 0.00081989891578429 -0.001039399619961 0.0012520392845176 -0.0017270916303039 0.0018116147183131 -0.0050933192035453 0.0097745998562556 -0.0057789245880578 0.0034444298251488
0.0009837700045241 -0.0009488315893756 0.0011213078087349 -0.0013967305597654 0.0015575958167596 -0.0023459342537281 0.0013885660368302 -0.0057789245880578 0.011782928570292 -0.0014486346514929
-0.0011201974933389 0.0010288432143859 -0.0012662709905291 0.0013796905230002 -0.0019785482456718 0.0011823782518731 -0.003277367292304 0.0034444298251488 -0.0014486346514929 0.011806620654232
